X-data:	#	
Y-data:	Qubit Simulator - Polarization - Z	
First row is x-data, the following rows are y-data
1.000000000e+00
9.385465980e-01
9.540449381e-01
9.661783576e-01
9.753334522e-01
9.819067717e-01
9.862937927e-01
9.888801575e-01
9.900324345e-01
9.900909662e-01
9.893637300e-01
9.881216884e-01
9.865957499e-01
9.849750996e-01
9.834070206e-01
9.819983840e-01
9.808180332e-01
9.799003601e-01
9.792499542e-01
9.788464308e-01
9.786504507e-01
9.786090851e-01
9.786615968e-01
9.787449241e-01
9.787985086e-01
9.787686467e-01
9.786119461e-01
9.782979488e-01
9.778108001e-01
9.771499634e-01
9.763299227e-01
9.753789902e-01
9.743377566e-01
9.732559919e-01
9.721902013e-01
9.711997509e-01
9.703435898e-01
9.696766138e-01
9.692465067e-01
9.690908194e-01
9.692345262e-01
9.696881771e-01
9.704471231e-01
9.714910388e-01
9.727846384e-01
9.742791057e-01
9.759140015e-01
9.776200056e-01
9.793224931e-01
9.809448123e-01
9.824123383e-01
9.836562872e-01
9.846175313e-01
9.852498770e-01
9.855232239e-01
9.854253531e-01
9.849637747e-01
9.841660857e-01
9.830791950e-01
9.817684293e-01
9.803144336e-01
9.788100719e-01
9.773558378e-01
9.760550857e-01
9.750078917e-01
9.743053317e-01
9.740232825e-01
9.742158651e-01
9.749096632e-01
9.760984778e-01
9.777385592e-01
9.797447920e-01
9.819884300e-01
9.842956066e-01
9.864477515e-01
9.881829023e-01
9.891992807e-01
9.891597629e-01
9.876977801e-01
9.844250083e-01
9.789395332e-01
9.708353877e-01
9.597124457e-01
9.451869130e-01
9.269016981e-01
9.092658758e-01
8.830040097e-01
8.521151543e-01
8.233785629e-01
7.834529877e-01
7.385805845e-01
6.888234019e-01
6.343269348e-01
5.753173828e-01
5.121009350e-01
4.450580180e-01
3.746381700e-01
3.013518751e-01
2.257606089e-01
1.484667212e-01
7.010150701e-02
-8.686487563e-03
-8.724513650e-02
-1.650613993e-01
-2.416893691e-01
-3.162030876e-01
-3.880479634e-01
-4.567230940e-01
-5.217894912e-01
-5.828771591e-01
-6.396893263e-01
-6.920061111e-01
-7.396850586e-01
-7.826607227e-01
-8.209419847e-01
-8.546079397e-01
-8.838020563e-01
-9.087256193e-01
-9.296289682e-01
-9.468036294e-01
-9.605723619e-01
-9.712797999e-01
-9.793202877e-01
-9.850116372e-01
-9.886975884e-01
-9.907229543e-01
-9.914131761e-01
-9.910681248e-01
-9.899582863e-01
-9.883210659e-01
-9.863591790e-01
-9.842401743e-01
-9.820967317e-01
-9.800284505e-01
-9.781045914e-01
-9.763673544e-01
-9.748358130e-01
-9.735101461e-01
-9.723765850e-01
-9.714114070e-01
-9.705856442e-01
-9.698688984e-01
-9.692327380e-01
-9.686538577e-01
-9.681157470e-01
-9.676104784e-01
-9.671391845e-01
-9.667118192e-01
-9.663466215e-01
-9.660684466e-01
-9.659070969e-01
-9.658946991e-01
-9.660634995e-01
-9.664430022e-01
-9.670577049e-01
-9.679244161e-01
-9.690505862e-01
-9.704325795e-01
-9.720547795e-01
-9.738892913e-01
-9.758961201e-01
-9.780243039e-01
-9.802135229e-01
-9.823961854e-01
-9.845002890e-01
-9.864524603e-01
-9.881814718e-01
-9.896214008e-01
-9.907153249e-01
-9.914185405e-01
-9.917012453e-01
-9.915509224e-01
-9.909740090e-01
-9.899967313e-01
-9.886651039e-01
-9.870440364e-01
-9.852154851e-01
-9.832755327e-01
-9.813309312e-01
-9.794944525e-01
-9.778799415e-01
-9.765965939e-01
-9.757429957e-01
-9.754009843e-01
-9.756298661e-01
-9.764604568e-01
-9.778899550e-01
-9.798777699e-01
-9.823415875e-01
-9.851554036e-01
-9.881479740e-01
-9.911033511e-01
-9.937621951e-01
-9.958251715e-01
-9.969570637e-01
-9.967929125e-01
-9.949448109e-01
-9.910101891e-01
-9.845807552e-01
-9.778079391e-01
-9.657374024e-01
-9.499748349e-01
