-5.000000000000000000e+00 -5.000000000000000000e+00
-5.000000000000000000e+00 -4.583333333333333037e+00
-5.000000000000000000e+00 -4.166666666666666963e+00
-5.000000000000000000e+00 -3.750000000000000000e+00
-5.000000000000000000e+00 -3.333333333333333037e+00
-5.000000000000000000e+00 -2.916666666666666519e+00
-5.000000000000000000e+00 -2.500000000000000000e+00
-5.000000000000000000e+00 -2.083333333333333037e+00
-5.000000000000000000e+00 -1.666666666666666519e+00
-5.000000000000000000e+00 -1.250000000000000000e+00
-5.000000000000000000e+00 -8.333333333333330373e-01
-5.000000000000000000e+00 -4.166666666666660745e-01
-5.000000000000000000e+00 0.000000000000000000e+00
-5.000000000000000000e+00 4.166666666666669627e-01
-5.000000000000000000e+00 8.333333333333339255e-01
-5.000000000000000000e+00 1.250000000000000000e+00
-5.000000000000000000e+00 1.666666666666666963e+00
-5.000000000000000000e+00 2.083333333333333925e+00
-5.000000000000000000e+00 2.500000000000000000e+00
-5.000000000000000000e+00 2.916666666666666963e+00
-5.000000000000000000e+00 3.333333333333333925e+00
-5.000000000000000000e+00 3.750000000000000000e+00
-5.000000000000000000e+00 4.166666666666667851e+00
-5.000000000000000000e+00 4.583333333333333925e+00
-5.000000000000000000e+00 5.000000000000000000e+00
-4.583333333333333037e+00 -5.000000000000000000e+00
-4.583333333333333037e+00 -4.583333333333333037e+00
-4.583333333333333037e+00 -4.166666666666666963e+00
-4.583333333333333037e+00 -3.750000000000000000e+00
-4.583333333333333037e+00 -3.333333333333333037e+00
-4.583333333333333037e+00 -2.916666666666666519e+00
-4.583333333333333037e+00 -2.500000000000000000e+00
-4.583333333333333037e+00 -2.083333333333333037e+00
-4.583333333333333037e+00 -1.666666666666666519e+00
-4.583333333333333037e+00 -1.250000000000000000e+00
-4.583333333333333037e+00 -8.333333333333330373e-01
-4.583333333333333037e+00 -4.166666666666660745e-01
-4.583333333333333037e+00 0.000000000000000000e+00
-4.583333333333333037e+00 4.166666666666669627e-01
-4.583333333333333037e+00 8.333333333333339255e-01
-4.583333333333333037e+00 1.250000000000000000e+00
-4.583333333333333037e+00 1.666666666666666963e+00
-4.583333333333333037e+00 2.083333333333333925e+00
-4.583333333333333037e+00 2.500000000000000000e+00
-4.583333333333333037e+00 2.916666666666666963e+00
-4.583333333333333037e+00 3.333333333333333925e+00
-4.583333333333333037e+00 3.750000000000000000e+00
-4.583333333333333037e+00 4.166666666666667851e+00
-4.583333333333333037e+00 4.583333333333333925e+00
-4.583333333333333037e+00 5.000000000000000000e+00
-4.166666666666666963e+00 -5.000000000000000000e+00
-4.166666666666666963e+00 -4.583333333333333037e+00
-4.166666666666666963e+00 -4.166666666666666963e+00
-4.166666666666666963e+00 -3.750000000000000000e+00
-4.166666666666666963e+00 -3.333333333333333037e+00
-4.166666666666666963e+00 -2.916666666666666519e+00
-4.166666666666666963e+00 -2.500000000000000000e+00
-4.166666666666666963e+00 -2.083333333333333037e+00
-4.166666666666666963e+00 -1.666666666666666519e+00
-4.166666666666666963e+00 -1.250000000000000000e+00
-4.166666666666666963e+00 -8.333333333333330373e-01
-4.166666666666666963e+00 -4.166666666666660745e-01
-4.166666666666666963e+00 0.000000000000000000e+00
-4.166666666666666963e+00 4.166666666666669627e-01
-4.166666666666666963e+00 8.333333333333339255e-01
-4.166666666666666963e+00 1.250000000000000000e+00
-4.166666666666666963e+00 1.666666666666666963e+00
-4.166666666666666963e+00 2.083333333333333925e+00
-4.166666666666666963e+00 2.500000000000000000e+00
-4.166666666666666963e+00 2.916666666666666963e+00
-4.166666666666666963e+00 3.333333333333333925e+00
-4.166666666666666963e+00 3.750000000000000000e+00
-4.166666666666666963e+00 4.166666666666667851e+00
-4.166666666666666963e+00 4.583333333333333925e+00
-4.166666666666666963e+00 5.000000000000000000e+00
-3.750000000000000000e+00 -5.000000000000000000e+00
-3.750000000000000000e+00 -4.583333333333333037e+00
-3.750000000000000000e+00 -4.166666666666666963e+00
-3.750000000000000000e+00 -3.750000000000000000e+00
-3.750000000000000000e+00 -3.333333333333333037e+00
-3.750000000000000000e+00 -2.916666666666666519e+00
-3.750000000000000000e+00 -2.500000000000000000e+00
-3.750000000000000000e+00 -2.083333333333333037e+00
-3.750000000000000000e+00 -1.666666666666666519e+00
-3.750000000000000000e+00 -1.250000000000000000e+00
-3.750000000000000000e+00 -8.333333333333330373e-01
-3.750000000000000000e+00 -4.166666666666660745e-01
-3.750000000000000000e+00 0.000000000000000000e+00
-3.750000000000000000e+00 4.166666666666669627e-01
-3.750000000000000000e+00 8.333333333333339255e-01
-3.750000000000000000e+00 1.250000000000000000e+00
-3.750000000000000000e+00 1.666666666666666963e+00
-3.750000000000000000e+00 2.083333333333333925e+00
-3.750000000000000000e+00 2.500000000000000000e+00
-3.750000000000000000e+00 2.916666666666666963e+00
-3.750000000000000000e+00 3.333333333333333925e+00
-3.750000000000000000e+00 3.750000000000000000e+00
-3.750000000000000000e+00 4.166666666666667851e+00
-3.750000000000000000e+00 4.583333333333333925e+00
-3.750000000000000000e+00 5.000000000000000000e+00
-3.333333333333333037e+00 -5.000000000000000000e+00
-3.333333333333333037e+00 -4.583333333333333037e+00
-3.333333333333333037e+00 -4.166666666666666963e+00
-3.333333333333333037e+00 -3.750000000000000000e+00
-3.333333333333333037e+00 -3.333333333333333037e+00
-3.333333333333333037e+00 -2.916666666666666519e+00
-3.333333333333333037e+00 -2.500000000000000000e+00
-3.333333333333333037e+00 -2.083333333333333037e+00
-3.333333333333333037e+00 -1.666666666666666519e+00
-3.333333333333333037e+00 -1.250000000000000000e+00
-3.333333333333333037e+00 -8.333333333333330373e-01
-3.333333333333333037e+00 -4.166666666666660745e-01
-3.333333333333333037e+00 0.000000000000000000e+00
-3.333333333333333037e+00 4.166666666666669627e-01
-3.333333333333333037e+00 8.333333333333339255e-01
-3.333333333333333037e+00 1.250000000000000000e+00
-3.333333333333333037e+00 1.666666666666666963e+00
-3.333333333333333037e+00 2.083333333333333925e+00
-3.333333333333333037e+00 2.500000000000000000e+00
-3.333333333333333037e+00 2.916666666666666963e+00
-3.333333333333333037e+00 3.333333333333333925e+00
-3.333333333333333037e+00 3.750000000000000000e+00
-3.333333333333333037e+00 4.166666666666667851e+00
-3.333333333333333037e+00 4.583333333333333925e+00
-3.333333333333333037e+00 5.000000000000000000e+00
-2.916666666666666519e+00 -5.000000000000000000e+00
-2.916666666666666519e+00 -4.583333333333333037e+00
-2.916666666666666519e+00 -4.166666666666666963e+00
-2.916666666666666519e+00 -3.750000000000000000e+00
-2.916666666666666519e+00 -3.333333333333333037e+00
-2.916666666666666519e+00 -2.916666666666666519e+00
-2.916666666666666519e+00 -2.500000000000000000e+00
-2.916666666666666519e+00 -2.083333333333333037e+00
-2.916666666666666519e+00 -1.666666666666666519e+00
-2.916666666666666519e+00 -1.250000000000000000e+00
-2.916666666666666519e+00 -8.333333333333330373e-01
-2.916666666666666519e+00 -4.166666666666660745e-01
-2.916666666666666519e+00 0.000000000000000000e+00
-2.916666666666666519e+00 4.166666666666669627e-01
-2.916666666666666519e+00 8.333333333333339255e-01
-2.916666666666666519e+00 1.250000000000000000e+00
-2.916666666666666519e+00 1.666666666666666963e+00
-2.916666666666666519e+00 2.083333333333333925e+00
-2.916666666666666519e+00 2.500000000000000000e+00
-2.916666666666666519e+00 2.916666666666666963e+00
-2.916666666666666519e+00 3.333333333333333925e+00
-2.916666666666666519e+00 3.750000000000000000e+00
-2.916666666666666519e+00 4.166666666666667851e+00
-2.916666666666666519e+00 4.583333333333333925e+00
-2.916666666666666519e+00 5.000000000000000000e+00
-2.500000000000000000e+00 -5.000000000000000000e+00
-2.500000000000000000e+00 -4.583333333333333037e+00
-2.500000000000000000e+00 -4.166666666666666963e+00
-2.500000000000000000e+00 -3.750000000000000000e+00
-2.500000000000000000e+00 -3.333333333333333037e+00
-2.500000000000000000e+00 -2.916666666666666519e+00
-2.500000000000000000e+00 -2.500000000000000000e+00
-2.500000000000000000e+00 -2.083333333333333037e+00
-2.500000000000000000e+00 -1.666666666666666519e+00
-2.500000000000000000e+00 -1.250000000000000000e+00
-2.500000000000000000e+00 -8.333333333333330373e-01
-2.500000000000000000e+00 -4.166666666666660745e-01
-2.500000000000000000e+00 0.000000000000000000e+00
-2.500000000000000000e+00 4.166666666666669627e-01
-2.500000000000000000e+00 8.333333333333339255e-01
-2.500000000000000000e+00 1.250000000000000000e+00
-2.500000000000000000e+00 1.666666666666666963e+00
-2.500000000000000000e+00 2.083333333333333925e+00
-2.500000000000000000e+00 2.500000000000000000e+00
-2.500000000000000000e+00 2.916666666666666963e+00
-2.500000000000000000e+00 3.333333333333333925e+00
-2.500000000000000000e+00 3.750000000000000000e+00
-2.500000000000000000e+00 4.166666666666667851e+00
-2.500000000000000000e+00 4.583333333333333925e+00
-2.500000000000000000e+00 5.000000000000000000e+00
-2.083333333333333037e+00 -5.000000000000000000e+00
-2.083333333333333037e+00 -4.583333333333333037e+00
-2.083333333333333037e+00 -4.166666666666666963e+00
-2.083333333333333037e+00 -3.750000000000000000e+00
-2.083333333333333037e+00 -3.333333333333333037e+00
-2.083333333333333037e+00 -2.916666666666666519e+00
-2.083333333333333037e+00 -2.500000000000000000e+00
-2.083333333333333037e+00 -2.083333333333333037e+00
-2.083333333333333037e+00 -1.666666666666666519e+00
-2.083333333333333037e+00 -1.250000000000000000e+00
-2.083333333333333037e+00 -8.333333333333330373e-01
-2.083333333333333037e+00 -4.166666666666660745e-01
-2.083333333333333037e+00 0.000000000000000000e+00
-2.083333333333333037e+00 4.166666666666669627e-01
-2.083333333333333037e+00 8.333333333333339255e-01
-2.083333333333333037e+00 1.250000000000000000e+00
-2.083333333333333037e+00 1.666666666666666963e+00
-2.083333333333333037e+00 2.083333333333333925e+00
-2.083333333333333037e+00 2.500000000000000000e+00
-2.083333333333333037e+00 2.916666666666666963e+00
-2.083333333333333037e+00 3.333333333333333925e+00
-2.083333333333333037e+00 3.750000000000000000e+00
-2.083333333333333037e+00 4.166666666666667851e+00
-2.083333333333333037e+00 4.583333333333333925e+00
-2.083333333333333037e+00 5.000000000000000000e+00
-1.666666666666666519e+00 -5.000000000000000000e+00
-1.666666666666666519e+00 -4.583333333333333037e+00
-1.666666666666666519e+00 -4.166666666666666963e+00
-1.666666666666666519e+00 -3.750000000000000000e+00
-1.666666666666666519e+00 -3.333333333333333037e+00
-1.666666666666666519e+00 -2.916666666666666519e+00
-1.666666666666666519e+00 -2.500000000000000000e+00
-1.666666666666666519e+00 -2.083333333333333037e+00
-1.666666666666666519e+00 -1.666666666666666519e+00
-1.666666666666666519e+00 -1.250000000000000000e+00
-1.666666666666666519e+00 -8.333333333333330373e-01
-1.666666666666666519e+00 -4.166666666666660745e-01
-1.666666666666666519e+00 0.000000000000000000e+00
-1.666666666666666519e+00 4.166666666666669627e-01
-1.666666666666666519e+00 8.333333333333339255e-01
-1.666666666666666519e+00 1.250000000000000000e+00
-1.666666666666666519e+00 1.666666666666666963e+00
-1.666666666666666519e+00 2.083333333333333925e+00
-1.666666666666666519e+00 2.500000000000000000e+00
-1.666666666666666519e+00 2.916666666666666963e+00
-1.666666666666666519e+00 3.333333333333333925e+00
-1.666666666666666519e+00 3.750000000000000000e+00
-1.666666666666666519e+00 4.166666666666667851e+00
-1.666666666666666519e+00 4.583333333333333925e+00
-1.666666666666666519e+00 5.000000000000000000e+00
-1.250000000000000000e+00 -5.000000000000000000e+00
-1.250000000000000000e+00 -4.583333333333333037e+00
-1.250000000000000000e+00 -4.166666666666666963e+00
-1.250000000000000000e+00 -3.750000000000000000e+00
-1.250000000000000000e+00 -3.333333333333333037e+00
-1.250000000000000000e+00 -2.916666666666666519e+00
-1.250000000000000000e+00 -2.500000000000000000e+00
-1.250000000000000000e+00 -2.083333333333333037e+00
-1.250000000000000000e+00 -1.666666666666666519e+00
-1.250000000000000000e+00 -1.250000000000000000e+00
-1.250000000000000000e+00 -8.333333333333330373e-01
-1.250000000000000000e+00 -4.166666666666660745e-01
-1.250000000000000000e+00 0.000000000000000000e+00
-1.250000000000000000e+00 4.166666666666669627e-01
-1.250000000000000000e+00 8.333333333333339255e-01
-1.250000000000000000e+00 1.250000000000000000e+00
-1.250000000000000000e+00 1.666666666666666963e+00
-1.250000000000000000e+00 2.083333333333333925e+00
-1.250000000000000000e+00 2.500000000000000000e+00
-1.250000000000000000e+00 2.916666666666666963e+00
-1.250000000000000000e+00 3.333333333333333925e+00
-1.250000000000000000e+00 3.750000000000000000e+00
-1.250000000000000000e+00 4.166666666666667851e+00
-1.250000000000000000e+00 4.583333333333333925e+00
-1.250000000000000000e+00 5.000000000000000000e+00
-8.333333333333330373e-01 -5.000000000000000000e+00
-8.333333333333330373e-01 -4.583333333333333037e+00
-8.333333333333330373e-01 -4.166666666666666963e+00
-8.333333333333330373e-01 -3.750000000000000000e+00
-8.333333333333330373e-01 -3.333333333333333037e+00
-8.333333333333330373e-01 -2.916666666666666519e+00
-8.333333333333330373e-01 -2.500000000000000000e+00
-8.333333333333330373e-01 -2.083333333333333037e+00
-8.333333333333330373e-01 -1.666666666666666519e+00
-8.333333333333330373e-01 -1.250000000000000000e+00
-8.333333333333330373e-01 -8.333333333333330373e-01
-8.333333333333330373e-01 -4.166666666666660745e-01
-8.333333333333330373e-01 0.000000000000000000e+00
-8.333333333333330373e-01 4.166666666666669627e-01
-8.333333333333330373e-01 8.333333333333339255e-01
-8.333333333333330373e-01 1.250000000000000000e+00
-8.333333333333330373e-01 1.666666666666666963e+00
-8.333333333333330373e-01 2.083333333333333925e+00
-8.333333333333330373e-01 2.500000000000000000e+00
-8.333333333333330373e-01 2.916666666666666963e+00
-8.333333333333330373e-01 3.333333333333333925e+00
-8.333333333333330373e-01 3.750000000000000000e+00
-8.333333333333330373e-01 4.166666666666667851e+00
-8.333333333333330373e-01 4.583333333333333925e+00
-8.333333333333330373e-01 5.000000000000000000e+00
-4.166666666666660745e-01 -5.000000000000000000e+00
-4.166666666666660745e-01 -4.583333333333333037e+00
-4.166666666666660745e-01 -4.166666666666666963e+00
-4.166666666666660745e-01 -3.750000000000000000e+00
-4.166666666666660745e-01 -3.333333333333333037e+00
-4.166666666666660745e-01 -2.916666666666666519e+00
-4.166666666666660745e-01 -2.500000000000000000e+00
-4.166666666666660745e-01 -2.083333333333333037e+00
-4.166666666666660745e-01 -1.666666666666666519e+00
-4.166666666666660745e-01 -1.250000000000000000e+00
-4.166666666666660745e-01 -8.333333333333330373e-01
-4.166666666666660745e-01 -4.166666666666660745e-01
-4.166666666666660745e-01 0.000000000000000000e+00
-4.166666666666660745e-01 4.166666666666669627e-01
-4.166666666666660745e-01 8.333333333333339255e-01
-4.166666666666660745e-01 1.250000000000000000e+00
-4.166666666666660745e-01 1.666666666666666963e+00
-4.166666666666660745e-01 2.083333333333333925e+00
-4.166666666666660745e-01 2.500000000000000000e+00
-4.166666666666660745e-01 2.916666666666666963e+00
-4.166666666666660745e-01 3.333333333333333925e+00
-4.166666666666660745e-01 3.750000000000000000e+00
-4.166666666666660745e-01 4.166666666666667851e+00
-4.166666666666660745e-01 4.583333333333333925e+00
-4.166666666666660745e-01 5.000000000000000000e+00
0.000000000000000000e+00 -5.000000000000000000e+00
0.000000000000000000e+00 -4.583333333333333037e+00
0.000000000000000000e+00 -4.166666666666666963e+00
0.000000000000000000e+00 -3.750000000000000000e+00
0.000000000000000000e+00 -3.333333333333333037e+00
0.000000000000000000e+00 -2.916666666666666519e+00
0.000000000000000000e+00 -2.500000000000000000e+00
0.000000000000000000e+00 -2.083333333333333037e+00
0.000000000000000000e+00 -1.666666666666666519e+00
0.000000000000000000e+00 -1.250000000000000000e+00
0.000000000000000000e+00 -8.333333333333330373e-01
0.000000000000000000e+00 -4.166666666666660745e-01
0.000000000000000000e+00 0.000000000000000000e+00
0.000000000000000000e+00 4.166666666666669627e-01
0.000000000000000000e+00 8.333333333333339255e-01
0.000000000000000000e+00 1.250000000000000000e+00
0.000000000000000000e+00 1.666666666666666963e+00
0.000000000000000000e+00 2.083333333333333925e+00
0.000000000000000000e+00 2.500000000000000000e+00
0.000000000000000000e+00 2.916666666666666963e+00
0.000000000000000000e+00 3.333333333333333925e+00
0.000000000000000000e+00 3.750000000000000000e+00
0.000000000000000000e+00 4.166666666666667851e+00
0.000000000000000000e+00 4.583333333333333925e+00
0.000000000000000000e+00 5.000000000000000000e+00
4.166666666666669627e-01 -5.000000000000000000e+00
4.166666666666669627e-01 -4.583333333333333037e+00
4.166666666666669627e-01 -4.166666666666666963e+00
4.166666666666669627e-01 -3.750000000000000000e+00
4.166666666666669627e-01 -3.333333333333333037e+00
4.166666666666669627e-01 -2.916666666666666519e+00
4.166666666666669627e-01 -2.500000000000000000e+00
4.166666666666669627e-01 -2.083333333333333037e+00
4.166666666666669627e-01 -1.666666666666666519e+00
4.166666666666669627e-01 -1.250000000000000000e+00
4.166666666666669627e-01 -8.333333333333330373e-01
4.166666666666669627e-01 -4.166666666666660745e-01
4.166666666666669627e-01 0.000000000000000000e+00
4.166666666666669627e-01 4.166666666666669627e-01
4.166666666666669627e-01 8.333333333333339255e-01
4.166666666666669627e-01 1.250000000000000000e+00
4.166666666666669627e-01 1.666666666666666963e+00
4.166666666666669627e-01 2.083333333333333925e+00
4.166666666666669627e-01 2.500000000000000000e+00
4.166666666666669627e-01 2.916666666666666963e+00
4.166666666666669627e-01 3.333333333333333925e+00
4.166666666666669627e-01 3.750000000000000000e+00
4.166666666666669627e-01 4.166666666666667851e+00
4.166666666666669627e-01 4.583333333333333925e+00
4.166666666666669627e-01 5.000000000000000000e+00
8.333333333333339255e-01 -5.000000000000000000e+00
8.333333333333339255e-01 -4.583333333333333037e+00
8.333333333333339255e-01 -4.166666666666666963e+00
8.333333333333339255e-01 -3.750000000000000000e+00
8.333333333333339255e-01 -3.333333333333333037e+00
8.333333333333339255e-01 -2.916666666666666519e+00
8.333333333333339255e-01 -2.500000000000000000e+00
8.333333333333339255e-01 -2.083333333333333037e+00
8.333333333333339255e-01 -1.666666666666666519e+00
8.333333333333339255e-01 -1.250000000000000000e+00
8.333333333333339255e-01 -8.333333333333330373e-01
8.333333333333339255e-01 -4.166666666666660745e-01
8.333333333333339255e-01 0.000000000000000000e+00
8.333333333333339255e-01 4.166666666666669627e-01
8.333333333333339255e-01 8.333333333333339255e-01
8.333333333333339255e-01 1.250000000000000000e+00
8.333333333333339255e-01 1.666666666666666963e+00
8.333333333333339255e-01 2.083333333333333925e+00
8.333333333333339255e-01 2.500000000000000000e+00
8.333333333333339255e-01 2.916666666666666963e+00
8.333333333333339255e-01 3.333333333333333925e+00
8.333333333333339255e-01 3.750000000000000000e+00
8.333333333333339255e-01 4.166666666666667851e+00
8.333333333333339255e-01 4.583333333333333925e+00
8.333333333333339255e-01 5.000000000000000000e+00
1.250000000000000000e+00 -5.000000000000000000e+00
1.250000000000000000e+00 -4.583333333333333037e+00
1.250000000000000000e+00 -4.166666666666666963e+00
1.250000000000000000e+00 -3.750000000000000000e+00
1.250000000000000000e+00 -3.333333333333333037e+00
1.250000000000000000e+00 -2.916666666666666519e+00
1.250000000000000000e+00 -2.500000000000000000e+00
1.250000000000000000e+00 -2.083333333333333037e+00
1.250000000000000000e+00 -1.666666666666666519e+00
1.250000000000000000e+00 -1.250000000000000000e+00
1.250000000000000000e+00 -8.333333333333330373e-01
1.250000000000000000e+00 -4.166666666666660745e-01
1.250000000000000000e+00 0.000000000000000000e+00
1.250000000000000000e+00 4.166666666666669627e-01
1.250000000000000000e+00 8.333333333333339255e-01
1.250000000000000000e+00 1.250000000000000000e+00
1.250000000000000000e+00 1.666666666666666963e+00
1.250000000000000000e+00 2.083333333333333925e+00
1.250000000000000000e+00 2.500000000000000000e+00
1.250000000000000000e+00 2.916666666666666963e+00
1.250000000000000000e+00 3.333333333333333925e+00
1.250000000000000000e+00 3.750000000000000000e+00
1.250000000000000000e+00 4.166666666666667851e+00
1.250000000000000000e+00 4.583333333333333925e+00
1.250000000000000000e+00 5.000000000000000000e+00
1.666666666666666963e+00 -5.000000000000000000e+00
1.666666666666666963e+00 -4.583333333333333037e+00
1.666666666666666963e+00 -4.166666666666666963e+00
1.666666666666666963e+00 -3.750000000000000000e+00
1.666666666666666963e+00 -3.333333333333333037e+00
1.666666666666666963e+00 -2.916666666666666519e+00
1.666666666666666963e+00 -2.500000000000000000e+00
1.666666666666666963e+00 -2.083333333333333037e+00
1.666666666666666963e+00 -1.666666666666666519e+00
1.666666666666666963e+00 -1.250000000000000000e+00
1.666666666666666963e+00 -8.333333333333330373e-01
1.666666666666666963e+00 -4.166666666666660745e-01
1.666666666666666963e+00 0.000000000000000000e+00
1.666666666666666963e+00 4.166666666666669627e-01
1.666666666666666963e+00 8.333333333333339255e-01
1.666666666666666963e+00 1.250000000000000000e+00
1.666666666666666963e+00 1.666666666666666963e+00
1.666666666666666963e+00 2.083333333333333925e+00
1.666666666666666963e+00 2.500000000000000000e+00
1.666666666666666963e+00 2.916666666666666963e+00
1.666666666666666963e+00 3.333333333333333925e+00
1.666666666666666963e+00 3.750000000000000000e+00
1.666666666666666963e+00 4.166666666666667851e+00
1.666666666666666963e+00 4.583333333333333925e+00
1.666666666666666963e+00 5.000000000000000000e+00
2.083333333333333925e+00 -5.000000000000000000e+00
2.083333333333333925e+00 -4.583333333333333037e+00
2.083333333333333925e+00 -4.166666666666666963e+00
2.083333333333333925e+00 -3.750000000000000000e+00
2.083333333333333925e+00 -3.333333333333333037e+00
2.083333333333333925e+00 -2.916666666666666519e+00
2.083333333333333925e+00 -2.500000000000000000e+00
2.083333333333333925e+00 -2.083333333333333037e+00
2.083333333333333925e+00 -1.666666666666666519e+00
2.083333333333333925e+00 -1.250000000000000000e+00
2.083333333333333925e+00 -8.333333333333330373e-01
2.083333333333333925e+00 -4.166666666666660745e-01
2.083333333333333925e+00 0.000000000000000000e+00
2.083333333333333925e+00 4.166666666666669627e-01
2.083333333333333925e+00 8.333333333333339255e-01
2.083333333333333925e+00 1.250000000000000000e+00
2.083333333333333925e+00 1.666666666666666963e+00
2.083333333333333925e+00 2.083333333333333925e+00
2.083333333333333925e+00 2.500000000000000000e+00
2.083333333333333925e+00 2.916666666666666963e+00
2.083333333333333925e+00 3.333333333333333925e+00
2.083333333333333925e+00 3.750000000000000000e+00
2.083333333333333925e+00 4.166666666666667851e+00
2.083333333333333925e+00 4.583333333333333925e+00
2.083333333333333925e+00 5.000000000000000000e+00
2.500000000000000000e+00 -5.000000000000000000e+00
2.500000000000000000e+00 -4.583333333333333037e+00
2.500000000000000000e+00 -4.166666666666666963e+00
2.500000000000000000e+00 -3.750000000000000000e+00
2.500000000000000000e+00 -3.333333333333333037e+00
2.500000000000000000e+00 -2.916666666666666519e+00
2.500000000000000000e+00 -2.500000000000000000e+00
2.500000000000000000e+00 -2.083333333333333037e+00
2.500000000000000000e+00 -1.666666666666666519e+00
2.500000000000000000e+00 -1.250000000000000000e+00
2.500000000000000000e+00 -8.333333333333330373e-01
2.500000000000000000e+00 -4.166666666666660745e-01
2.500000000000000000e+00 0.000000000000000000e+00
2.500000000000000000e+00 4.166666666666669627e-01
2.500000000000000000e+00 8.333333333333339255e-01
2.500000000000000000e+00 1.250000000000000000e+00
2.500000000000000000e+00 1.666666666666666963e+00
2.500000000000000000e+00 2.083333333333333925e+00
2.500000000000000000e+00 2.500000000000000000e+00
2.500000000000000000e+00 2.916666666666666963e+00
2.500000000000000000e+00 3.333333333333333925e+00
2.500000000000000000e+00 3.750000000000000000e+00
2.500000000000000000e+00 4.166666666666667851e+00
2.500000000000000000e+00 4.583333333333333925e+00
2.500000000000000000e+00 5.000000000000000000e+00
2.916666666666666963e+00 -5.000000000000000000e+00
2.916666666666666963e+00 -4.583333333333333037e+00
2.916666666666666963e+00 -4.166666666666666963e+00
2.916666666666666963e+00 -3.750000000000000000e+00
2.916666666666666963e+00 -3.333333333333333037e+00
2.916666666666666963e+00 -2.916666666666666519e+00
2.916666666666666963e+00 -2.500000000000000000e+00
2.916666666666666963e+00 -2.083333333333333037e+00
2.916666666666666963e+00 -1.666666666666666519e+00
2.916666666666666963e+00 -1.250000000000000000e+00
2.916666666666666963e+00 -8.333333333333330373e-01
2.916666666666666963e+00 -4.166666666666660745e-01
2.916666666666666963e+00 0.000000000000000000e+00
2.916666666666666963e+00 4.166666666666669627e-01
2.916666666666666963e+00 8.333333333333339255e-01
2.916666666666666963e+00 1.250000000000000000e+00
2.916666666666666963e+00 1.666666666666666963e+00
2.916666666666666963e+00 2.083333333333333925e+00
2.916666666666666963e+00 2.500000000000000000e+00
2.916666666666666963e+00 2.916666666666666963e+00
2.916666666666666963e+00 3.333333333333333925e+00
2.916666666666666963e+00 3.750000000000000000e+00
2.916666666666666963e+00 4.166666666666667851e+00
2.916666666666666963e+00 4.583333333333333925e+00
2.916666666666666963e+00 5.000000000000000000e+00
3.333333333333333925e+00 -5.000000000000000000e+00
3.333333333333333925e+00 -4.583333333333333037e+00
3.333333333333333925e+00 -4.166666666666666963e+00
3.333333333333333925e+00 -3.750000000000000000e+00
3.333333333333333925e+00 -3.333333333333333037e+00
3.333333333333333925e+00 -2.916666666666666519e+00
3.333333333333333925e+00 -2.500000000000000000e+00
3.333333333333333925e+00 -2.083333333333333037e+00
3.333333333333333925e+00 -1.666666666666666519e+00
3.333333333333333925e+00 -1.250000000000000000e+00
3.333333333333333925e+00 -8.333333333333330373e-01
3.333333333333333925e+00 -4.166666666666660745e-01
3.333333333333333925e+00 0.000000000000000000e+00
3.333333333333333925e+00 4.166666666666669627e-01
3.333333333333333925e+00 8.333333333333339255e-01
3.333333333333333925e+00 1.250000000000000000e+00
3.333333333333333925e+00 1.666666666666666963e+00
3.333333333333333925e+00 2.083333333333333925e+00
3.333333333333333925e+00 2.500000000000000000e+00
3.333333333333333925e+00 2.916666666666666963e+00
3.333333333333333925e+00 3.333333333333333925e+00
3.333333333333333925e+00 3.750000000000000000e+00
3.333333333333333925e+00 4.166666666666667851e+00
3.333333333333333925e+00 4.583333333333333925e+00
3.333333333333333925e+00 5.000000000000000000e+00
3.750000000000000000e+00 -5.000000000000000000e+00
3.750000000000000000e+00 -4.583333333333333037e+00
3.750000000000000000e+00 -4.166666666666666963e+00
3.750000000000000000e+00 -3.750000000000000000e+00
3.750000000000000000e+00 -3.333333333333333037e+00
3.750000000000000000e+00 -2.916666666666666519e+00
3.750000000000000000e+00 -2.500000000000000000e+00
3.750000000000000000e+00 -2.083333333333333037e+00
3.750000000000000000e+00 -1.666666666666666519e+00
3.750000000000000000e+00 -1.250000000000000000e+00
3.750000000000000000e+00 -8.333333333333330373e-01
3.750000000000000000e+00 -4.166666666666660745e-01
3.750000000000000000e+00 0.000000000000000000e+00
3.750000000000000000e+00 4.166666666666669627e-01
3.750000000000000000e+00 8.333333333333339255e-01
3.750000000000000000e+00 1.250000000000000000e+00
3.750000000000000000e+00 1.666666666666666963e+00
3.750000000000000000e+00 2.083333333333333925e+00
3.750000000000000000e+00 2.500000000000000000e+00
3.750000000000000000e+00 2.916666666666666963e+00
3.750000000000000000e+00 3.333333333333333925e+00
3.750000000000000000e+00 3.750000000000000000e+00
3.750000000000000000e+00 4.166666666666667851e+00
3.750000000000000000e+00 4.583333333333333925e+00
3.750000000000000000e+00 5.000000000000000000e+00
4.166666666666667851e+00 -5.000000000000000000e+00
4.166666666666667851e+00 -4.583333333333333037e+00
4.166666666666667851e+00 -4.166666666666666963e+00
4.166666666666667851e+00 -3.750000000000000000e+00
4.166666666666667851e+00 -3.333333333333333037e+00
4.166666666666667851e+00 -2.916666666666666519e+00
4.166666666666667851e+00 -2.500000000000000000e+00
4.166666666666667851e+00 -2.083333333333333037e+00
4.166666666666667851e+00 -1.666666666666666519e+00
4.166666666666667851e+00 -1.250000000000000000e+00
4.166666666666667851e+00 -8.333333333333330373e-01
4.166666666666667851e+00 -4.166666666666660745e-01
4.166666666666667851e+00 0.000000000000000000e+00
4.166666666666667851e+00 4.166666666666669627e-01
4.166666666666667851e+00 8.333333333333339255e-01
4.166666666666667851e+00 1.250000000000000000e+00
4.166666666666667851e+00 1.666666666666666963e+00
4.166666666666667851e+00 2.083333333333333925e+00
4.166666666666667851e+00 2.500000000000000000e+00
4.166666666666667851e+00 2.916666666666666963e+00
4.166666666666667851e+00 3.333333333333333925e+00
4.166666666666667851e+00 3.750000000000000000e+00
4.166666666666667851e+00 4.166666666666667851e+00
4.166666666666667851e+00 4.583333333333333925e+00
4.166666666666667851e+00 5.000000000000000000e+00
4.583333333333333925e+00 -5.000000000000000000e+00
4.583333333333333925e+00 -4.583333333333333037e+00
4.583333333333333925e+00 -4.166666666666666963e+00
4.583333333333333925e+00 -3.750000000000000000e+00
4.583333333333333925e+00 -3.333333333333333037e+00
4.583333333333333925e+00 -2.916666666666666519e+00
4.583333333333333925e+00 -2.500000000000000000e+00
4.583333333333333925e+00 -2.083333333333333037e+00
4.583333333333333925e+00 -1.666666666666666519e+00
4.583333333333333925e+00 -1.250000000000000000e+00
4.583333333333333925e+00 -8.333333333333330373e-01
4.583333333333333925e+00 -4.166666666666660745e-01
4.583333333333333925e+00 0.000000000000000000e+00
4.583333333333333925e+00 4.166666666666669627e-01
4.583333333333333925e+00 8.333333333333339255e-01
4.583333333333333925e+00 1.250000000000000000e+00
4.583333333333333925e+00 1.666666666666666963e+00
4.583333333333333925e+00 2.083333333333333925e+00
4.583333333333333925e+00 2.500000000000000000e+00
4.583333333333333925e+00 2.916666666666666963e+00
4.583333333333333925e+00 3.333333333333333925e+00
4.583333333333333925e+00 3.750000000000000000e+00
4.583333333333333925e+00 4.166666666666667851e+00
4.583333333333333925e+00 4.583333333333333925e+00
4.583333333333333925e+00 5.000000000000000000e+00
5.000000000000000000e+00 -5.000000000000000000e+00
5.000000000000000000e+00 -4.583333333333333037e+00
5.000000000000000000e+00 -4.166666666666666963e+00
5.000000000000000000e+00 -3.750000000000000000e+00
5.000000000000000000e+00 -3.333333333333333037e+00
5.000000000000000000e+00 -2.916666666666666519e+00
5.000000000000000000e+00 -2.500000000000000000e+00
5.000000000000000000e+00 -2.083333333333333037e+00
5.000000000000000000e+00 -1.666666666666666519e+00
5.000000000000000000e+00 -1.250000000000000000e+00
5.000000000000000000e+00 -8.333333333333330373e-01
5.000000000000000000e+00 -4.166666666666660745e-01
5.000000000000000000e+00 0.000000000000000000e+00
5.000000000000000000e+00 4.166666666666669627e-01
5.000000000000000000e+00 8.333333333333339255e-01
5.000000000000000000e+00 1.250000000000000000e+00
5.000000000000000000e+00 1.666666666666666963e+00
5.000000000000000000e+00 2.083333333333333925e+00
5.000000000000000000e+00 2.500000000000000000e+00
5.000000000000000000e+00 2.916666666666666963e+00
5.000000000000000000e+00 3.333333333333333925e+00
5.000000000000000000e+00 3.750000000000000000e+00
5.000000000000000000e+00 4.166666666666667851e+00
5.000000000000000000e+00 4.583333333333333925e+00
5.000000000000000000e+00 5.000000000000000000e+00
