Simple 1L 5k 7L Powell

8591.3021749
   direc: array([[ 0.        ,  1.        ],
       [-0.01451818, -0.00142423]])
     fun: 0.00035099227865549685
 message: 'Optimization terminated successfully.'
    nfev: 159
     nit: 3
  status: 0
 success: True
       x: array([0.97986342, 0.0132076 ])

Relu 2L 5k 7L Powell
20602.1352513
   direc: array([[1., 0., 0., 0., 0.],
       [0., 1., 0., 0., 0.],
       [0., 0., 1., 0., 0.],
       [0., 0., 0., 1., 0.],
       [0., 0., 0., 0., 1.]])
     fun: 0.0023189640810060376
 message: 'Optimization terminated successfully.'
    nfev: 380
     nit: 4
  status: 0
 success: True
       x: array([1.63843242, 0.82390269, 1.85616479, 0.26759492, 0.17882749])

Relu 3L 5k 7L Powell
15887.1190393
   direc: array([[1., 0., 0., 0., 0., 0., 0., 0.],
       [0., 1., 0., 0., 0., 0., 0., 0.],
       [0., 0., 1., 0., 0., 0., 0., 0.],
       [0., 0., 0., 1., 0., 0., 0., 0.],
       [0., 0., 0., 0., 1., 0., 0., 0.],
       [0., 0., 0., 0., 0., 1., 0., 0.],
       [0., 0., 0., 0., 0., 0., 1., 0.],
       [0., 0., 0., 0., 0., 0., 0., 1.]])
     fun: 0.0019824764147223857
 message: 'Optimization terminated successfully.'
    nfev: 279
     nit: 2
  status: 0
 success: True
       x: array([ 1.62805173e+00,  7.34203883e-01,  1.14589800e+00, -5.43358031e-03,
        1.28796768e-02,  6.19333495e+00,  1.63820958e-02,  4.59960720e-02])



Relu 4L 5k 7n Powell
20613.7115529
   direc: array([[1., 0., 0., 0., 0., 0., 0., 0., 0., 0., 0.],
       [0., 1., 0., 0., 0., 0., 0., 0., 0., 0., 0.],
       [0., 0., 1., 0., 0., 0., 0., 0., 0., 0., 0.],
       [0., 0., 0., 1., 0., 0., 0., 0., 0., 0., 0.],
       [0., 0., 0., 0., 1., 0., 0., 0., 0., 0., 0.],
       [0., 0., 0., 0., 0., 1., 0., 0., 0., 0., 0.],
       [0., 0., 0., 0., 0., 0., 1., 0., 0., 0., 0.],
       [0., 0., 0., 0., 0., 0., 0., 1., 0., 0., 0.],
       [0., 0., 0., 0., 0., 0., 0., 0., 1., 0., 0.],
       [0., 0., 0., 0., 0., 0., 0., 0., 0., 1., 0.],
       [0., 0., 0., 0., 0., 0., 0., 0., 0., 0., 1.]])
     fun: 0.0035682860120664576
 message: 'Optimization terminated successfully.'
    nfev: 366
     nit: 2
  status: 0
 success: True
       x: array([ 1.35257852,  0.55381253,  3.95014023, -0.07319484, -0.02626238,
        1.6661414 ,  0.16623727,  0.04019383,  1.52786406, -0.173696  ,
        0.11604684])

Relu 5L 5k 7n

28732.176257299998
   direc: array([[1., 0., 0., 0., 0., 0., 0., 0., 0., 0., 0., 0., 0., 0.],
       [0., 1., 0., 0., 0., 0., 0., 0., 0., 0., 0., 0., 0., 0.],
       [0., 0., 1., 0., 0., 0., 0., 0., 0., 0., 0., 0., 0., 0.],
       [0., 0., 0., 1., 0., 0., 0., 0., 0., 0., 0., 0., 0., 0.],
       [0., 0., 0., 0., 1., 0., 0., 0., 0., 0., 0., 0., 0., 0.],
       [0., 0., 0., 0., 0., 1., 0., 0., 0., 0., 0., 0., 0., 0.],
       [0., 0., 0., 0., 0., 0., 1., 0., 0., 0., 0., 0., 0., 0.],
       [0., 0., 0., 0., 0., 0., 0., 1., 0., 0., 0., 0., 0., 0.],
       [0., 0., 0., 0., 0., 0., 0., 0., 1., 0., 0., 0., 0., 0.],
       [0., 0., 0., 0., 0., 0., 0., 0., 0., 1., 0., 0., 0., 0.],
       [0., 0., 0., 0., 0., 0., 0., 0., 0., 0., 1., 0., 0., 0.],
       [0., 0., 0., 0., 0., 0., 0., 0., 0., 0., 0., 1., 0., 0.],
       [0., 0., 0., 0., 0., 0., 0., 0., 0., 0., 0., 0., 1., 0.],
       [0., 0., 0., 0., 0., 0., 0., 0., 0., 0., 0., 0., 0., 1.]])
     fun: 0.0024934492715193565
 message: 'Optimization terminated successfully.'
    nfev: 511
     nit: 2
  status: 0
 success: True
       x: array([ 1.98974074e+00,  7.03603329e-01, -6.65572538e-01, -4.19657056e-01,
        7.94856869e-02, -3.81966004e-01, -6.32839367e-02,  1.35482108e-01,
        1.18624105e-03,  4.48547024e-01, -7.62475976e-03,  3.29503858e-03,
       -2.32095453e-01, -9.70244568e-02])


Tanhl Reduced 3L 5k 7n
21605.5957177
   direc: array([[1., 0., 0., 0., 0., 0., 0., 0.],
       [0., 1., 0., 0., 0., 0., 0., 0.],
       [0., 0., 1., 0., 0., 0., 0., 0.],
       [0., 0., 0., 1., 0., 0., 0., 0.],
       [0., 0., 0., 0., 1., 0., 0., 0.],
       [0., 0., 0., 0., 0., 1., 0., 0.],
       [0., 0., 0., 0., 0., 0., 1., 0.],
       [0., 0., 0., 0., 0., 0., 0., 1.]])
     fun: 0.0005091282175839892
 message: 'Optimization terminated successfully.'
    nfev: 390
     nit: 3
  status: 0
 success: True
       x: array([ 1.97815591,  1.62518299,  2.27017909,  1.05087697,  0.1377118 ,
       -2.14983521, -0.19178476,  0.04465418])


Tanhl 3L 5k 7n Powell

16182.0770211
   direc: array([[1., 0., 0., 0., 0., 0., 0., 0.],
       [0., 1., 0., 0., 0., 0., 0., 0.],
       [0., 0., 1., 0., 0., 0., 0., 0.],
       [0., 0., 0., 1., 0., 0., 0., 0.],
       [0., 0., 0., 0., 1., 0., 0., 0.],
       [0., 0., 0., 0., 0., 1., 0., 0.],
       [0., 0., 0., 0., 0., 0., 1., 0.],
       [0., 0., 0., 0., 0., 0., 0., 1.]])
     fun: 0.0110145847541324
 message: 'Optimization terminated successfully.'
    nfev: 294
     nit: 2
  status: 0
 success: True
       x: array([ 1.01189517,  2.10132278, -0.00968815, -0.78124838, -0.43323925,
        0.47213596,  0.0350677 ,  0.00319511])

Tanhl 4L 5k 7n

36174.1288484
   direc: array([[1., 0., 0., 0., 0., 0., 0., 0., 0., 0., 0.],
       [0., 1., 0., 0., 0., 0., 0., 0., 0., 0., 0.],
       [0., 0., 1., 0., 0., 0., 0., 0., 0., 0., 0.],
       [0., 0., 0., 1., 0., 0., 0., 0., 0., 0., 0.],
       [0., 0., 0., 0., 1., 0., 0., 0., 0., 0., 0.],
       [0., 0., 0., 0., 0., 1., 0., 0., 0., 0., 0.],
       [0., 0., 0., 0., 0., 0., 1., 0., 0., 0., 0.],
       [0., 0., 0., 0., 0., 0., 0., 1., 0., 0., 0.],
       [0., 0., 0., 0., 0., 0., 0., 0., 1., 0., 0.],
       [0., 0., 0., 0., 0., 0., 0., 0., 0., 1., 0.],
       [0., 0., 0., 0., 0., 0., 0., 0., 0., 0., 1.]])
 message: 'Optimization terminated successfully.'
    nfev: 595
     nit: 3
  status: 0
 success: True
       x: array([ 6.64958061e-01,  9.16813504e-01,  2.90364971e+00, -3.18093774e-01,
        2.32226792e-03,  2.71846786e-04,  7.87750396e-01, -5.69527363e-01,
       -1.95133747e+01, -3.45527790e-02, -1.44822454e-01])

Tanhl 2L 5k 7n
14770.2380197
   direc: array([[ 0.        ,  0.        ,  0.        ,  0.        ,  1.        ],
       [ 0.        ,  1.        ,  0.        ,  0.        ,  0.        ],
       [ 0.        ,  0.        ,  1.        ,  0.        ,  0.        ],
       [ 0.        ,  0.        ,  0.        ,  1.        ,  0.        ],
       [ 1.85044458, -1.20974322, -2.62706184, -0.62642946,  0.1338631 ]])
     fun: 0.13548590875922356
 message: 'Optimization terminated successfully.'
    nfev: 261
     nit: 3
  status: 0
 success: True
       x: array([ 3.6744917 , -0.77307837, -4.81210694,  0.66642885, -0.11614944])

Tanhl 2L 5k 7n 15p
5818.2471943
   direc: array([[1., 0., 0., 0., 0.],
       [0., 1., 0., 0., 0.],
       [0., 0., 1., 0., 0.],
       [0., 0., 0., 1., 0.],
       [0., 0., 0., 0., 1.]])
     fun: 0.02734974990667859
 message: 'Optimization terminated successfully.'
    nfev: 185
     nit: 2
  status: 0
 success: True
       x: array([ 2.59185366,  1.74912808,  0.57890033,  0.74445048, -0.24846767])


Tanhl 2L 10k 7n 15p
21027.4681883
   direc: array([[ 0.        ,  0.        ,  0.        ,  0.        ,  1.        ],
       [ 0.        ,  1.        ,  0.        ,  0.        ,  0.        ],
       [ 0.        ,  0.        ,  0.        ,  1.        ,  0.        ],
       [ 4.38351156, -0.67476926,  1.03480671, -0.52621447,  1.67435241]])
     fun: 0.05087723315744286
 message: 'Optimization terminated successfully.'
    nfev: 389
     nit: 4
  status: 0
 success: True
       x: array([ 8.61641583, -1.17648817,  2.42046542, -0.99787851,  3.40521626])

Tanhl 4L 10k 7n 15p
48357.2619444
   direc: array([[1., 0., 0., 0., 0., 0., 0., 0., 0., 0., 0.],
       [0., 1., 0., 0., 0., 0., 0., 0., 0., 0., 0.],
       [0., 0., 1., 0., 0., 0., 0., 0., 0., 0., 0.],
       [0., 0., 0., 1., 0., 0., 0., 0., 0., 0., 0.],
       [0., 0., 0., 0., 1., 0., 0., 0., 0., 0., 0.],
       [0., 0., 0., 0., 0., 1., 0., 0., 0., 0., 0.],
       [0., 0., 0., 0., 0., 0., 1., 0., 0., 0., 0.],
       [0., 0., 0., 0., 0., 0., 0., 1., 0., 0., 0.],
       [0., 0., 0., 0., 0., 0., 0., 0., 1., 0., 0.],
       [0., 0., 0., 0., 0., 0., 0., 0., 0., 1., 0.],
       [0., 0., 0., 0., 0., 0., 0., 0., 0., 0., 1.]])
     fun: 0.017427852732122523
 message: 'Optimization terminated successfully.'
    nfev: 809
     nit: 4
  status: 0
 success: True
       x: array([ 1.9807426 ,  0.91073968, -0.48626034, -1.1297738 ,  0.8102569 ,
       -0.13950739, -0.65215349, -0.25364968,  1.85692657,  0.01507859,
        0.15535881])

Here we changed to cos^2
and updated digitizer

Tanhl 2L 10k 7n 15p nm (no picture)

1533.8773839
   direc: array([[ 0.00000000e+00,  0.00000000e+00,  0.00000000e+00,
         0.00000000e+00,  1.00000000e+00],
       [ 0.00000000e+00,  1.00000000e+00,  0.00000000e+00,
         0.00000000e+00,  0.00000000e+00],
       [ 0.00000000e+00,  0.00000000e+00,  1.00000000e+00,
         0.00000000e+00,  0.00000000e+00],
       [ 0.00000000e+00,  0.00000000e+00,  0.00000000e+00,
         1.00000000e+00,  0.00000000e+00],
       [-1.61603475e-05, -9.65474219e-06,  8.04689908e-05,
         4.82737103e-06, -3.10987221e-07]])
     fun: 0.6515898516200292
 message: 'Optimization terminated successfully.'
    nfev: 177
     nit: 2
  status: 0
 success: True
       x: array([ 2.0689131 ,  0.6180052 , -8.53803391,  0.14591243, -0.52480954])

Tanhl 2L 10k 7n 41p nm

Optimization terminated successfully.
         Current function value: 0.009704
         Iterations: 5
         Function evaluations: 420
c:\Users\Quantum\Labber\Scripts\Universal Approximant\Universal-Approximator\scenario\example_optimization.py:56: DeprecationWarning: time.clock has been deprecated in Python 3.3 and will be removed from Python 3.8: use time.perf_counter or time.process_time instead
  time_elapsed = (time.clock() - time_start)
   direc: array([[ 0.        ,  0.        ,  0.        ,  0.        ,  1.        ],
       [ 0.        ,  1.        ,  0.        ,  0.        ,  0.        ],
       [ 0.        ,  0.        ,  1.        ,  0.        ,  0.        ],
       [ 0.        ,  0.        ,  0.        ,  1.        ,  0.        ],
       [ 1.5837353 , -1.20925691, -0.81330815, -0.53890604,  0.01833398]])
     fun: 0.009703875251007958
 message: 'Optimization terminated successfully.'
    nfev: 420
     nit: 5
  status: 0
 success: True
       x: array([ 0.66026517,  1.43939101, -0.18971697, -0.8943565 ,  3.2389133 ])

Tanhl 4L 10k 7n 41p nm 
18276.368151900002
   direc: array([[ 1.00000000e+00,  0.00000000e+00,  0.00000000e+00,
         0.00000000e+00,  0.00000000e+00,  0.00000000e+00,
         0.00000000e+00,  0.00000000e+00,  0.00000000e+00,
         0.00000000e+00,  0.00000000e+00],
       [ 0.00000000e+00,  1.00000000e+00,  0.00000000e+00,
         0.00000000e+00,  0.00000000e+00,  0.00000000e+00,
         0.00000000e+00,  0.00000000e+00,  0.00000000e+00,
         0.00000000e+00,  0.00000000e+00],
       [ 0.00000000e+00,  0.00000000e+00,  0.00000000e+00,
         0.00000000e+00,  0.00000000e+00,  0.00000000e+00,
         0.00000000e+00,  0.00000000e+00,  0.00000000e+00,
         0.00000000e+00,  1.00000000e+00],
       [ 0.00000000e+00,  0.00000000e+00,  0.00000000e+00,
         1.00000000e+00,  0.00000000e+00,  0.00000000e+00,
         0.00000000e+00,  0.00000000e+00,  0.00000000e+00,
         0.00000000e+00,  0.00000000e+00],
       [ 0.00000000e+00,  0.00000000e+00,  0.00000000e+00,
         0.00000000e+00,  1.00000000e+00,  0.00000000e+00,
         0.00000000e+00,  0.00000000e+00,  0.00000000e+00,
         0.00000000e+00,  0.00000000e+00],
       [ 0.00000000e+00,  0.00000000e+00,  0.00000000e+00,
         0.00000000e+00,  0.00000000e+00,  1.00000000e+00,
         0.00000000e+00,  0.00000000e+00,  0.00000000e+00,
         0.00000000e+00,  0.00000000e+00],
       [ 0.00000000e+00,  0.00000000e+00,  0.00000000e+00,
         0.00000000e+00,  0.00000000e+00,  0.00000000e+00,
         1.00000000e+00,  0.00000000e+00,  0.00000000e+00,
         0.00000000e+00,  0.00000000e+00],
       [ 0.00000000e+00,  0.00000000e+00,  0.00000000e+00,
         0.00000000e+00,  0.00000000e+00,  0.00000000e+00,
         0.00000000e+00,  1.00000000e+00,  0.00000000e+00,
         0.00000000e+00,  0.00000000e+00],
       [ 0.00000000e+00,  0.00000000e+00,  0.00000000e+00,
         0.00000000e+00,  0.00000000e+00,  0.00000000e+00,
         0.00000000e+00,  0.00000000e+00,  1.00000000e+00,
         0.00000000e+00,  0.00000000e+00],
       [ 0.00000000e+00,  0.00000000e+00,  0.00000000e+00,
         0.00000000e+00,  0.00000000e+00,  0.00000000e+00,
         0.00000000e+00,  0.00000000e+00,  0.00000000e+00,
         1.00000000e+00,  0.00000000e+00],
       [ 2.16493214e-03, -1.74389942e-02, -2.10690723e-01,
        -1.32107897e-04, -1.90914586e-02, -5.03256923e-01,
         2.25304096e-03,  3.70838427e-02,  1.73946822e-01,
         3.66622758e-08, -2.78070235e-02]])
     fun: 0.010729033425629024
 message: 'Optimization terminated successfully.'
    nfev: 1033
     nit: 5
  status: 0
 success: True
       x: array([ 1.4222897 ,  0.90943308, -3.32747554,  1.19458803, -0.49683128,
       -3.64451883, -0.00453844,  0.05602284,  0.67870505,  0.00455526,
        0.01828457])

Relu 4L 10k 7n 41p nm 
7590.5631849
   direc: array([[1., 0., 0., 0., 0., 0., 0., 0., 0., 0., 0.],
       [0., 1., 0., 0., 0., 0., 0., 0., 0., 0., 0.],
       [0., 0., 1., 0., 0., 0., 0., 0., 0., 0., 0.],
       [0., 0., 0., 1., 0., 0., 0., 0., 0., 0., 0.],
       [0., 0., 0., 0., 1., 0., 0., 0., 0., 0., 0.],
       [0., 0., 0., 0., 0., 1., 0., 0., 0., 0., 0.],
       [0., 0., 0., 0., 0., 0., 1., 0., 0., 0., 0.],
       [0., 0., 0., 0., 0., 0., 0., 1., 0., 0., 0.],
       [0., 0., 0., 0., 0., 0., 0., 0., 1., 0., 0.],
       [0., 0., 0., 0., 0., 0., 0., 0., 0., 1., 0.],
       [0., 0., 0., 0., 0., 0., 0., 0., 0., 0., 1.]])
     fun: 0.00405040053278899
 message: 'Optimization terminated successfully.'
    nfev: 426
     nit: 2
  status: 0
 success: True
        4.55168428e-01, -1.67376209e+00, -1.55248400e-01, -1.68559829e-01,
       -5.57425454e-01,  2.22699188e-07,  9.89107985e-02])


Relu 2L 10k 7n 41p nm

2853.7677976
   direc: array([[1., 0., 0., 0., 0.],
       [0., 1., 0., 0., 0.],
       [0., 0., 1., 0., 0.],
       [0., 0., 0., 1., 0.],
       [0., 0., 0., 0., 1.]])
     fun: 0.0018893415251903228
 message: 'Optimization terminated successfully.'
    nfev: 164
     nit: 2
  status: 0
 success: True
       x: array([ 1.93450703,  0.69134522, -0.46003449, -0.41420692,  0.12609238])

Relu 5L 10k 7n 41p nm
13996.7454485
   direc: array([[1., 0., 0., 0., 0., 0., 0., 0., 0., 0., 0., 0., 0., 0.],
       [0., 1., 0., 0., 0., 0., 0., 0., 0., 0., 0., 0., 0., 0.],
       [0., 0., 1., 0., 0., 0., 0., 0., 0., 0., 0., 0., 0., 0.],
       [0., 0., 0., 1., 0., 0., 0., 0., 0., 0., 0., 0., 0., 0.],
       [0., 0., 0., 0., 1., 0., 0., 0., 0., 0., 0., 0., 0., 0.],
       [0., 0., 0., 0., 0., 1., 0., 0., 0., 0., 0., 0., 0., 0.],
       [0., 0., 0., 0., 0., 0., 1., 0., 0., 0., 0., 0., 0., 0.],
       [0., 0., 0., 0., 0., 0., 0., 1., 0., 0., 0., 0., 0., 0.],
       [0., 0., 0., 0., 0., 0., 0., 0., 1., 0., 0., 0., 0., 0.],
       [0., 0., 0., 0., 0., 0., 0., 0., 0., 1., 0., 0., 0., 0.],
       [0., 0., 0., 0., 0., 0., 0., 0., 0., 0., 1., 0., 0., 0.],
       [0., 0., 0., 0., 0., 0., 0., 0., 0., 0., 0., 1., 0., 0.],
       [0., 0., 0., 0., 0., 0., 0., 0., 0., 0., 0., 0., 1., 0.],
       [0., 0., 0., 0., 0., 0., 0., 0., 0., 0., 0., 0., 0., 1.]])
     fun: 0.002285090748923255
 message: 'Optimization terminated successfully.'
    nfev: 778
     nit: 3
  status: 0
 success: True
       x: array([ 1.74060647,  0.74292935,  2.42341974,  0.25313006,  0.01398817,
        3.90614397,  0.01969996,  0.02538119, -1.06939573,  0.31414898,
        0.11557085,  1.63932018, -0.05391471, -0.02596603])


Relu 2L 10k 7n 41p nm log

5580.3812765
   direc: array([[1., 0., 0., 0., 0.],
       [0., 1., 0., 0., 0.],
       [0., 0., 1., 0., 0.],
       [0., 0., 0., 1., 0.],
       [0., 0., 0., 0., 1.]])
     fun: -6.0464633301822355
 message: 'Optimization terminated successfully.'
    nfev: 317
     nit: 4
  status: 0
 success: True
       x: array([ 1.55178443,  0.75140342, -0.67612904,  0.07845902,  0.10810307])

Relu 4L 10k 7n 41p nm log

12982.1255721
   direc: array([[1., 0., 0., 0., 0., 0., 0., 0., 0., 0., 0.],
       [0., 1., 0., 0., 0., 0., 0., 0., 0., 0., 0.],
       [0., 0., 1., 0., 0., 0., 0., 0., 0., 0., 0.],
       [0., 0., 0., 1., 0., 0., 0., 0., 0., 0., 0.],
       [0., 0., 0., 0., 1., 0., 0., 0., 0., 0., 0.],
       [0., 0., 0., 0., 0., 1., 0., 0., 0., 0., 0.],
       [0., 0., 0., 0., 0., 0., 1., 0., 0., 0., 0.],
       [0., 0., 0., 0., 0., 0., 0., 1., 0., 0., 0.],
       [0., 0., 0., 0., 0., 0., 0., 0., 1., 0., 0.],
       [0., 0., 0., 0., 0., 0., 0., 0., 0., 1., 0.],
       [0., 0., 0., 0., 0., 0., 0., 0., 0., 0., 1.]])
     fun: -6.057369936561618
 message: 'Optimization terminated successfully.'
    nfev: 725
     nit: 3
  status: 0
 success: True
       x: array([ 1.64344041,  0.77507802,  2.08044739,  0.19766032,  0.0061124 ,
       -4.87434101,  0.02233182,  0.04077137, -0.3345755 , -0.05427605,
       -0.03081267])

Tanh 4L 10k 7n 41p nm log
26969.8619516
fun:  -2.7774777856811874
message:  Optimization terminated successfully.
nfev:  1508
nit: 7
nit: 7
success: True
x: [ 1.96383203e+00 -7.21828735e+00  2.08508778e+02  4.29747402e+00
 -5.31097317e-01  1.65569420e+00 -1.64211027e+00 -8.88167583e-01
 -2.59718705e-01 -4.67854741e-02  3.11206843e-01]

Tanh 2L 10k 7n 41p nm log
4538.9648339
fun:  -4.584967912381606
message:  Optimization terminated successfully.
nfev:  259
nit: 3
nit: 3
success: True
x: [ 0.99510807  1.80950814 -0.10440713 -0.76822228 -0.17050493]

Tanh 2L 10k 7n 41p nm cal50
