1.486330254979801313e-01
1.401751296640869060e-01
1.642599740772398564e-01
2.339713368697395601e-01
1.488337656758975669e-01
1.268137109601478740e-01
1.336775441611711968e-01
1.197513027211176417e-01
9.598815039873286048e-02
9.705703532610153450e-02
9.851467646975824166e-02
9.692281374527200732e-02
9.905051938815609414e-02
7.085372506219682343e-02
1.821704700822696643e-01
7.245566900927973009e-02
1.015207034290433741e-01
7.356577788878401747e-02
7.156165608950060264e-02
7.488812007486700395e-02
7.139964190293200674e-02
7.297114322386015484e-02
6.965589606471073170e-02
7.273728693226272357e-02
7.557651786118918524e-02
7.290108867154908301e-02
7.297970726921407247e-02
4.666297000144307289e-02
1.065277201328128920e-01
5.118556612442224513e-02
5.894785385944638356e-02
5.283211062327963087e-02
4.776856453271419861e-02
4.855863030016591142e-02
4.841018984966744682e-02
4.851796480930673644e-02
4.871800741732901924e-02
4.821865379704128735e-02
4.700356077798264337e-02
2.107025596133265399e-01
1.711332736754651029e-01
4.735427931548178565e-02
1.312845226912101593e-01
1.550959354507005505e-01
9.258468592638985362e-02
5.662096714837835942e-02
4.465180902966998933e-02
4.426976660879212988e-02
4.574730256687981750e-02
4.395220693709846888e-02
3.975696544107691632e-02
4.509426338193810863e-02
4.355093450728223653e-02
4.381846660800672866e-02
4.729081400318672218e-02
9.527305199452776319e-02
1.564085396290474661e-01
4.502337738474490592e-02
6.256597262822756467e-02
5.203891434075107875e-02
4.482490688537435486e-02
4.472402117892824991e-02
4.456056274907487652e-02
4.312029126957620667e-02
4.564341117573085527e-02
4.321277429482684590e-02
4.781292127081219340e-02
4.558831050786757433e-02
4.376070228479232022e-02
4.413676270108681660e-02
4.245111938916321104e-02
4.732591331050096245e-02
1.207462250159969386e-01
3.039444339801271322e-02
1.650792508062277203e-02
1.761990638928927211e-02
1.909507574620647116e-02
1.973180322918956925e-02
1.775672696486520555e-02
1.810781864611495789e-02
1.969757379064172517e-02
1.722668626128637595e-02
1.828199508997137290e-02
1.709450422806034486e-02
1.764035805686955394e-01
1.794064849881262524e-01
1.630174737339452201e-02
2.353613589423331209e-01
1.716808516801126283e-01
2.864021383152174499e-02
1.990482764959404863e-02
1.746246544371583831e-02
1.724200254530366960e-02
1.769460781011540987e-02
1.642286366646003928e-02
1.656977449153956838e-02
1.957587260074306057e-02
1.701260988592230225e-02
1.774101052577926885e-02
1.685956366471086029e-02
1.725309027525265271e-02
1.902855679967630984e-02
1.664793128367343666e-02
1.752490675152074823e-02
1.714313179680294549e-02
1.753858731791746103e-02
1.765101433533873554e-02
1.832340610373113521e-02
1.903866244282440348e-02
1.799773334596854041e-02
1.664920066902694784e-02
1.616347488622667250e-02
1.840721921150384813e-02
1.685223408726432143e-02
1.921288406723194175e-02
1.966220248220186886e-02
1.698125274375891780e-02
1.893050202692421469e-02
1.760038256160067344e-02
1.657670325322697924e-02
1.784358653029764763e-02
1.650346229989727367e-02
1.619742321805992327e-02
9.465973018694129326e-02
1.341299336926652097e-01
1.736769362950452839e-02
2.927532347869027732e-02
3.436849398904514435e-02
1.469678599328206117e-02
1.837949397571678883e-02
1.615866707087221243e-02
1.718221699168982763e-02
1.501271800507667474e-02
1.581470351827658424e-02
1.621282014062577076e-02
1.586012894835560350e-02
1.516588462240509895e-02
1.796082083434181326e-02
1.640379663540944208e-02
8.092114256864810229e-02
1.468133640555107332e-02
7.815479667511582643e-03
7.254732196417088171e-03
7.842016748836356035e-03
8.657722938220620626e-03
8.027707212752260499e-03
7.356586582721917622e-03
8.007639998751028484e-03
8.447292225098192164e-03
7.909947141831876610e-03
8.168126620118182010e-03
8.170779299770631471e-03
2.177172051263104313e-01
1.974415272233931429e-01
7.831898266149430951e-03
1.419780375622642365e-01
3.460591482460201318e-01
1.063518838871494732e-01
3.798352431831087533e-02
9.334103914062991808e-03
7.419948203293579882e-03
2.095700974034962402e-02
8.349297070463586670e-03
9.581265226455755457e-03
8.040118000468398501e-03
7.630884941155808773e-03
7.713623834674747035e-03
6.801550580296843521e-03
7.801155459213615639e-03
7.779850680189501558e-03
7.160820582307725508e-03
9.997471266759051442e-03
7.241354846947631319e-02
1.789629299808399021e-01
7.968495703656429049e-03
3.243601603211663381e-02
1.609495535228410920e-02
8.270769159213152075e-03
1.437962370566607528e-02
7.832223754056014814e-03
8.384766186653463613e-03
8.445991949839262714e-03
7.542909034300243620e-03
7.273069598423903374e-03
8.750027395739731415e-03
7.851758484897476686e-03
8.269246956494695142e-03
8.311193916777303084e-03
8.951598494977229190e-03
8.536665115544165086e-03
1.558115764947942961e-01
8.004939850953690303e-03
1.853085312879571289e-01
1.913401152300715780e-01
7.979902303056132795e-03
2.919237903229928155e-01
1.867357169130267613e-01
1.065232981920513460e-02
6.998436929261706886e-03
7.678157043433910672e-03
8.020948801729524749e-03
8.498917266982909668e-03
7.926923575303383707e-03
8.359022306147309567e-03
8.744357411478458075e-02
1.466305177384617520e-01
7.597828436778617661e-03
2.709621713982970914e-02
2.176918101333867595e-02
8.339399313030505106e-03
7.922700934058037048e-03
7.822229121137341465e-03
9.499215887989895246e-03
7.599231888461796883e-03
7.924059739703340904e-03
8.266113674966112795e-03
8.028638126077155060e-03
7.673857904018564074e-03
7.738121105037100260e-03
7.348362977751946024e-03
7.632208801213694917e-03
7.320227372908655675e-03
7.430413950743638626e-03
8.167343373719892358e-03
9.158963670436434668e-03
8.607820556817290594e-03
7.827011945069701354e-03
8.582027397536376098e-03
7.492759681461892869e-03
7.247850795993869902e-03
6.922026728101635801e-03
1.922194058535226999e-02
6.860031364772617435e-02
7.236230642914994425e-03
1.304575423400215935e-02
8.308259356361809983e-03
7.773505127497183816e-03
7.923215723181673345e-03
7.541256704455070320e-03
7.633750638733134870e-03
7.358127454560798621e-03
7.819448838815299882e-03
7.125409135935992580e-03
7.393161552830348864e-03
8.805331326189762275e-03
7.704442500771532462e-03
7.072266750535081796e-03
7.269629588731112146e-03
7.167172845097860047e-03
9.197748837815633224e-03
6.806636158593991695e-03
7.712816452176674518e-03
8.076546259740276582e-03
7.389753795057248109e-03
2.080750515618552676e-01
1.951563897615035958e-01
7.437601833184801815e-03
1.393774154093320172e-01
3.171734130643260596e-01
1.084928133267951261e-01
3.090086386894711629e-02
8.666269476230711866e-03
7.205550620709213865e-03
2.273494964811785188e-02
9.682665494437281070e-03
7.082734200811839631e-03
7.534388561070656451e-03
8.788406412675326546e-03
7.529494464768649205e-03
7.704671195353842220e-03
8.033531941493587958e-03
7.912720340310328351e-03
7.610817093924513756e-03
7.606106710333150438e-03
7.847459317727692452e-03
8.158581515298931816e-03
6.084930625624366402e-02
1.992335244607342515e-01
8.758196767155723705e-03
4.119373927610166936e-02
1.258380435532486900e-02
9.215196450855844129e-03
8.522354538655090364e-03
1.514907284469091918e-02
1.037655222908783620e-02
1.048914902940581428e-02
8.742329714972680091e-03
8.497546535094374978e-03
8.897807124932176348e-03
8.984791308068671919e-03
8.643159223833789262e-03
8.895599038246160273e-03
8.395225068992821088e-03
8.791499453867588840e-03
8.924337079582423185e-03
9.483410793356066015e-03
2.473826280248963769e-02
5.577353442336639711e-02
9.811853037694101901e-03
1.174924933635104057e-02
9.424696525534393549e-03
1.100389258554169795e-02
8.835485785978997725e-03
1.001545874374801595e-02
1.031504476506569200e-02
9.579392012806086862e-03
8.821969818603638686e-03
9.048235794031803808e-03
9.087909061394828375e-03
8.711650049996496128e-03
9.794462398139480025e-03
8.642872237135900554e-03
1.940155919113039085e-01
1.908032190312635989e-01
8.988207406134773175e-03
2.977910579069142361e-01
1.864798901632962191e-01
1.011662534056408103e-02
8.789740431335046553e-03
8.662058466739440757e-03
8.573009690467620070e-03
8.572367485643573107e-03
9.485895376298859524e-03
8.099062318397827823e-03
9.159776056922676324e-03
9.386964575406137046e-03
8.617761661510996846e-03
8.599700010855304555e-03
8.727233940594058409e-03
9.282963277855349818e-03
9.312293056420594892e-03
8.231908645220484266e-03
9.255522376795038281e-03
9.294930651296990157e-03
9.548262350425061606e-02
1.478658530678119976e-01
1.041531366667666943e-02
2.256832415387642274e-02
2.563334926874120262e-02
7.708561662624682613e-03
7.810241786373087192e-03
7.178798075931367220e-03
8.137620112025616137e-03
7.033256682975535384e-03
8.128316263877213496e-03
7.946245377635852494e-03
6.995685984332052250e-03
2.305960040684921705e-02
5.861183715685400197e-02
7.364225056647431822e-03
1.233327441658419767e-02
8.227170954207300643e-03
7.844775999121790522e-03
8.595593259465423436e-03
8.220315066948324229e-03
7.961439264509241609e-03
7.780131909489115989e-03
6.904195692067672391e-03
7.567018848791157160e-03
1.062443931633414579e-02
7.708335039592528228e-03
7.080587592711653361e-03
7.855926158821423949e-03
7.124610994404459788e-03
7.327438819936770743e-03
8.293971272873871745e-03
8.722973275476855054e-03
1.972886329036251107e-01
1.913625672072357675e-01
8.579089195930585804e-03
1.363980512520687194e-01
3.157806367945504289e-01
1.290491512921946304e-01
2.767853987231055912e-02
9.809423512302926917e-03
9.646044750127947057e-03
2.609236524705326257e-02
1.278627625533392854e-02
9.964509001291810275e-03
8.781137625293257767e-03
9.409531796979946072e-03
7.142939288863090624e-03
9.286345542623503091e-03
7.948352792453129700e-03
9.916677571549958881e-03
8.641417903436697176e-03
7.208679714662997139e-03
7.425290603654995103e-03
8.527893297379116055e-03
9.177008214327377414e-03
9.807887775381940454e-03
7.148778702383147554e-02
1.661290316356562879e-01
9.919905911869222187e-03
3.162622437508591511e-02
1.607205020787468713e-02
6.933619815235615366e-03
1.054438083846719748e-02
8.890342182843596897e-03
1.001932361972002888e-02
9.995752315039503275e-03
1.025451321117981651e-02
9.732111006594199032e-03
7.608820645375147934e-03
1.206800207184234239e-02
8.404596903616801465e-03
1.907444677892770057e-01
1.892960654470211279e-01
9.882922640286067803e-03
2.866565885757504373e-01
1.787861555841669114e-01
1.017074782048251434e-02
7.648755504876582519e-03
7.612002275575636620e-03
7.925706238717996135e-03
7.880101151732576623e-03
8.427484403516838710e-03
8.107160733142918310e-03
8.545403172865442473e-03
7.867810834875499718e-03
6.415255321714030678e-02
1.898084084326176202e-01
7.788079941237482755e-03
3.711461898541120602e-02
1.438278966111946819e-02
7.320914527444447907e-03
8.145938404736990587e-03
7.235344637800587841e-03
7.939777603174397874e-03
7.978969609742725747e-03
7.734188009686895730e-03
7.655648161865774397e-03
9.500635117667242599e-03
7.639515205448867488e-03
8.642631811918273510e-03
7.529312243827723447e-03
8.662011982480226358e-03
2.077905043652446965e-02
6.817152310763076317e-02
7.872061621593415270e-03
1.352773549981528198e-02
9.547439273830442275e-03
8.363825445033432060e-03
8.823122355603087857e-03
7.323897517002020408e-03
7.721441167474307754e-03
8.331283503282764513e-03
8.460998926135096521e-03
8.502209162037404483e-03
8.174202384701836563e-03
8.424231524484463579e-03
8.335454009194500150e-03
8.126704555113259398e-03
7.761026966009542186e-03
7.948597325168392166e-03
2.133844822482576786e-01
1.868240721059795661e-01
7.607778243146962570e-03
1.439129150057977813e-01
3.266145072625262769e-01
9.795624114397050164e-02
4.046472165241367380e-02
8.911612885383285096e-03
8.930711674147450568e-03
8.126177712637768294e-03
8.503933388197309345e-03
8.529025987128110997e-03
8.249248930954860767e-03
8.138202788569026680e-03
7.886894134025729947e-03
7.941488374542575793e-03
8.897594515705592802e-03
7.567017138075812603e-03
8.468705972724661218e-03
8.295991247567935725e-03
8.361718797625086394e-03
8.112976643521082817e-03
7.839745316789478724e-03
7.794064544062642014e-03
8.039344573024732182e-03
8.123918045711150948e-03
7.858903368093330538e-03
8.222652174594995145e-03
1.028437888285564823e-02
7.034508749122030113e-02
1.702799903709967810e-01
7.960061233718604412e-03
2.937552119422794442e-02
1.789758199160493626e-02
7.727764295058778439e-03
1.204919348003918693e-02
8.488084164836583526e-03
7.743478974988393659e-03
8.065284050361623547e-03
7.936828086622998643e-03
8.179171060417444322e-03
8.011140142821183627e-03
7.877881851800895216e-03
8.108184566713498229e-03
8.291533363901190667e-03
3.271005624893180697e-02
4.092888849176394561e-02
8.392398407334841770e-03
8.960789263144811750e-03
1.026644280418124479e-02
7.817923902785670065e-03
8.186737614183396336e-03
7.215649702206744336e-03
7.685430852678538059e-03
8.348809087370663226e-03
8.229852485217960603e-03
8.251590390983245399e-03
7.765683796614066166e-03
8.310071752410847640e-03
9.167127226091066616e-03
1.917136734390294250e-01
2.022112026349707214e-01
7.941457156294432981e-03
2.662033300287537929e-01
1.926908711472681002e-01
1.738267404339765773e-02
7.011365606087735861e-03
5.436745973422637407e-02
1.098064043835217732e-02
9.678932027743929883e-03
7.403980142229091461e-03
7.404208855541201915e-03
7.892182715128709045e-03
8.283493776010999662e-03
7.426036799494155349e-03
6.951750282591357896e-03
7.699729010574968627e-03
7.703276944877004984e-03
8.376944824754569210e-03
7.983864201320731158e-03
7.610625692497244299e-02
1.803090936948558154e-01
7.207994393196388329e-03
3.069944585875703305e-02
1.629513579447564031e-02
6.848067320264151353e-03
1.090653738224932508e-02
7.977594051366920444e-03
7.657150581184297457e-03
6.574885443090458352e-03
7.400085134476590276e-03
7.328839786263165006e-03
7.186809796016854594e-03
7.633510306505960838e-03
7.441096814480699373e-03
8.120976381278092668e-03
7.667461931473756181e-03
8.319182581621072103e-03
7.402528375784611127e-03
7.758678721337721081e-03
6.792303561045085793e-03
2.267496701891669880e-02
5.983212496690021309e-02
7.029624780356908374e-03
1.126108861325644285e-02
9.540930686968889310e-03
7.460360818819303241e-03
7.407452659025438521e-03
7.463305663266271706e-03
7.843322456707973317e-03
7.348494766916950638e-03
8.180006607953581657e-03
7.226060351772928790e-03
7.892957863838452950e-03
7.050384212392667507e-03
7.637531417211579875e-03
8.483710077320898157e-03
6.923945945253282691e-03
7.190525978644549641e-03
7.093851979797005658e-03
7.718255551915493597e-03
7.592252926593458934e-03
9.105862967055749005e-03
7.264488539125146804e-03
7.162317749835953387e-03
7.809939722418298043e-03
7.628429706475210736e-03
6.986158783293196922e-03
6.879509081915388333e-03
2.108805437611618872e-01
1.943974159845501815e-01
7.562723373987727433e-03
1.376729961515424372e-01
3.432740722928965260e-01
1.128332468604568567e-01
3.413177409975338972e-02
8.604440244771855220e-03
7.174231179087053878e-03
1.879525709845046230e-02
7.996812949031635240e-03
7.082067313731859985e-03
7.103158522904995387e-03
8.028404239360784067e-03
8.398194242950553223e-03
7.331272063863534041e-03
8.000087541972169744e-03
7.384113240004164420e-03
7.291371158465734074e-03
6.791880711131079509e-03
7.242011440926353176e-03
7.356562755770214290e-02
1.756952946153059192e-01
6.622506737900209911e-03
3.011161936790483426e-02
1.614200420002823155e-02
6.758141918493339173e-03
7.762024100802622506e-03
7.403348790539648200e-03
6.640152143721305550e-03
7.559107409683378173e-03
7.108571718215543622e-03
8.703725908998734620e-03
7.238935324974809377e-03
7.162890595718721630e-03
7.013755887469557034e-03
7.211350367079738186e-03
7.707863982783726489e-03
7.422012096274484445e-03
7.139240936482438293e-03
7.367998743529402712e-03
7.936114665825772310e-03
7.471529588089495695e-03
8.766190944023328352e-03
7.473565008434163680e-03
7.726062895133326523e-03
8.059590649921651376e-03
8.728584016144574562e-03
8.885547307733106942e-03
8.181193420950465256e-03
8.543583800553306365e-03
8.745460638998977035e-03
8.551735521441377469e-03
7.967869408455384786e-03
8.113642761011950408e-03
8.323562209191793723e-03
7.719002447680724070e-03
8.607178413523538379e-03
8.345968564298544140e-03
8.254741389631619838e-03
8.727508953900795299e-03
9.098759027258578741e-03
8.235004404918359888e-03
7.615706731204599338e-03
8.596186343626409029e-03
8.589973530149876135e-03
8.024910561508374202e-03
8.374657997896616662e-03
1.027087464353308201e-02
8.496976211632796191e-03
7.517604574989462073e-03
8.552750518330078100e-03
8.628899057744219767e-03
1.901986556311876797e-01
1.877192486650245684e-01
8.314917612754591653e-03
2.860100271779418835e-01
1.829568950213490419e-01
1.074821628062083180e-02
7.495036229749035828e-03
7.240056080276782539e-03
7.808780869086213126e-03
7.407732137738122329e-03
7.578847575685732259e-03
7.772156893918400790e-03
7.329916036061507635e-03
7.800669199345326363e-03
7.530253199762576913e-03
8.278570122656427402e-03
7.322097646256373049e-02
1.789783465209192626e-01
8.149609122319807428e-03
3.317296048357890048e-02
1.848353377754187454e-02
7.782854092521736440e-03
1.220911397309312231e-02
7.862851243183668210e-03
8.152018999835090179e-03
7.700102449958093689e-03
8.679507283255010960e-03
8.586341437569226451e-03
9.047013701982633063e-03
9.127954059425270883e-03
8.725760282663239109e-03
8.310232368485281212e-03
7.624140714461006586e-03
9.111374932170323779e-03
7.947473494265571217e-03
9.020619006295653788e-03
1.574634832490671293e-02
7.513276841051307053e-02
8.557885374807110146e-03
1.507293499844498431e-02
8.383534274288294980e-03
8.854585829276359274e-03
1.244109479485397581e-02
9.507129686777715874e-03
8.328617980250651448e-03
8.032969345309426065e-03
7.706514255201322994e-03
8.352902684047756529e-03
9.030255438588411301e-03
9.124120440090031578e-03
2.061084589904167153e-01
1.947109962293609997e-01
7.374416975094292594e-03
1.415354878932815197e-01
3.291856429571430320e-01
9.849922464194482696e-02
3.644530469201352763e-02
8.624841960928490703e-03
8.081100334461358697e-03
8.570114440579359658e-03
9.254764968749263493e-03
9.152025671569179871e-03
8.651680467295166238e-03
8.629440928111886330e-03
8.235480656631075785e-03
8.844766822499770115e-03
8.404164647306817948e-03
9.019475550929925700e-03
8.693678623517225521e-03
8.803291588439515411e-03
9.115016519837147377e-03
9.258132539609836495e-03
9.331729051789113341e-03
8.971708951400515775e-03
9.084374625304101128e-03
9.245887010090381164e-03
8.414337264571299796e-03
8.963569109760077119e-03
8.427363017850485194e-03
8.159023786869654127e-03
9.501717395681204617e-03
7.874913871525420286e-03
8.166268921660569877e-03
7.570220304170817774e-03
7.938866404234365751e-03
7.673100916036497063e-03
8.025527207812948455e-03
7.931706026152949771e-03
8.344138621904806374e-03
8.798291756353979198e-03
7.848121734962595561e-03
8.125974842879886764e-03
7.920318616835892236e-03
7.763206039612747904e-03
7.935741749115461999e-03
8.550721573696719313e-03
7.576193468256179654e-03
8.103409787576338133e-03
8.163773865502640947e-03
9.011081310301167352e-03
7.382993990750347235e-03
7.489664398561263030e-03
7.657185495065658119e-03
7.614095573394649881e-03
7.835788010057985475e-02
1.658986242882624362e-01
7.649188551124302786e-03
2.831830842358834532e-02
2.049624392068108772e-02
8.178343950513644600e-03
9.143451310868687051e-03
8.073644795169074295e-03
7.954610600038708804e-03
8.385126776195165124e-03
9.444287724517920479e-03
9.178534362555446080e-03
9.031807797563923962e-03
1.016581326631145130e-02
8.351453153327827866e-03
7.912651001523969899e-03
8.120837583756382316e-03
8.116161311591211375e-03
8.876646675877180800e-03
8.028708025269143400e-03
8.406160375030575366e-03
8.629697568817019937e-03
1.109010307169109623e-02
9.318442743188583288e-03
8.479748534317247191e-03
8.555799873189964128e-03
9.117786221222019122e-03
8.270671198260725818e-03
8.351762495355243357e-03
8.490973988081030807e-03
7.988580403115704345e-03
8.519336938891980404e-03
8.187364474546538276e-03
8.366125839502603148e-03
8.278835153099083771e-03
7.773790127165129162e-03
7.615552316003183081e-03
8.774798913144490897e-03
9.274768330010259645e-03
8.007848345293205189e-03
8.262506335557568901e-03
8.368588283341754294e-03
7.902859954417959520e-03
9.336818339206151215e-03
8.334523031178195374e-03
7.850133398808897822e-03
7.705370335677189618e-03
2.669677367890808950e-02
5.356311271853748945e-02
9.103764415601737353e-03
1.097141668569505922e-02
9.102806428547211351e-03
8.090507479935804894e-03
8.663427215258593522e-03
8.812070594627186004e-03
9.346168314363037521e-03
8.300875908897307337e-03
9.561057551281403749e-03
8.796238570594803671e-03
8.724257290656945579e-03
1.978430664146687279e-01
1.993238401207937105e-01
8.057176169437836252e-03
2.627015651051409773e-01
1.931057491873951204e-01
1.740990842999441332e-02
8.328713968804454804e-03
9.128311204370707921e-03
8.792893317299363409e-03
8.179287437666212662e-03
9.986686885456525636e-03
1.055420780952075199e-02
8.425525224474691988e-03
9.016336205100490206e-03
9.475442432912270854e-03
8.110049472558498659e-03
8.690327411523307913e-03
7.933794886573117960e-03
8.857751887696925161e-03
8.193008470495631926e-03
7.969824872610263913e-03
8.468976300120461057e-03
8.913149067306582601e-03
8.298968695151991842e-03
1.081690983947313292e-02
9.421750546892478789e-03
8.536250453017762627e-03
7.954830764487859709e-03
6.863115596878308078e-02
1.809098354105919682e-01
8.409440778253746834e-03
3.592402818042578910e-02
1.470939433946627864e-02
7.938377053275219239e-03
8.946781797671291003e-03
8.961617547677897672e-03
8.172650961403125566e-03
7.794701521890253469e-03
8.968865957132291303e-03
9.108687603138074934e-03
8.563276175287053843e-03
8.248594796678773017e-03
8.444764801853544070e-03
8.824338045085731302e-03
8.321632631770440464e-03
2.422917798891346605e-02
6.273250366028106095e-02
8.625876416803492097e-03
1.510225601991012877e-02
8.952881392340083372e-03
8.174298897523560661e-03
8.868108613186674594e-03
8.419027199329590094e-03
8.974734714470520777e-03
8.336378110658891963e-03
8.257584499089237057e-03
8.865144912107726302e-03
8.544859389679363565e-03
7.757760772402479479e-03
2.097115584846017955e-01
1.893379199253052703e-01
8.134854649630669093e-03
1.319059235010311970e-01
3.321321318146074897e-01
1.093801542422980916e-01
3.785517092109004500e-02
8.574765551657677690e-03
7.660916423318889744e-03
8.938944998875283585e-03
8.551989856172026797e-03
7.757107302985538633e-03
7.754210040164506365e-03
7.542487858031995777e-03
8.473703687655620778e-03
7.786511303235300017e-03
8.713130343472501663e-03
6.600712192456356653e-02
1.598634159458027504e-01
7.880549126371006255e-03
3.377760168328502316e-02
1.536261916081658324e-02
8.253158938500437108e-03
1.183371519877535714e-02
9.397252511483697446e-03
7.944878935798370054e-03
7.782206320637819960e-03
8.707961623366516565e-03
8.096978146652283534e-03
8.986390955120387644e-03
8.967718680936945241e-03
8.827544269018881493e-03
9.139428700382095858e-03
8.155071094725220571e-03
9.264591273447173730e-03
8.600225442846096136e-03
8.253494684420938435e-03
