3.833590713436811626e-02
3.606152380821266851e-02
4.545638273058169587e-02
6.724544101838944576e-02
3.733003046185384699e-02
4.714579449204520795e-02
4.080662592830236468e-02
3.477750006153491197e-02
3.424656030290258724e-02
3.576398670814993908e-02
3.160206388496785562e-02
3.920089839867371695e-02
4.192514450467144105e-02
4.129896178095802950e-02
3.562892564763138481e-02
4.856057667574165820e-02
3.485043594804954764e-02
1.419635932415639623e-01
2.929863727560657813e-02
6.096760838612398647e-02
2.368383117448056088e-02
2.289427728933142794e-02
3.186095175976580429e-02
3.509343738380541616e-02
2.423593701877409592e-02
2.372959666108813426e-02
2.241576095652703451e-02
1.283346035559336388e-03
5.664669970648565644e-02
2.959657533160710979e-03
4.721785222038076338e-03
4.064741180354062601e-03
1.768483407615316447e-03
1.414285254366471180e-03
1.608098191307898639e-03
3.032241147285395441e-03
2.018116094795463066e-03
1.592269546635442313e-03
1.412929538814249129e-03
1.634450522839718317e-03
1.597010090744894291e-03
5.531880864602569531e-03
3.378274295888152208e-03
5.548226414539354952e-03
3.021234858605407071e-03
2.037842927671569982e-03
2.444867834221142126e-03
1.783488093888956679e-03
1.856349966568052352e-03
2.856468731056381258e-03
2.410203891096376894e-03
3.610977702250696419e-03
3.746520647536138570e-03
1.069696541674261536e-02
9.486506692196691043e-03
2.323469755324638220e-03
1.565434208944189521e-03
4.456829595537904407e-03
1.368691178338877741e-03
2.254951198635721417e-03
2.581966685633684151e-03
3.265051637039619991e-03
2.247602482844717788e-03
2.786271186081748421e-03
1.641831257328782477e-03
1.617157874307342813e-03
1.474834371068137326e-03
1.731318610036780342e-03
9.666699872010534045e-03
1.650975342383608768e-01
1.472865435557025628e-03
2.437034321284411303e-02
1.222603750916443016e-03
8.749032067118911026e-04
1.144208471075019128e-03
9.857021913429260714e-04
1.299682370290379876e-03
1.114063556964017213e-03
1.142150845732102602e-03
1.112059649207646286e-03
1.103354142880301307e-03
1.033537440842927872e-03
1.096721816471314323e-03
2.729547047350190311e-03
1.847216400602426714e-03
8.896552494871739136e-04
9.803337179524578004e-04
1.794222013531842144e-03
1.422072077220222540e-03
1.456998385659535270e-03
1.115776406740970729e-03
1.083316317223922010e-03
2.676945657637594140e-03
1.023751205558992615e-03
9.505674903882277817e-04
1.587977912698534553e-03
1.294641946275889265e-03
1.034330229104409677e-03
1.869900553062815675e-03
1.820789831420070552e-03
1.016426756357928941e-03
1.380783279529122082e-03
1.278745480055541077e-03
1.649319865427894497e-03
1.478484167767303483e-03
1.129697671493721774e-03
1.130880246932433391e-03
1.199077526728456640e-03
3.183415957765286120e-03
1.581644803813632080e-03
1.537544292449406986e-03
1.673006973987096807e-03
1.773261063159239275e-03
1.043482978206391630e-03
2.604344654596610180e-03
9.613999537178737065e-04
1.125018553237813182e-03
9.762064112523287113e-04
1.259903997205095777e-03
2.897102957461681911e-03
1.253204039599019977e-03
1.239166316734563369e-03
1.509325495529796179e-03
1.760331889201584288e-03
1.027752119334006701e-03
8.503743475571352937e-04
1.330597468548353098e-03
1.159907160061342604e-03
1.486909316210203872e-03
1.076749327872138619e-03
1.141144171836775897e-03
1.165968162814839167e-03
1.124486260522105903e-03
1.268646551314830603e-03
1.751216564037470476e-03
1.151403434437890888e-03
4.641261857750936075e-03
3.948637623086310479e-03
1.196236389959216004e-03
1.875715817265840527e-03
1.349711414377031352e-03
1.599171166490310179e-03
1.477745884928652201e-03
1.005792186543858413e-03
1.122492411979353301e-03
1.246819369209773570e-03
2.000978987445448803e-03
1.757269584114352478e-03
1.203915109986837843e-03
1.035235203166820842e-03
5.395231116846301717e-02
1.054512236823026833e-01
9.473193540403253374e-04
1.296781504916452894e-02
8.617736776879169475e-03
1.082247250729173257e-03
1.921276508831102443e-03
3.199888814173401132e-03
1.348941538151298249e-03
2.178613547195859621e-03
1.216309130681257752e-03
2.388956335932986529e-03
1.345075387433540375e-03
1.347615347128780939e-03
1.234157108735875604e-03
1.134045553398245389e-03
1.059577454415417536e-03
1.210864096476965603e-03
1.165553591330428579e-03
1.848397610287986700e-03
4.769342429097032411e-03
1.244932930781179371e-03
1.097343851162771314e-03
1.087041917082622261e-03
1.345747129914747799e-03
1.384592576875843346e-03
1.259444883132440846e-03
1.299622128243702176e-03
1.146801527984038895e-03
1.076467093621086149e-03
1.205310025687467796e-03
1.084652440951880447e-03
1.022763398320275952e-03
2.355811507977775918e-03
1.974163494945192603e-03
1.415335045268034317e-03
1.233089528364229035e-03
9.572001864829966442e-04
1.188237159837649600e-03
1.162895401860928376e-03
2.671474104479814194e-03
8.574288492191478334e-04
1.191428464756774100e-03
1.166319541224981144e-03
9.816547685223204252e-04
1.502623790262213547e-03
1.577278014101064166e-03
1.096610589368069572e-03
1.312228240228335840e-03
1.239276663940996242e-03
1.030890973382302513e-03
9.506467519634446148e-04
1.294090984733256219e-02
2.500770287242450735e-02
9.940981605185096256e-04
1.896853046386551929e-03
1.619932461175479024e-03
1.444857496101109974e-03
1.250469011069182176e-03
1.165352409320457661e-03
1.042834740861865641e-03
9.536640406162738082e-04
1.190395824948227259e-03
8.736934224617385909e-04
1.097929265923892807e-03
1.200170931288975376e-03
1.525834255544064643e-03
1.694874697327937224e-03
1.165632332309295312e-03
1.163158424871556414e-03
1.179066021489622463e-03
9.716799844542340931e-04
1.237687670403247574e-03
1.228743047318667670e-03
2.621199882926289818e-02
9.615511078036252657e-02
1.836281788632597098e-03
9.290966283887695798e-03
3.823084782218189558e-03
8.111829639309081023e-04
2.654160763096144026e-03
1.136623930442892455e-03
1.063953378289448672e-03
9.375253009625899529e-04
1.533102552138017978e-03
1.457866905103963285e-03
9.697317914402561485e-04
1.143433394473252363e-03
6.669231973282824244e-02
9.966545619876951249e-04
1.062060848799371328e-02
3.577578099545550977e-02
1.111731539767129781e-03
5.083309152393607547e-03
1.200662782074945079e-03
9.768817418010057943e-04
8.898102691903251888e-04
3.100897571989345240e-03
9.231618382321320681e-04
1.164383157454439198e-03
1.056067710514081758e-03
9.187852216477239171e-04
1.147001826038213882e-03
3.674995989160104171e-02
1.028300635089769016e-01
9.520750959644521316e-04
8.609074794658364699e-03
4.602706341829240939e-03
8.066232060199993647e-04
2.057985818979249891e-03
7.977546621766988012e-04
7.673696815579011043e-04
9.189174282654231224e-04
8.568202189333717564e-04
2.995065628544741308e-03
2.281827202305023589e-02
4.862072832310967985e-02
9.718288657947592299e-04
1.989096711680796853e-03
2.724280343701620481e-03
9.994891469688039869e-04
8.972871212328505574e-04
5.693796369142494884e-04
8.458728437078308219e-04
8.097099849541960397e-04
5.821735536859736545e-04
6.834273286568277872e-04
1.376595367846725074e-03
1.260316035291040963e-03
1.116050112649354846e-03
1.068791167455135187e-03
7.719682010988656879e-04
1.225738372948301930e-02
1.288689322984344762e-03
2.698309259788320060e-03
4.095123950256107518e-04
4.623356115800292114e-04
4.648440337294119603e-04
9.590676253234347139e-04
5.841953566017521688e-04
6.619722601654651640e-04
7.763006282854153974e-04
6.106520121422922111e-04
4.128608366603027532e-04
3.828279533128212879e-04
7.329685450978134240e-04
2.551200988569009200e-03
2.069760213607688137e-02
1.233096938581804006e-03
1.246690614779686962e-03
1.120154260210427582e-03
1.391238841446335072e-03
8.651287838755691113e-04
5.475207632763293098e-04
8.965842667768503596e-04
7.527047890293951877e-04
6.365574476330662992e-04
7.115362232095354079e-04
6.133545360215151340e-04
5.527327305478834784e-04
1.914077306873527770e-02
1.213022920148164457e-01
8.056026880857673897e-04
1.189053736390289009e-02
2.577934274375932606e-03
7.522345504487213882e-04
7.880609127925436311e-04
1.203913657918937244e-03
1.143086430625017604e-03
9.495667100500766733e-04
9.132232573835150080e-04
9.739878991522219137e-04
1.596718642016067054e-03
3.186513799300477994e-03
7.750692813513782595e-04
6.764496047638714421e-04
1.154929171658527955e-03
1.058759200267168346e-03
2.362674366684043743e-03
1.288756983908013933e-03
1.994596241860292166e-03
1.007063064300472164e-03
1.354442343078274312e-03
1.045119388718989458e-03
9.712368000080914528e-04
9.910444393825806192e-04
1.065972136155799192e-03
1.049015843445200548e-03
1.086468394733189216e-03
1.501961375019929615e-03
4.730014381782441865e-03
1.810136789407478571e-03
2.604738400733126909e-03
8.371395304988359229e-04
1.130851138742638897e-03
9.276071715453032421e-04
9.567761274406366050e-04
8.440044238811541134e-04
1.345862641477060242e-03
6.860720822803219061e-04
3.014988281071592346e-03
8.198578230999000946e-04
9.395437502327873931e-04
1.773636551667262529e-02
9.903984508653612684e-02
3.021768319739560546e-03
5.279953964547850001e-03
1.515233284250150055e-03
3.998620287088743008e-03
1.144098192513132032e-03
1.257556703691553113e-03
1.402875921978384522e-03
1.131586042846488257e-03
2.167730293224003763e-03
1.348957291767883095e-03
1.316016653652960465e-03
1.860320377744816922e-03
1.116079979249445277e-03
1.606608033726119461e-02
4.441448312834676143e-02
1.778600152631538674e-03
3.420347687027015804e-03
4.114562899955769189e-03
9.133654689662958851e-04
7.264910373861024678e-04
9.993884928409394255e-04
7.769410877445049809e-04
1.152835271053876884e-03
1.255823328010215222e-03
1.057252514827865296e-03
9.315591568285843966e-04
7.770224755390828719e-04
9.225807007295544525e-04
4.939481220255492050e-02
1.182724452134902987e-01
1.209203246239360340e-03
1.678244301649189224e-02
7.716562915686628679e-03
1.554965804781448897e-03
1.107807117218119258e-03
2.152408372704106478e-03
1.540426415645160122e-03
2.885609676926075440e-03
2.326773521506436421e-03
2.567752973610553258e-03
1.464839712862365823e-03
1.726036518691006832e-03
1.314395498435507815e-03
1.202120876152148977e-03
1.813147965636289225e-03
