1.655282044514231887e-01
1.643404696934110121e-01
1.585543273632051275e-01
4.959461864702034012e-02
1.695920651746531116e-01
4.599191496217704817e-02
1.490012230396818016e-01
1.233956519979941963e-01
3.953288810420283600e-02
1.199389042657816318e-01
3.626910065301565400e-02
3.551543542313532337e-02
4.063716798939010638e-02
3.709804874995629304e-02
1.189459496017230833e-01
1.222070475054369693e-01
3.678846696356893875e-02
3.744504552370578332e-02
5.668302839987485880e-02
3.314980799317064630e-02
3.165379309741409714e-02
3.364671513144160131e-02
3.189643448382439850e-02
3.450461864246939098e-02
3.303299713478988903e-02
3.281428825655993003e-02
3.265767307119218227e-02
2.117313857258404375e-02
1.003469230126008832e-01
3.623144230733112842e-02
3.876408773498303539e-02
1.687104874635534865e-02
2.966305315740539947e-02
2.170903951640340210e-02
2.007358151588141404e-02
2.097839842832102328e-02
2.161409164811903955e-02
2.205887698077519180e-02
2.074952172727408464e-02
1.842419905878713016e-02
1.804219219828261944e-01
1.662725124399837273e-01
2.123054622262855740e-02
2.561130762866755672e-01
1.684521679697955632e-01
1.730425060104439153e-02
2.289982057741653601e-02
2.179682568427783809e-02
2.516159317536932269e-02
1.995237040281270385e-02
3.131860113263860990e-02
2.208752009638541638e-02
2.239136782391339120e-02
2.784391573643445195e-02
1.657264284222037878e-02
2.090209916190842454e-02
8.761012055438271995e-02
1.466169538047233656e-01
2.069284640993267199e-02
3.547961134973537378e-02
3.704567920533576031e-02
2.223123977748236307e-02
2.482577567227681192e-02
2.132340209413998919e-02
2.126087889180804102e-02
2.375003811787623417e-02
2.141949098867529030e-02
2.020148760368253860e-02
2.111474870268685577e-02
2.115423452223396880e-02
3.816484565716512373e-02
2.137194909402063622e-02
2.167109254011178113e-02
2.013197847395402709e-02
2.301735748232248968e-02
1.960890430514648786e-02
1.958674726331332411e-02
2.122089521153838060e-02
1.500823680677179292e-02
1.052542843859216176e-01
1.531254241102389564e-02
2.888198223583807525e-02
1.186480138598326045e-02
1.467904672090411186e-02
1.538632651897218866e-02
1.719117306844220039e-02
1.645550827385783982e-02
1.808377292513668050e-02
1.461190294161351759e-02
1.403118671473353556e-02
1.469358098030426087e-02
1.385492052928984953e-02
2.067861067115428220e-01
1.804580499792667325e-01
1.393481415904789661e-02
1.374463341585462350e-01
3.523451557811975721e-01
8.292662799978332833e-02
6.948820762718255217e-02
1.508694855036909165e-02
1.330876825821541293e-02
1.289655678335349318e-02
1.633520503792048120e-02
1.176839522368557621e-02
1.490514725797918716e-02
1.368927999640563373e-02
1.289645669973681942e-02
1.253323204927975047e-02
1.239292499335857556e-02
1.250632204672778858e-02
1.832375471361231273e-02
7.533241063283011019e-02
1.844977579656387201e-01
1.306936427394828244e-02
4.179107872292108644e-02
2.274885411123446152e-02
1.260365675158124990e-02
1.246023217350337477e-02
1.483072969371066266e-02
1.288726088816867336e-02
1.273455412367626577e-02
1.562877728481051887e-02
1.320580930516682648e-02
1.310871961598251631e-02
1.511747739712654415e-02
1.295917721209281781e-02
1.244189070718962342e-02
1.295416250201860547e-02
1.291272071991576668e-02
1.788733191067624906e-02
9.003740788211456181e-02
1.265703369379756436e-02
2.157192554337694287e-02
1.329030453120830409e-02
1.548390326833168525e-02
1.643276855287293531e-02
1.341877100914333834e-02
1.219766912701323626e-02
1.316944687664318124e-02
1.179626767507049520e-02
1.269256035246429763e-02
1.224080429476641363e-02
1.322222597093827487e-02
1.207198661930813759e-02
1.249226060785052668e-02
2.159701135038073760e-01
1.847729521705634148e-01
1.317357914579996014e-02
1.433328744467344817e-01
3.251700318269226120e-01
8.100823392650617627e-02
5.892456394619361576e-02
1.157720282806389694e-02
1.082626370898358455e-02
2.294789808907510970e-02
1.046023617724619638e-02
1.210160866300864259e-02
1.249098863300974853e-02
1.029406684736899717e-02
1.168773911677203729e-02
1.067043525849199238e-02
1.081624207241208870e-02
1.073865280498131208e-02
1.089479820438954243e-02
1.090050972077912482e-02
7.899421124850722342e-02
1.641671082845370944e-01
9.876725901363106810e-03
3.423149167749438976e-02
2.072385735095242862e-02
1.106174491579728705e-02
1.244180882639850036e-02
1.083662024008620259e-02
1.081042714619292675e-02
1.291328570615898202e-02
1.088055162110379386e-02
1.099999398015780866e-02
1.080885372880567748e-02
1.454925754007042882e-02
1.062408593614114910e-02
1.111982737966131854e-02
1.015406084503752554e-02
1.036213460197893226e-02
1.025986579408498349e-02
1.008680199169920827e-02
1.056870022943468164e-02
1.133199415189250527e-02
1.041036082679182122e-02
1.534024620408303008e-02
1.002514591137357650e-02
9.792427090920792845e-03
1.038977624809230352e-02
1.126785533779143568e-02
1.064816393224173909e-02
1.236761797604455163e-02
1.053712765590640067e-02
1.065415576386921290e-02
1.039977492678358442e-02
1.095899639492153681e-02
1.103653067029623791e-02
1.043976642587808590e-02
1.483486148113202230e-01
1.081600128689420848e-02
2.004189699143202885e-01
1.850917870354736039e-01
1.098213858349577493e-02
1.385046294995919691e-01
3.311250009149614426e-01
1.127537753810917004e-01
3.760164058151669458e-02
1.188135928741046975e-02
1.082885132012921525e-02
2.416625074542834081e-02
1.179069264765887637e-02
1.416564931457375311e-02
1.026956571038260130e-02
1.123639743117228577e-02
1.132105546234711026e-02
1.095341861621486335e-02
1.092973491421711345e-02
1.177377780189061210e-02
1.022071074753134849e-02
1.003683055055572607e-02
1.073715809259464041e-02
1.197771941708882307e-02
7.967847010687055531e-02
1.659925249445464435e-01
1.128113677712151187e-02
3.385607912818933141e-02
2.136710142354377243e-02
1.073513257696046691e-02
1.470573356498955896e-02
1.108565724434314691e-02
1.070865312105344358e-02
1.134469787410087929e-02
1.015130088858293492e-02
1.085291474830812550e-02
1.105421199252551445e-02
1.104581601942632163e-02
1.244987779684735008e-02
1.093723065167596063e-02
2.020254014228546613e-02
7.644014042887789517e-02
1.243632215679610527e-02
1.967929758000433807e-02
1.127038441442742601e-02
1.046149082547860772e-02
1.035884985628311022e-02
1.076211440318522623e-02
1.079653085471509594e-02
1.019848393931403058e-02
1.035878638090406874e-02
1.113428922943772784e-02
9.761154702116576001e-03
1.023291511736963352e-02
1.164184673636428462e-02
9.467121488663505710e-03
1.854702591634255771e-01
1.827520397615311210e-01
1.035234415572708518e-02
2.775365870795782341e-01
1.833550127239496064e-01
1.694722324532809202e-02
1.062517574817340750e-02
1.161333620351213611e-02
1.109342669104158678e-02
1.124134497970578905e-02
1.090646332066720799e-02
1.124241683325028635e-02
1.422862508278411285e-02
1.105865600349509141e-02
1.036771655604033782e-02
1.118804615311090427e-02
1.177115990943180916e-02
1.039649510663100476e-02
1.124023125802816984e-02
1.100653995184718362e-02
1.080947946697252519e-02
1.073419452950561542e-02
1.223428477216939245e-02
1.255129751610296364e-02
1.206948691334275812e-02
1.117483924239608302e-02
1.423792945905587304e-02
1.131248621930121094e-02
1.091978167573340493e-02
1.132215444677813453e-02
1.100814813985744045e-02
1.050827009449230125e-02
1.149845243104902735e-02
1.053744170593361520e-02
1.126340041180053965e-02
1.063190506248777763e-02
1.131781533122809026e-02
1.102025541074664813e-02
1.184230566837081965e-02
1.122050835021210641e-02
1.022293228667325686e-02
1.164567925994451636e-02
1.154874175620421335e-02
1.011241069078189052e-02
1.304887511691460618e-02
1.131370930083227741e-02
1.070765127845219565e-02
1.093567609662387911e-02
1.042441590568629617e-02
1.136010396349114090e-02
7.837853505365789675e-02
1.686989030224708419e-01
1.090377118893175526e-02
3.191285967621660530e-02
2.459054231111622302e-02
1.107285109568815172e-02
1.162553915768172602e-02
1.329946350794349204e-02
1.161184415246625107e-02
1.052456543445858331e-02
1.033461465078950627e-02
1.547663646695957192e-02
1.137592937864099520e-02
1.213256787422170233e-02
1.145275498940485220e-02
9.936433795355560650e-03
1.204394119620852063e-02
1.117764065900198577e-02
1.193090525471947154e-02
1.168351917559619021e-02
2.280779125193694787e-02
7.928587247726028020e-02
1.126383863744888879e-02
1.799757631229235641e-02
1.186380891445366036e-02
1.409912345919127341e-02
1.339752427180502213e-02
1.188531350426351961e-02
1.122377365047914390e-02
1.136335977050485606e-02
1.099179828947215165e-02
1.014979598298742028e-02
1.123502564370725681e-02
1.148850590077593603e-02
1.127338967573946610e-02
1.233883339388106883e-02
1.111701429343075857e-02
1.057523697211306887e-02
1.258299008543140030e-02
1.079115104802242861e-02
1.256408316327434736e-02
1.974199189345575978e-01
1.751344242757671421e-01
1.172126035117662494e-02
1.290379177363305263e-01
3.000544291831847565e-01
1.145847522344032449e-01
3.533392270402155311e-02
1.394328077446911444e-02
1.332059208176591264e-02
1.382154494735343513e-02
1.044070365890565656e-02
1.103623565783729520e-02
1.071223821636704820e-02
1.089907071345777752e-02
1.035784839320633491e-02
1.072854196624361926e-02
1.141539142229199347e-02
1.105688691536120018e-02
1.054030599677491069e-02
6.693615339581106272e-02
1.900396463853110951e-01
1.112459721869834932e-02
4.412032544589660626e-02
1.683386370492324577e-02
1.061577998105147670e-02
9.735311349218860391e-03
1.200866317744407955e-02
1.078018829813645781e-02
1.103456985950195327e-02
1.081859102732148081e-02
1.040863777738689801e-02
1.063114726053612964e-02
1.055518974849589502e-02
1.083056809510900102e-02
1.534131703832290923e-02
8.299977469250523210e-02
1.016151187899100306e-02
1.695640131813207566e-02
1.025130749459604237e-02
9.550174354209097632e-03
9.947686102143400363e-03
1.165068957225315685e-02
1.087754515749793718e-02
1.021440740510618124e-02
1.067263633578652109e-02
1.025298834231887918e-02
1.262455009743815824e-02
9.741557066077651678e-03
2.066297387940821129e-01
1.864625924597534123e-01
1.006915968656160905e-02
1.375779049168867341e-01
3.318246931644484032e-01
1.057222115584638966e-01
3.969532366474129437e-02
1.138258010645259825e-02
1.116327389514536195e-02
9.848394580674494497e-03
1.123632819072982458e-02
9.764158271516627102e-03
1.057057695556239824e-02
1.063844614840318489e-02
1.032851201385295327e-02
1.002206216766702435e-02
1.032392208769078272e-02
1.038653110374645853e-02
8.070505712003622767e-02
1.616068831417122320e-01
1.057253505321175020e-02
3.604210680492468677e-02
2.058222977456426045e-02
1.096431888338210599e-02
1.245530181140560091e-02
1.056639917521383365e-02
1.116351955520045354e-02
1.134373379522167664e-02
1.132143929728975963e-02
1.114820108694981708e-02
1.148532659854293626e-02
1.041404482181927833e-02
1.032778998937024760e-02
1.030925479232914707e-02
1.092229273205293748e-02
1.102356758402598010e-02
