1.569542468415949243e-01
1.523743822238863843e-01
1.641440271080911728e-01
1.496532947051733009e-01
1.409069396903741000e-01
1.450324516707255373e-01
1.594890575752463957e-01
1.537597968110810676e-01
1.532586019629527674e-01
1.413563189252555197e-01
1.563523971454253425e-01
1.439280608846663367e-01
1.486458294577789607e-01
1.428219797974281946e-01
1.494126313592462063e-01
1.514499452275838709e-01
1.549838985181652973e-01
1.471733408620676253e-01
1.479301023625585465e-01
1.499633407415287556e-01
1.452160106871457912e-01
1.418280851012522215e-01
1.465406916600158482e-01
1.451952465134347947e-01
1.447965742676807777e-01
1.490518613804616699e-01
1.454826560103215927e-01
1.459288423878446206e-01
1.473859330798846234e-01
1.490800216393987354e-01
1.502296267105840966e-01
1.461642085628642729e-01
1.449377516431209212e-01
1.436136948450288386e-01
1.440087807013704091e-01
1.419134899983416354e-01
1.485990861583243172e-01
1.404509842898534200e-01
1.384393819965497874e-01
1.438841641254455794e-01
1.467181083954001986e-01
1.523389396157263653e-01
1.512829379270733132e-01
1.449648007587377996e-01
1.542001319076342081e-01
1.548600321080095821e-01
1.508243059071512349e-01
1.440988056297568820e-01
1.426360603413202310e-01
1.435679806531776070e-01
1.402055987679199645e-01
1.477793995491666068e-01
1.355878130511778967e-01
1.458938125333032187e-01
1.397808980978181292e-01
1.391563322465932395e-01
1.451926522412039233e-01
1.530711205935113839e-01
1.516493675220664805e-01
1.450841595746012180e-01
1.442281757194159297e-01
1.532763662988911313e-01
1.457293894721919392e-01
1.477287741854091674e-01
1.437348738469495790e-01
1.471145205104497089e-01
1.411648564778467951e-01
1.434111379316478363e-01
1.464604688257452048e-01
1.450036342849373161e-01
1.443064442914367695e-01
1.410755897791051705e-01
1.598573932373646700e-01
1.425027370208135913e-01
1.510828827422248666e-01
1.312652545398696469e-01
1.447390796316205819e-01
1.425995963363440866e-01
1.458234237099446384e-01
1.466315025136056549e-01
1.414851452980925572e-01
1.433602828065564938e-01
1.478635646197325737e-01
1.418601095157676073e-01
1.435121592716683547e-01
1.447761421172268359e-01
1.489357729064879621e-01
1.525859445041283791e-01
1.437163489963022844e-01
1.408203472361968522e-01
1.607311248276553639e-01
1.490736852319024530e-01
1.384086674631062608e-01
1.636556655014517747e-01
1.333699119808109124e-01
1.421331557194247808e-01
1.279796018774262689e-01
1.409555207532594001e-01
1.454195156865161487e-01
1.459436584758336819e-01
1.471679498641319250e-01
1.581774431886174836e-01
1.387127838921429768e-01
1.401763665808896664e-01
1.431984746948385401e-01
1.454450559499050055e-01
1.510640612524986881e-01
1.511843049911037185e-01
1.498266238439407427e-01
1.470382859953568988e-01
1.435029537414886092e-01
1.428448456465484795e-01
1.458715624611512385e-01
1.451566173634047663e-01
1.535050315659516329e-01
1.470565505240130910e-01
1.482254700111912127e-01
1.454759401892588566e-01
1.417944499971831029e-01
1.458160486050940341e-01
1.452714029650374328e-01
1.449095933482954790e-01
1.447780429008710956e-01
1.420202780918071450e-01
1.530297098295932967e-01
1.365539127564161792e-01
1.394823433707093607e-01
1.379996537531885947e-01
1.455055422820840938e-01
1.351481218056729272e-01
1.389186070287345420e-01
1.323267238390494760e-01
1.492548285267307484e-01
1.445366245649278847e-01
1.509630791867412336e-01
1.460534989495715086e-01
1.445615245448806652e-01
1.577399884770423755e-01
1.506167129323831011e-01
1.523182135548712401e-01
1.525578547117069639e-01
1.530116952548141174e-01
1.454842671772702545e-01
1.533262894154549527e-01
1.525169970924081242e-01
1.528680825690232892e-01
1.525291574268373418e-01
1.458600279466808203e-01
1.498283425321285389e-01
1.537736941157718251e-01
1.472350307423253291e-01
1.623475178350439474e-01
1.451820795847648671e-01
1.476347571237603407e-01
1.596867727053776775e-01
1.525579333852091768e-01
1.530895066986704411e-01
1.465745668466841289e-01
1.464134940530897044e-01
1.380161847106736450e-01
1.469281036788546158e-01
1.451162893388123765e-01
1.379225421433716015e-01
1.483415758302768228e-01
1.519162474770187066e-01
1.446729589835464291e-01
1.453249069829760931e-01
1.420150832363667737e-01
1.450433716333506817e-01
1.420024651640136581e-01
1.469961470994448904e-01
1.442222708363805339e-01
1.475084590342968793e-01
1.447492087889037937e-01
1.547404062375065392e-01
1.450585950489152731e-01
1.516830764639188200e-01
1.646306626407396112e-01
1.442934527477670592e-01
1.437630925222076750e-01
1.577114490168482486e-01
1.399467720783393598e-01
1.460898208946582177e-01
1.431489460701735050e-01
1.443848912712321075e-01
1.636888433720749547e-01
1.518288846383007429e-01
1.435761279260065748e-01
1.415825788345953795e-01
1.522161890513384075e-01
1.572706076473486814e-01
1.540195988436037500e-01
1.482341367504574903e-01
1.521894230195813269e-01
1.514295596008888578e-01
1.475766573256983571e-01
1.505980029804103171e-01
1.524326534042490244e-01
1.498034807398446744e-01
1.505392672882692184e-01
1.504803823269670326e-01
1.513227833039977877e-01
1.524524517731561946e-01
1.478167246725399508e-01
1.474932449774316312e-01
1.481759031007417182e-01
1.434283508928959616e-01
1.487065097380937673e-01
1.465521313828602179e-01
1.490574753226382165e-01
1.443361084937425931e-01
1.451554816114375979e-01
1.470606846389846678e-01
1.528018660367121140e-01
1.540225341265501480e-01
1.504677426448748634e-01
1.504404094866439445e-01
1.521963103456229482e-01
1.479094049644428810e-01
1.475493177831306846e-01
1.503325774151062222e-01
1.436387552475461293e-01
1.485836131039114383e-01
1.477272393294093433e-01
1.509606565635731312e-01
1.508925320511856349e-01
1.475161899925204745e-01
1.482191245218131836e-01
1.477240465247969259e-01
1.514683448407892763e-01
1.429350275755734423e-01
1.285970249129889664e-01
1.537488307143578536e-01
1.301475181809540749e-01
1.585645145907800257e-01
1.546902135797123268e-01
1.383012316799485109e-01
1.494185768134313197e-01
1.424523049065800351e-01
1.448053274068325236e-01
1.312208424930339234e-01
1.280664572940362345e-01
1.390464692214096187e-01
1.633864039960533088e-01
1.310578217065771212e-01
1.423676644462824603e-01
1.306469304140714660e-01
1.285135722508707334e-01
1.280548388617829270e-01
1.308006665418945946e-01
1.232165243832383239e-01
1.263924176803874755e-01
1.294321395780911321e-01
1.295161023342809026e-01
1.264061045615737788e-01
1.406933404500755325e-01
1.584037905582117434e-01
1.309478238762624147e-01
1.410828624326620484e-01
1.274319605676223210e-01
1.353195733176155158e-01
1.252454657305281660e-01
1.270195215276599121e-01
1.300502594613412999e-01
1.213239439505550687e-01
1.259679495771590940e-01
1.282652985589099459e-01
1.264389489148811385e-01
1.255278462634522307e-01
1.386010024560014875e-01
1.343346077769999036e-01
1.250751315198472269e-01
1.430389176388677241e-01
1.427382740951316231e-01
1.389919962373807050e-01
1.363904297857714554e-01
1.261633307900404399e-01
1.265266719566711662e-01
1.253654476767421255e-01
1.284375017438465216e-01
1.211718667439109359e-01
1.252927622433543664e-01
1.275456144009515236e-01
1.296901716704779439e-01
1.271801662146705147e-01
1.246931555188772606e-01
1.280543461197410915e-01
1.289442958225254787e-01
1.283462207437955915e-01
1.266687168604901104e-01
1.304745171099515044e-01
1.489732751481627759e-01
1.483108725256816474e-01
1.268758983914177185e-01
1.383428023817627472e-01
1.323766496781952073e-01
1.270317660457544462e-01
1.285913487520780607e-01
1.282092314357120288e-01
1.284135660108624011e-01
1.267460060432439028e-01
1.283982601653751721e-01
1.259649116203724051e-01
1.308512735602227750e-01
1.270240566794904324e-01
1.303694588394444243e-01
1.299203763211985441e-01
1.255408013659861655e-01
1.270484445061338952e-01
1.294540633121576689e-01
1.287793890516502893e-01
1.278783049112628689e-01
1.240128324158094181e-01
1.546879486354104938e-01
1.266107648778940775e-01
1.443493273344639560e-01
1.185469762804003124e-01
1.180947727457888480e-01
1.156806063541173518e-01
1.106285617927407344e-01
1.142298802075144837e-01
1.176504622518845938e-01
1.159014910283742844e-01
1.156101278781203195e-01
1.172476771942622398e-01
1.237892806230482257e-01
1.399244559016437073e-01
1.204665286414420278e-01
1.284513532787291135e-01
1.239913984044751089e-01
1.161067948710329534e-01
1.300774705809111254e-01
1.298098919321313272e-01
1.238514798768491354e-01
1.227743847282772721e-01
1.161055564383916688e-01
1.181541329135009505e-01
1.187640040113055462e-01
1.174479463638670174e-01
1.144369939874611553e-01
1.189369059650919880e-01
1.261160656616487352e-01
1.198665162711757132e-01
1.170571139747686035e-01
1.164060521608775295e-01
1.178364002942021704e-01
1.522697641400138913e-01
1.432332171079806760e-01
1.164193612310161496e-01
1.493108828535691379e-01
1.231932036133128044e-01
1.193606448594717595e-01
1.644224514425408623e-01
1.180413662786265472e-01
1.164150287780896242e-01
1.196848443258130140e-01
1.186842030407383175e-01
1.163558517537186809e-01
1.147660895095632960e-01
1.182624152046571619e-01
1.176770232127364452e-01
1.240434993344921993e-01
1.180551536566844528e-01
1.171802648804058100e-01
1.141560958284003335e-01
1.436224169498944714e-01
1.140196516408159833e-01
1.392930872679245813e-01
1.516067391787826735e-01
1.210001797449163502e-01
1.301981541389133634e-01
1.234232950294510966e-01
1.174727791996587611e-01
1.189684566230381352e-01
1.172621136652206436e-01
1.165152905277513778e-01
1.140087344918316731e-01
1.179599416951157415e-01
1.163797558339992877e-01
1.172884813875378351e-01
1.177490451365452023e-01
1.175203873541633554e-01
1.152551810331273324e-01
1.161253688454310096e-01
1.379765159792355200e-01
1.586248823421977372e-01
1.152740846607072517e-01
1.386116373987407169e-01
1.195458487995980090e-01
1.191192210454132538e-01
1.257523929716904965e-01
1.168856080644747608e-01
1.186069333406169213e-01
1.158145552522152483e-01
1.183079770439841305e-01
1.154709099542034906e-01
1.182575365910466664e-01
1.195518949865464059e-01
1.167169280698503731e-01
1.160044448733266453e-01
1.175053466861212259e-01
1.280386634996455164e-01
1.160450849431226839e-01
1.181609878401670838e-01
1.140936710137411270e-01
1.151622889916698173e-01
1.157417503623287686e-01
1.172596171738986698e-01
1.151708389000199728e-01
1.136307902812738746e-01
1.159507528279279664e-01
1.164850983012077068e-01
1.155812044857174592e-01
1.147724530109781454e-01
1.152196957346550560e-01
1.455502837596258092e-01
1.481073919367114355e-01
1.169586461312594750e-01
1.277739211889235005e-01
1.217016466816079473e-01
1.166590592817911276e-01
1.153534951820974069e-01
1.178247724137834046e-01
1.201349642604788021e-01
1.232645534478914728e-01
1.194230014884981317e-01
1.197972176743597600e-01
1.170053275217025068e-01
1.197646521551170851e-01
1.174296875699264997e-01
1.160201214443968842e-01
1.203654775526859233e-01
1.381354185247577471e-01
1.366041759360145380e-01
1.180603754325084825e-01
1.395959793318480857e-01
1.487831176270336675e-01
1.466549135606902143e-01
1.354994327265416076e-01
1.289222867731442679e-01
1.173924049948033566e-01
1.178695665493872807e-01
1.243095915637525278e-01
1.203775973207406730e-01
1.193686808641830077e-01
1.180185124308888167e-01
1.178407917809684013e-01
1.190214402287803064e-01
1.163623700885322854e-01
1.185336424942259603e-01
1.189733232685867420e-01
1.193016595169357208e-01
1.461311669418284831e-01
1.615304704878748332e-01
1.160575180459135769e-01
1.279480503379656631e-01
1.237454210490290807e-01
1.177285576897615788e-01
1.199848630565437391e-01
1.150714396287232794e-01
1.169645526277933445e-01
1.183489546596283581e-01
1.185952278577241392e-01
1.153585771601798732e-01
1.220664424808204362e-01
1.169957832160406913e-01
1.208063582616797915e-01
1.162883112128939578e-01
1.191571046707878001e-01
1.374092694675430049e-01
1.657531764506715299e-01
1.193944626594007907e-01
1.329075441685866610e-01
1.225250757263818407e-01
1.199170014293068770e-01
1.232404752624056410e-01
1.189732176632584820e-01
1.190205064823906811e-01
1.190966022053544238e-01
1.187063377768967920e-01
1.189071133088180632e-01
1.196620190040300763e-01
1.168260710951673220e-01
1.198499911369206028e-01
1.186911846399605064e-01
1.376543898537654076e-01
1.321144020602622315e-01
1.157113538987267903e-01
1.362568374764288048e-01
1.447073399623130252e-01
1.497769481525198232e-01
1.371085964032608129e-01
1.261364758534209152e-01
1.229508650859438973e-01
1.198649177698966201e-01
1.200768448848986980e-01
1.208181179342258521e-01
1.191759954277356870e-01
1.187243836132825525e-01
1.191027461282073430e-01
1.196699728813940961e-01
1.218115890544874541e-01
1.193084237055228036e-01
1.215937572248847048e-01
1.199389273504205683e-01
1.178776447433858426e-01
1.189462139058474477e-01
1.212540400676414692e-01
1.195515301971823152e-01
1.140742108606071087e-01
1.187855177972257231e-01
1.191158094335897227e-01
1.183507628823758373e-01
1.196867581788261942e-01
1.191210541718297627e-01
1.199735962742343454e-01
1.154005652626715062e-01
1.192522830707163917e-01
1.190948432626428299e-01
1.192412276334689630e-01
1.158812602125587482e-01
1.424076671565972507e-01
1.421965777094320871e-01
1.190174726032222630e-01
1.235983307269571257e-01
1.214928894014281058e-01
1.181444391772061564e-01
1.162828444026073327e-01
1.202042015966697103e-01
1.142769538052831740e-01
1.228453301831156780e-01
1.213523233306468968e-01
1.179873707130004029e-01
1.090795317713238316e-01
1.181877853163983416e-01
1.193272731515368501e-01
1.218568233426295666e-01
1.183961320368492193e-01
1.201289230376878653e-01
1.464602455028767292e-01
1.651813106886689253e-01
1.182419385272483747e-01
1.350665560228815898e-01
1.199143181663792773e-01
1.218965999836915393e-01
1.228826752184134785e-01
1.195449891989754099e-01
1.205493271351417289e-01
1.188114869556550074e-01
1.199380485381527917e-01
1.188918448159561325e-01
1.203809530502908259e-01
1.204476945066050853e-01
1.198303633295109971e-01
1.226011189767071130e-01
1.152234964882702245e-01
1.204219873226503174e-01
1.225498034066043601e-01
1.204559728898281640e-01
1.172124682854926297e-01
1.197042071777498218e-01
1.195105684867731749e-01
1.225794709168125107e-01
1.202052392238959350e-01
1.194702167237892687e-01
1.180177471028561326e-01
1.203517425937265795e-01
1.288014839415144996e-01
1.458755264347226799e-01
1.197255594611865981e-01
1.239655768927819535e-01
1.187844535101392346e-01
1.283968174205070423e-01
1.513476048411021568e-01
1.285277355147266820e-01
1.262649414582311669e-01
1.223720504302218404e-01
1.231768679077031442e-01
1.218043481480218515e-01
1.224648410452587599e-01
1.168941536823269317e-01
1.202830778880630003e-01
1.504545972678578702e-01
1.394274794956796570e-01
1.199045077647354907e-01
1.465307959116670944e-01
1.188415648850790068e-01
1.176242924298243619e-01
1.170098751714861995e-01
1.237847951248619988e-01
1.290371798762291466e-01
1.210185472692857089e-01
1.256018540247121895e-01
1.306848997277086089e-01
1.231051616382567437e-01
