5.522448277588384163e-02
5.470338104713864946e-02
4.836993142685099695e-02
6.116194542360322423e-02
5.263639590218333747e-02
5.199533914277124080e-02
5.786825048966601909e-02
5.219021639803766294e-02
4.953397081360219611e-02
5.180148861561784807e-02
5.204343440665482740e-02
5.441953117099172788e-02
5.559363377896063552e-02
8.788650380320241207e-02
8.590839856968149335e-02
5.402881574741717763e-02
3.510740108618221056e-02
3.544220653595319542e-02
3.384075060157133025e-02
3.078938584538423381e-02
3.285405784206613805e-02
3.380404609023213158e-02
3.464528965132342153e-02
3.311556967799195866e-02
4.547987850808667132e-02
1.165634964258673162e-01
3.160099033751142400e-02
5.369831647443858852e-02
3.120266997123020969e-02
2.986140643116722351e-02
3.119736727434432519e-02
3.166216799882227290e-02
3.259388460952295646e-02
3.070600383065489117e-02
3.001556512099216520e-02
3.162894273073110774e-02
3.326607395817892526e-02
6.401952456187436080e-02
5.092697188441465406e-02
3.150047587494308327e-02
3.074251065134294900e-02
3.794440215361447044e-02
3.157219330869879409e-02
3.525853915125690130e-02
2.986573891283011289e-02
2.835809757180513327e-02
3.022763383474531829e-02
3.364511761185760147e-02
2.906543778142526777e-02
2.971877882475124077e-02
2.839272300965492088e-02
3.004189927688645859e-02
7.979271703250577497e-02
1.249028693521656019e-01
3.092955702266202492e-02
4.531819624318206285e-02
4.244975041304421826e-02
3.010282128086596773e-02
3.564792225940867365e-02
2.966908985663910953e-02
2.888651043574118685e-02
3.017670236548184240e-02
3.002049574712464461e-02
3.037217816651834393e-02
2.813455623911304687e-02
2.897151643609399696e-02
2.794957086039083494e-02
2.840581237121015193e-02
2.733143080729301053e-02
3.835334215776032424e-02
1.904325997514334234e-01
3.523204685346979087e-02
6.944617136146132019e-02
3.209653635933341215e-02
3.242016303244241171e-02
2.814963885480331607e-02
2.818642635519612999e-02
2.711486770155849269e-02
2.824866761744132884e-02
2.372576216075480970e-02
2.641808297345229692e-02
2.557451217600022544e-02
2.441252698525659542e-02
2.128099462980851189e-02
3.075017077810130589e-02
4.300355245231136242e-02
2.561797817219010898e-02
2.742302381374997836e-02
2.749945526443653074e-02
2.574734318572552763e-02
2.535235772474448562e-02
2.566637310510373401e-02
2.692009646510124671e-02
2.874395354887217952e-02
2.873911985767667321e-02
2.475638119211120633e-02
2.538292333502724374e-02
2.796293939112312263e-02
2.580965435007387052e-02
1.456941814437846122e-02
5.361591058185487951e-02
1.340005926253840310e-02
2.122762112408583396e-02
1.465571011556850850e-02
1.327049437159641236e-02
9.905395819743147492e-03
1.432626176172525911e-02
1.261695592022345908e-02
1.829282434418763245e-02
1.243924640593047776e-02
7.989309972615651900e-02
5.661176801113485674e-02
1.354236862152320003e-02
1.065506766693084285e-02
1.978485822362179708e-02
8.809592903298081937e-03
8.973320856071031679e-03
1.298898382557489399e-02
8.596370928989958624e-03
8.531998049332129366e-03
8.508788415206148745e-03
8.899313861587801813e-03
6.520753055096546909e-03
8.264657613231798580e-03
9.177150689681947207e-03
8.685880311231875331e-03
3.740451737074058230e-02
1.300181927265934775e-02
9.519545927859640599e-03
3.367945781686868239e-03
1.997417435611284053e-03
3.654851839884395298e-03
2.001964849770050073e-03
1.926613610933638294e-03
2.243090408738256016e-03
3.338019178266985170e-03
2.538505447983835286e-03
4.552372298547809060e-02
1.166848068061657612e-01
2.420298278371891491e-03
1.259729265531689575e-02
8.896110930442263642e-03
2.370832955835336462e-03
1.926812276721159628e-03
4.167868439650372452e-03
1.988750343423351889e-03
1.796494492482942490e-03
1.988169165410758141e-03
2.144585699041699593e-03
1.581433347430994492e-03
1.741858151419733080e-03
1.836192160599878394e-03
7.827988731445505166e-02
1.700803574830170089e-03
1.509108457062155635e-02
4.347339725466953242e-02
2.652790365764354057e-03
6.651416448851588115e-03
3.010651976963741282e-03
2.086711905868807691e-03
1.822030449034996559e-03
1.988101084123395680e-03
1.684924461658359515e-03
2.718487391224154535e-03
1.748862380916984052e-03
1.913425907201570441e-03
1.567203520942026147e-03
4.740078751949081126e-02
1.139025345506918530e-01
1.683432443148624247e-03
1.548881521609406231e-02
9.456897688415323577e-03
1.624355279356259766e-03
1.840014642589067953e-03
3.092132672474518819e-03
1.934174683463902537e-03
1.502272762755541263e-03
3.622410667890450364e-03
1.855736502846224269e-03
2.030513035897887376e-03
2.470747380964304074e-03
3.597826509463988506e-03
1.850463986533561981e-03
2.208731527071864688e-03
1.845730281969719996e-03
1.806610200103921874e-03
1.665816753173994524e-02
1.688371543417182541e-01
1.931416586150673390e-03
2.119127885773573403e-02
3.124970136560688456e-03
1.606503092533002539e-03
1.845032774125866196e-03
2.030736824369147164e-03
2.151139855184458667e-03
1.910028376109854879e-03
2.652965216243033213e-03
2.789282042649292217e-03
1.664656249905183388e-03
2.718063810952059140e-03
1.772238150307536581e-03
1.370990788861533097e-02
2.191452252604710743e-02
3.160842419827143181e-03
4.253428058627220336e-03
2.990787388442061028e-03
2.329087864704052369e-03
2.326584897766379063e-03
1.993038102885466567e-03
1.565277572034415613e-03
3.779338282155776316e-03
2.112819237718355572e-03
4.167419388257351080e-03
1.582059872187135691e-03
1.587579377664915820e-03
2.812645782930168516e-03
2.053581640216901264e-03
2.596252522323405729e-03
1.921333528757462406e-03
2.412385174361277029e-02
5.521412368477313093e-02
1.752946086246439696e-03
9.251371650224606349e-03
5.999505437854085049e-03
1.619671113945040731e-03
2.325858329612303255e-03
1.937254556082185740e-03
1.466924337463608365e-03
1.522263607375212453e-03
1.550949449797058791e-03
1.910235553627421612e-03
1.679271236494445096e-03
1.687958550598568294e-03
1.564780467833306156e-03
7.077059165969160071e-02
4.065669647672962017e-02
2.778687040924710840e-03
6.036451313891741562e-03
1.049084530297386512e-02
1.911323912369794226e-03
1.736252037971124053e-03
1.317611894890389438e-03
2.425158410921771177e-03
1.391022409366993867e-03
3.987549340305018494e-03
5.295881900266840789e-03
3.103694939437622469e-03
1.580740618195856885e-03
3.921663973975215295e-03
2.217814637485077556e-03
1.715856206568808261e-03
4.145374349839558645e-03
4.443627522997962119e-03
1.303292385341782303e-03
1.293697443230878985e-03
1.221392646314105280e-03
2.093779324768429203e-03
3.160048968886562497e-03
1.272888580597915029e-03
2.726348011778472261e-03
1.926582833232435557e-03
1.775683937821884292e-03
1.083683590588815264e-03
1.570422674142708374e-03
1.225985096733041681e-03
7.107902120387882099e-03
1.879736607542172727e-02
1.339431111481159675e-03
7.986134718785994902e-03
1.939486060292210058e-03
2.741240076166849993e-03
3.944910586747562252e-03
1.575352326018263300e-03
2.135980038546815042e-03
1.471718718777015236e-03
2.213675204966422325e-03
2.631550505573776715e-03
1.594270804869198045e-03
1.580943762021973318e-03
1.265280398841312328e-03
1.239671835085581547e-03
1.303030019391797790e-03
1.912042720584971114e-03
2.359323151549207187e-03
1.387281282749178429e-03
1.754287040586756602e-03
1.126572078041503978e-03
1.366260663197616399e-03
1.511084875625174576e-03
1.614934067720632865e-03
3.893808384392735689e-02
1.001596348915251289e-01
2.004353583100969369e-03
1.126454245432011864e-02
8.260777036919726354e-03
1.890792459522561142e-03
3.164561337754754483e-03
4.616930974803078527e-03
1.754175866463801928e-03
2.233011916409882031e-03
1.482148945377006035e-03
4.069680674127078811e-03
1.548448698474199064e-03
1.612701754422861226e-03
2.321354896009694257e-03
2.845339044731662066e-03
1.949659930088565047e-03
1.810065145959031778e-03
5.340224267710167588e-02
2.148203968237105081e-03
1.162778090220148962e-02
1.530035529110237730e-03
1.648138979342602187e-03
9.466481529546770480e-04
9.370318964265068711e-04
1.198183228005857267e-03
9.232564511485984171e-04
1.609310205858784310e-03
1.165856151596479998e-03
4.504436359729241737e-03
1.517544353096992194e-03
1.239641775215406068e-03
9.360142074831868681e-04
1.185561903861958926e-03
1.088345756031008525e-03
3.783514548662815676e-03
2.050625242169130166e-03
2.100966589813917790e-02
1.220794192458630328e-01
3.638122268319606695e-03
1.692484606668009234e-02
3.426347937969349052e-03
1.916722741424428189e-03
1.038501798181749262e-03
2.563496461290090504e-03
1.012114869712826435e-03
1.202036396823018315e-03
1.714953383168937731e-03
1.226448447807814909e-03
1.163930204279972581e-03
1.146572912410361890e-03
1.137958640322003214e-03
2.663947381550392686e-03
2.747383784764883229e-03
1.608272412401574522e-02
4.409057624425797434e-02
9.428540085992901396e-04
7.741423789019386166e-03
1.130229965509057860e-03
9.588366670477135260e-04
9.956246787507314761e-04
3.971798857848664842e-03
1.227585790691534170e-03
1.002768272228598623e-03
1.246817896752816643e-03
5.370908407966369646e-03
2.225035109290534295e-03
1.183660129664771982e-03
9.349085660096928107e-04
8.872812696586275310e-04
3.288340538002505233e-03
1.264485739810915742e-03
4.560640253194359929e-03
1.185388632087705420e-03
1.002733383847068506e-03
1.171498165253296924e-03
2.883930559059066229e-03
1.702047408260381166e-03
2.134955289496236891e-03
5.096038862883087855e-02
1.264953908653848047e-01
1.414128191092639932e-03
2.124902846150451136e-02
5.494978981126570801e-03
2.377071784656103678e-03
5.037291725140766174e-03
3.640378189084904088e-03
3.126510527792313639e-03
1.527958102953225856e-03
1.078273334275064261e-03
1.063364645058384765e-03
5.728642717185248624e-03
3.487914434973781331e-03
2.285152945461415685e-03
1.781231356204020363e-03
1.152563846820818224e-03
1.263053001738110399e-03
1.189396026977888139e-03
1.048588576621038281e-03
9.177656536841814023e-04
3.325891360106556643e-03
1.809072792639284180e-02
1.192440532156131272e-01
1.045504320896320201e-03
1.261309815277595822e-02
2.509544412217561572e-03
1.955864715296070939e-03
6.981364125287098724e-03
1.208980185680542030e-03
1.720196788479667416e-03
1.106296347433811207e-03
1.026889527790457403e-03
1.185092292918205319e-03
8.574396011150870562e-04
1.296124546704342448e-03
1.629159559396232927e-03
1.120476112599306205e-03
1.085264213095064878e-03
9.842152706390115083e-04
8.674151250806400341e-04
1.079855231910788541e-03
9.895163346919407920e-04
9.843755459903803014e-04
5.097008614443424186e-03
2.550090132630816742e-02
1.133157502339408223e-03
6.170127299197240844e-03
5.632018764130220607e-04
6.637471803404234889e-04
1.116852950793451992e-03
9.204694068517179370e-04
6.231116382876739947e-04
5.768783324037801349e-04
1.688315379410250524e-03
5.651240406566943389e-04
5.816301992029560778e-04
3.155800682104285132e-02
5.593078176295587095e-02
6.557467847967676311e-04
7.720570570595735975e-03
7.633793885095475039e-03
6.325571054627610913e-04
5.258523895878147465e-04
7.571093508601675843e-04
5.429962618566909699e-04
1.757054718846278374e-03
4.893999020981630588e-02
6.066847748861703415e-02
6.081803866580257414e-04
6.701685739374628990e-03
4.865917805458487219e-03
4.572221161751021876e-03
6.677810095639844304e-03
8.880734264321857524e-04
7.679806400972473933e-03
1.616148534930304890e-03
1.198130406473984187e-03
7.483838426196658079e-04
1.125743480174054827e-03
6.838837036595218563e-04
6.148505938845754250e-04
6.326889966168757883e-04
3.477886706728861542e-03
4.832566117697395720e-04
7.121250650854699755e-04
8.236157538341563195e-04
4.331046362686208177e-03
7.439462711093551214e-03
6.315422016699531087e-04
1.297681333651520873e-03
5.389448358693087410e-04
5.248053329480577289e-04
4.632529701183688182e-04
1.194794389797936658e-03
1.208959974667371236e-03
3.118090590001676432e-03
1.411373545514141813e-02
1.217501729690472064e-03
2.721479574914180237e-03
2.581874451814477819e-03
6.538293554182513390e-04
8.747635872812256847e-04
1.761626827381587365e-03
1.782278896485543990e-03
8.040705955009849401e-04
6.491922188117668158e-04
3.113190163053610598e-03
6.464883698499794941e-04
6.925651301712699428e-04
6.549095279148423347e-04
7.002953029305015141e-04
4.836384999684697214e-04
1.526226353092330866e-02
2.518408713180265643e-02
5.121045983348565837e-04
5.177333655707849237e-03
4.867509726665056151e-03
1.071132221511549151e-03
1.542578325115265834e-03
7.329086356602969657e-04
5.395602939836989477e-04
6.074067913445815566e-04
2.050016374349346217e-03
6.085449685064927032e-04
5.234682035300766050e-04
6.279460299912115488e-04
6.794894386184263278e-04
1.183757630021113963e-03
1.567292985135427088e-03
1.172698756493888595e-03
5.770550892229999026e-04
9.126386735499679827e-04
5.759814816437547596e-04
5.201270776059854425e-04
6.472403435098137911e-04
6.257151202982153947e-04
5.060314687871506935e-04
4.399605364136671562e-04
1.446333814731013074e-03
8.053141525626363604e-04
6.103544326851689621e-04
4.893262250539785968e-04
6.302823179955569909e-04
5.822211806130612446e-04
5.682128057262564530e-04
6.548427713840774796e-04
8.984849575443087759e-04
2.518289434100301830e-02
9.189828158383976653e-02
6.944436586230418387e-04
1.186331268512928229e-02
4.965090234900026642e-03
6.786151264816303250e-04
2.314483335226891810e-03
1.234315402526384338e-03
7.357569022056120386e-04
1.896513140722686603e-03
1.766756200128006150e-03
2.997744792868857044e-03
8.290329346931351196e-04
7.742485119708902202e-04
3.428556934511652228e-03
6.680697662325550288e-04
6.834952559876344112e-04
5.542478174677583150e-04
6.396278496857363011e-04
6.217582045611696855e-04
6.162411847364698391e-04
4.897419261351422352e-04
1.220676034568645004e-03
5.920656435027918689e-04
1.141785598283123109e-03
6.056864088223298803e-02
1.453986679270203013e-03
8.085042652217265188e-03
7.109402413604660846e-04
7.708342499790891587e-04
8.802252125684421197e-04
7.147201274626388198e-04
1.394729008986351961e-03
1.520691344428367784e-03
7.291587906482948148e-04
6.596813835528439604e-04
1.089712271150495345e-03
1.596504940495106079e-02
1.351284263711367006e-01
9.390696795181983870e-04
9.615648540106340805e-03
1.451347572685255088e-03
1.514929447840358909e-03
8.357436976241186402e-04
1.372036142635358691e-03
1.718209878202572351e-03
1.338754788485325585e-03
8.648597824501964805e-04
8.130516527568133018e-04
9.361706678841757567e-04
8.920044944114392587e-04
8.886169264442896152e-04
1.645015480142328346e-02
1.496398044842076579e-03
2.925922347358859976e-02
2.379584861371891041e-02
2.292667753483227169e-03
3.321105279691147390e-03
4.283194437002635184e-03
1.759423014262546632e-03
1.070707929149878734e-03
1.706873333786879891e-03
1.470515787223485331e-03
1.583502951552380380e-03
2.514953017215560901e-03
3.454883419835072696e-03
1.330398506482452330e-03
1.308131577521773380e-03
1.260950842642769194e-03
9.500625418727660573e-04
3.316316054882839648e-02
1.676343024867814890e-01
2.019352458402183699e-03
2.861212388985306596e-02
3.350552326191854040e-03
7.445872412156198574e-04
6.541707530776920366e-04
1.707960313034924491e-03
1.052522333122161979e-03
7.554704328677268538e-04
5.674303018856956477e-04
9.433990612031673559e-04
1.620461913250733190e-03
5.650683030418331143e-03
8.318214947877732024e-02
8.392856530214732116e-04
4.021080233161437867e-03
1.157866261031126201e-03
5.937028460046831803e-04
8.752735041389871551e-04
6.579061518766296393e-04
7.168511156246551528e-04
4.977583021947232927e-04
6.524516926109324381e-04
8.482982347609343676e-04
6.424739025909017177e-04
6.791171518705916470e-04
6.641257636713246383e-04
1.236883178542871366e-02
1.698393653967143410e-02
5.709968640063524045e-04
1.975304948085413338e-03
2.168590614055467686e-03
9.524998505099862125e-04
9.036155716558930606e-04
9.656246377061556731e-04
7.105505654053465708e-04
6.316429578231304558e-04
5.909053782835233968e-04
7.945020932132323705e-04
1.013481330242850314e-03
7.376502715433953675e-04
8.583039904142124874e-04
5.998573440064266160e-04
9.914878769385166921e-04
8.763430432839927316e-04
7.348678329809050060e-04
8.699188963453794452e-04
1.151511806875699095e-03
7.918997404355633280e-04
6.532865984146275220e-04
8.602491173864327103e-04
7.875758991319380597e-04
8.747426192354324295e-04
7.835291891289883348e-04
7.653010374637644279e-04
1.037263689740078494e-03
1.249840502124915974e-03
9.004394805359242603e-04
5.759218856519882340e-04
1.997979431418539335e-03
6.476822682347193856e-04
8.601892021958973140e-04
1.231487208007978973e-03
1.086786289776733166e-03
8.735834789470839660e-04
7.434322279178441368e-04
9.130864138460242007e-04
8.525841205978672852e-04
1.068857223956590132e-03
1.089895732602123076e-03
1.114992156195224486e-03
1.086550706205778030e-03
2.176202725950880049e-03
9.640887414476306035e-04
5.971340212619553368e-04
8.567588665183332140e-04
8.334158730314639640e-04
8.129771614123342286e-04
6.559773369492995958e-04
1.013661000955188738e-03
1.299968391987077650e-03
2.656464281708107583e-02
5.185324809036265248e-02
1.048851891980303371e-03
6.859994731748610824e-03
6.527148422730328151e-03
8.054200452789223724e-04
2.655288850937121119e-03
2.945827139968138463e-03
9.057387911180969295e-04
6.187767317561323858e-04
9.174126364035776679e-04
1.232675001674693937e-03
3.312266805818676017e-03
2.845431619803733339e-03
2.037058232335808156e-03
3.539504309114675090e-02
9.481947564531034711e-02
2.537986820057272410e-03
7.961703335834012171e-03
4.523305469163850165e-03
6.788567050802893268e-04
1.773401183353627824e-03
7.372723099994294175e-04
7.406759853499964670e-04
1.213684877008473686e-03
6.571243636759581961e-04
8.217063471159023833e-04
6.235567331284966493e-04
7.391741352287244798e-04
7.650797946379332519e-04
1.286864443980306272e-03
7.028236747628441132e-04
7.112695678453493514e-04
1.131897586200336083e-03
3.205399153142955617e-03
1.335886718208223987e-02
6.614834019459606010e-04
1.636511017622132485e-03
1.107347362235369583e-03
6.484728449178006355e-04
6.797818596871044519e-04
1.628628928930676541e-03
8.794746166476739933e-04
7.454222047277810938e-04
4.391120873846450588e-04
4.394633895092275150e-04
4.907667316906699773e-04
9.899378181274824055e-04
5.697211751298100974e-04
7.264392280670684335e-04
6.537836355475365934e-04
5.136939285157577327e-04
6.893698563756460755e-04
1.368873369138534028e-03
7.505314041186423105e-03
2.293304098991583856e-02
1.171695645445725237e-03
4.829811973136260636e-03
2.627611356608212326e-03
4.528008620732832030e-04
1.133379368120080105e-03
4.929843731516259401e-04
1.315366823589065974e-03
1.195869526628630690e-03
5.147656203554150768e-04
8.722065467815283022e-04
1.610683960541946019e-03
1.366845416765986735e-03
4.772078560111657594e-04
4.742349685938440466e-04
7.675976553921296354e-04
1.225772474224520519e-03
7.998352516124608352e-04
7.716984111183608410e-04
2.454694420110576855e-02
1.197412851933167821e-01
4.802698920209865548e-04
1.304733625349449762e-02
3.421816027193949183e-03
7.396513679713100217e-04
2.382916760102932532e-03
1.019555251343546784e-03
6.508597517174131942e-04
5.267670845204273661e-04
5.677751672065738543e-04
5.319206992546399388e-04
8.749058189405150513e-04
6.733396549750282189e-04
7.544798520632708082e-04
6.076816178342523984e-04
7.892247124901832171e-04
4.696994201005944111e-04
8.765469532982903163e-04
4.713502606491976380e-04
8.521575584462554726e-04
7.689823053287789473e-04
2.287566217617015979e-03
5.590855716044532955e-04
6.620129937413630865e-04
5.606496957780014896e-04
5.230578074651362616e-04
5.345531429384267445e-03
4.948077148006310017e-02
2.119827931224748264e-03
3.649916556928327251e-03
1.035842857912384288e-03
1.775213557332869403e-03
8.150772871560393873e-04
8.598030463789895373e-04
1.197409162409299524e-03
9.982682866274260759e-04
8.451515199170746024e-04
7.454619601026741182e-04
1.327798720942215040e-03
9.692014266565706889e-04
1.033614371334503268e-03
1.191820272832601856e-02
1.573649076023938831e-01
8.698481965335496313e-04
1.457737562843930759e-02
2.561120922182917332e-03
1.756293053987586453e-03
1.745182840701452968e-03
7.671072388468778763e-04
9.948990656205465837e-04
1.761886759176137371e-03
1.470586848477351384e-03
2.109186656786463197e-03
1.988080542242099021e-03
1.030275680288018393e-03
1.104332718114840132e-03
1.811049755793412786e-03
2.956395429783111560e-03
1.939285686119115743e-03
9.991564468906854405e-04
2.125934045411738069e-02
2.551751882541534316e-02
5.522665792955396176e-03
4.598800017233555838e-03
8.927795626630310663e-03
3.171833409718688001e-03
2.602664887797669340e-03
1.717266614840728955e-03
1.949429456806687447e-03
1.986147167571561400e-03
1.658454417686612255e-03
1.471605520664359028e-03
1.310089471457782278e-03
2.318261284742074817e-03
2.397699466219254272e-03
1.895512912066774341e-03
3.048054206784856987e-02
1.766952530864106807e-01
6.622936616376379031e-03
2.762654399041460443e-02
3.436245173990222501e-03
2.194216343164150009e-03
5.700223165066824063e-04
1.034107030225148161e-03
1.052443889282854298e-03
1.453453554275153502e-03
2.742303507716832740e-03
7.793729094266481014e-04
2.630525213125156723e-03
1.121882123577473819e-03
2.173603633375301505e-03
3.076838189393465029e-03
4.478831585507269536e-02
1.149561360966912509e-03
3.556547576605815358e-03
8.289070735558338792e-04
1.125191664084945666e-03
5.348767098712639556e-03
7.368297742397337830e-04
9.274180240717846621e-04
7.419618715288055786e-04
7.896126087008519586e-04
9.765372616209308434e-04
8.825485793690534186e-04
6.832884057133591701e-04
9.383622265760093503e-04
2.408954740037840079e-03
3.121847889881768090e-02
1.032829794844808543e-03
4.772457277669723066e-03
9.927983032170305082e-04
6.977748699798494089e-04
8.702835168629005852e-04
6.955815948839108153e-04
5.768005839967027017e-04
5.416596918716282388e-04
9.213733427573024288e-04
7.191357692450361374e-04
9.825179451862912396e-04
1.029432955871389466e-03
6.366952078679626991e-04
1.161572531039455763e-02
3.883290049930170074e-02
6.087287013313625629e-04
2.567180167537488292e-03
2.164302667964231128e-03
4.778002360407037057e-04
3.307262315123650964e-04
4.813142950093323314e-04
5.308236174950932895e-04
3.423606591905326664e-04
5.340483349029207915e-04
5.784761986954497105e-04
6.456739845408194589e-04
8.212177339337287411e-04
6.802980583233452557e-04
3.663199734000609914e-02
1.230535132781123142e-01
6.041340598379808021e-04
1.350823114284994964e-02
5.892761364889832591e-03
5.496060403862311526e-04
9.731600496327215844e-04
6.788231014352405805e-04
5.855205911594151122e-04
7.440073228066651674e-04
3.982679688100733981e-04
6.284585092219707216e-04
4.267206985404908121e-04
5.101865479964293052e-04
5.241201371828928561e-04
4.482197568987927459e-04
6.260779208812714686e-04
2.812867438162937068e-03
1.847146875158559715e-02
5.576864875442653219e-04
1.738837386831579811e-03
1.008072451966969324e-03
1.557533232427406799e-03
1.557031976678884206e-03
6.976898774289784673e-04
6.472418388179624693e-04
6.276127217867876135e-04
6.957533172806379786e-04
4.455386249085878641e-04
4.326335259131015637e-04
1.278349487487833325e-03
5.724040064503406857e-04
5.843851186086873074e-04
6.810488841809575781e-04
4.831372158800081168e-04
5.804146925652416307e-03
3.565981336741010782e-02
7.081136807917856992e-04
4.064126169763564687e-03
1.783543638459402598e-03
8.071964328669711504e-04
8.649515259151754291e-04
5.277861941435417698e-04
3.548334112713337029e-04
9.257972655357577831e-04
5.873574526116607641e-04
8.198999175594227744e-04
8.283438843951939539e-04
3.999926695607268511e-04
6.446232383983624501e-04
6.748382609019111652e-04
1.669581055091875002e-02
1.283728615993975086e-01
7.548508183133443303e-04
1.071584044056092706e-02
2.766293375551493513e-03
7.139850238154903670e-04
5.207721399004732257e-04
9.638614699183098780e-04
7.168076255634651473e-04
7.033465741678933359e-04
1.264407176723096170e-03
7.577807740796729721e-04
5.380332197212080690e-04
9.713056510702669250e-04
1.049623701490835087e-02
4.830445896466432909e-02
7.937904993084364492e-04
6.753423655531692014e-03
2.341716472710495076e-03
6.243094598273417600e-04
7.785369783011119151e-04
8.215825663667031655e-04
7.204592835044818346e-04
5.901508407367594055e-04
3.842303113239177621e-04
1.052631569277211795e-03
8.277393086359057569e-04
7.931136307315220452e-04
1.636222285884387237e-03
1.855058179252883771e-02
1.485992711668099320e-01
6.831269852480944182e-04
1.719320978624468491e-02
1.941345315553456982e-03
6.666164249931862346e-04
7.449271035988092645e-04
1.232315724350448215e-03
1.063356633477520984e-03
7.495610637175369314e-04
6.229061206974897654e-04
7.905346816573497783e-04
9.756075955014944416e-04
7.076396737064853800e-04
8.631835837606400934e-04
8.137349257019146302e-04
4.854493022803957163e-03
7.992053800217928860e-04
1.503021905365048948e-02
2.860340561063733078e-02
9.552904389704522424e-04
3.703201900897019894e-03
9.090876004606805727e-04
5.404794474357343644e-04
6.045323718595014889e-04
6.028185179546265366e-04
7.026069097562246063e-04
6.630096840831760591e-04
6.729965926829935361e-04
5.161950030702569395e-04
3.827825010492062708e-04
4.876929256602623272e-04
4.157590269045324111e-02
1.570907048903696090e-01
7.177207300023246816e-04
1.916225454572585696e-02
8.787610144613275734e-03
5.960120167898325843e-04
6.455067356567435397e-04
5.049684651360997287e-04
4.205654801982031642e-04
4.129309060478042665e-04
1.558754966258984803e-03
3.766080889986096530e-04
4.878265405251192531e-04
3.645790959258316324e-03
7.057026032842918803e-04
3.890234622571658732e-04
1.156738691186613623e-03
1.924750132802259192e-02
3.838858446701922528e-02
9.161183478004567829e-04
3.469967902509368037e-03
2.937608097598586737e-03
2.953146395518826159e-04
1.724979682097305144e-04
3.212788186069645319e-04
1.142098777793035952e-03
8.143165991504212669e-04
3.030280108509691463e-03
4.957718018467018777e-04
6.984066162709085934e-04
7.366366001274433310e-04
4.392995168472008712e-04
8.546318053051068977e-04
7.072925816080745170e-04
1.498379885460587348e-02
1.015846863575715561e-02
6.339656445325011613e-04
1.164086097254486739e-03
2.175843797830059184e-03
6.195864065719709551e-04
8.426807786042442858e-04
1.060375129455096502e-03
1.341760457360834536e-03
5.629750873157961504e-04
6.769966801136142109e-04
5.750037276555554225e-04
6.118515450585458853e-04
1.165310586956217701e-03
6.431192165938441445e-04
5.233211087612054313e-04
6.229796421537929898e-04
9.115581574441120744e-03
5.652962331369140031e-02
5.764546240094014498e-04
1.014199870791969611e-02
1.353608482092585321e-03
5.285747786394727477e-04
6.149100803649654211e-04
1.080732012446744420e-03
8.041901267179131637e-04
6.168463086361670750e-04
5.923814412743538685e-04
8.435231799734771961e-04
7.584017753001037580e-04
1.128870488846224701e-03
8.831827965895607414e-04
1.609678498566256008e-03
7.738427502076768594e-04
3.242274402251902471e-02
1.038912838170360647e-01
9.171467988894307140e-04
6.733988316253940350e-03
4.076193718712063478e-03
4.969856729459588580e-04
7.443081386842198728e-04
5.828040117961209637e-04
5.925904313237120337e-04
7.030720590436021541e-04
4.997401535497201759e-04
5.307572913645663450e-04
6.365132121900102550e-04
6.544180047254263572e-04
3.751163264650263359e-04
5.742969008710541515e-04
7.351612621125833916e-04
8.755899945337958885e-04
5.520407936802400805e-04
3.033128658434651372e-03
2.762251067205068883e-02
4.880397820475019599e-04
3.623013756589758740e-03
1.078837845392284413e-03
1.098248941801397739e-03
1.076734004588887411e-03
6.191692598735336426e-04
2.280969995796381863e-03
1.113986975895972075e-03
1.901884053368834262e-03
1.383377118953760775e-03
3.880790008851143515e-04
1.012953411995113837e-03
7.867669848960949595e-04
4.852179671530727702e-04
2.662520724877655547e-03
7.727064441190287280e-04
5.933596008448290861e-04
5.921490151507640375e-04
5.046555547523214579e-04
4.732206386795918514e-04
5.271509657315785746e-04
6.133834609500682681e-04
1.099076501762653348e-02
4.232146979013438892e-02
9.180003222556882593e-04
9.570718124384508529e-03
2.068732266085359685e-03
4.694758711851307765e-04
5.824620263506299651e-04
5.881619896780799616e-04
5.503928925247831639e-04
8.505504848118323287e-04
7.842374177522428661e-04
7.320127465152253795e-04
5.375756382264577828e-04
6.831341361322896405e-04
4.822381943217318419e-04
1.675377592909299204e-02
1.111653319333312934e-01
4.072736838366864840e-04
1.035242107187374187e-02
1.305635632381677924e-03
1.937703767968590451e-03
2.480610728058418955e-03
7.994687711906506289e-04
1.153962012783910996e-03
4.587152232873027658e-04
5.571987755684925259e-04
7.623426694891256503e-04
5.702106024883017927e-04
6.329277642842817296e-04
6.876365931746691472e-04
6.869107888772447729e-04
5.451820510997413671e-04
1.703336976490617922e-03
7.772274157418350730e-04
5.710739902012749915e-04
5.410397719576691151e-04
4.000863849552547028e-04
6.940781283635221680e-04
9.040807277507774235e-04
5.065313573070459900e-04
7.021549439984244327e-04
8.341365010785262981e-04
8.158066518789118277e-04
9.113441392777468005e-04
1.339973032389541732e-03
3.077429726900919680e-03
4.741923870327131862e-04
8.148291992344841497e-04
9.085322788810509809e-03
3.415270747074782703e-02
4.860699750903094379e-04
2.154833171478469974e-03
2.328817559747268454e-03
8.413561073939800202e-04
8.791112837497613375e-04
4.521497347641967486e-04
5.319908174892543301e-04
7.189335828251332576e-04
7.732015726170228618e-04
1.634012572365439340e-03
1.458826420886716194e-03
1.184116688164057671e-03
5.436796611778356089e-04
7.125945560554628388e-04
6.732578572406851432e-04
6.184260958700303840e-04
4.880387544635521172e-04
6.320871241549465584e-04
8.240509068935265293e-04
1.154316375657335166e-03
2.021463450003012363e-02
1.389406725859192726e-01
9.651056906427276424e-04
1.119947592900388117e-02
2.890869308368182455e-03
8.509681956577915245e-04
1.323067349422037565e-03
1.766196287183866140e-03
1.228625520580585049e-03
1.136982003031796959e-03
1.028026347667899271e-03
1.057764993584876584e-03
2.124231178330878139e-03
