1.253328969804901605e-01
1.182855980725080330e-01
1.245494417935470305e-01
1.595439808445267282e-01
1.217380921258296028e-01
1.258604950006549095e-01
1.246251069648788290e-01
1.196855693461399556e-01
1.198488128824705401e-01
1.180473588858046013e-01
1.172455633661622504e-01
1.182478572121696686e-01
1.158914502820962700e-01
1.237108479799612359e-01
1.219137522795010614e-01
1.250811404187463782e-01
1.190967135475938243e-01
1.192601342548519489e-01
1.413504741076319071e-01
1.289756251936082232e-01
1.189620694076051338e-01
9.877013466194649316e-02
1.028005544757969042e-01
1.030361507751127725e-01
1.045736449417574848e-01
9.540965371458681732e-02
1.003569984199086801e-01
9.834595773257147344e-02
1.053530691070991704e-01
1.045166067640105889e-01
9.851519948972582708e-02
9.575567021324682404e-02
1.397160567897111072e-01
7.586195320320551772e-02
7.909225626189521352e-02
1.637438362420173543e-01
8.509978633441395157e-02
7.142420967597805370e-02
1.158116676333902778e-01
8.132009307452174596e-02
1.051375400873001686e-01
8.725655098549059407e-02
1.027819638771084870e-01
9.225667731623736489e-02
9.702950225753347036e-02
9.485363914214209324e-02
9.470700932450416831e-02
7.751644570081582530e-02
7.069753355155201924e-02
6.882425754730411849e-02
6.845194481863431379e-02
7.265975433539346995e-02
7.688779640670342919e-02
7.403066336810962267e-02
6.260177266100216964e-02
7.117814580553358250e-02
6.311387655612873959e-02
6.980335499192533155e-02
5.065145638219682028e-02
9.870724353893532699e-02
5.633697763676211168e-02
6.166873185868779195e-02
5.639499844586880195e-02
5.483580512178305721e-02
5.477952992531534560e-02
5.465369400267931083e-02
5.777878292367178564e-02
5.716971815181810801e-02
5.488934994153483321e-02
5.737921838599927687e-02
5.623208139077533196e-02
5.592539684765150676e-02
8.665923369559155875e-02
1.328412704218424334e-01
5.922785335852365912e-02
8.136713151112337505e-02
5.815598714904957750e-02
5.605415313278634681e-02
5.351834054975539851e-02
5.558130355623149693e-02
5.675403072536078231e-02
5.539888133468399978e-02
6.950328339824875246e-02
5.758980869277285225e-02
6.948837774208665996e-02
6.092120197672384191e-02
5.894247656822752118e-02
5.413502998952904322e-02
8.161734866946404598e-02
5.518753768633510859e-02
6.836859130015061903e-02
4.792693563072583651e-02
4.861631475506911215e-02
5.654616713547275242e-02
4.958960831601578328e-02
4.240611672196956117e-02
5.361516683404972394e-02
4.699071596544597551e-02
5.207505084025496750e-02
5.066135880437880323e-02
4.907159333028009857e-02
6.778692643840848742e-02
1.015964187203101526e-01
5.277524348067248738e-02
7.367134694054582045e-02
6.135892335416880117e-02
5.320639015142988870e-02
5.586986026912774128e-02
4.708140744672309475e-02
4.865948644290633146e-02
4.952498836034571056e-02
4.867123789048732191e-02
4.335219000020534841e-02
4.124333024274691450e-02
5.208290907952174004e-02
4.795727345387137269e-02
4.826111194667097315e-02
4.865663656437260037e-02
4.749382047506296722e-02
5.007665262153267183e-02
5.351401736917948265e-02
7.710677040580719843e-02
5.062512252767908255e-02
6.330634684044174343e-02
5.195266838849607605e-02
4.853686599341684726e-02
4.788579298762615788e-02
5.543741778644075552e-02
4.930187151892406749e-02
5.718544449478718539e-02
5.592006296528296422e-02
4.876377266502700258e-02
4.729146670252239171e-02
5.570689975292281854e-02
5.694647763581534017e-02
4.591308691173184853e-02
6.207994893746503207e-02
9.677793099830214740e-02
5.912385348498827575e-02
6.201789055460521505e-02
5.189609714325348067e-02
5.419811799492180171e-02
5.019653239778152504e-02
5.403327945946259647e-02
5.662597199249995439e-02
5.179285848864041697e-02
5.448591745241556511e-02
5.098841799154605475e-02
7.787002512307508728e-02
1.555211477976000678e-01
5.044794116936864026e-02
8.323713753189355968e-02
4.644424936349505345e-02
4.438178373129270798e-02
4.261061816221609067e-02
4.298315966327938970e-02
4.410803306570997701e-02
4.318616266340945947e-02
4.298637755665182109e-02
4.249239308152651107e-02
4.234650939035881217e-02
4.297721846365452902e-02
5.125501995422743207e-02
4.238534714094743805e-02
1.046429334540392164e-01
4.262829665862093859e-02
5.723106343026134607e-02
7.218372266629931311e-02
4.708929720678296099e-02
5.269225599627314766e-02
4.733043160367410296e-02
4.550192125963339884e-02
4.747900169246978275e-02
4.531005821499475839e-02
4.448554072285979682e-02
5.062799728372515545e-02
5.294892796334629836e-02
5.223622587308176385e-02
5.327841594494529126e-02
4.674917967201312058e-02
4.512904958396588007e-02
4.388874808900170704e-02
1.166101449510497795e-01
6.918872528828455548e-02
4.336387984914853028e-02
4.150773830912445755e-02
4.971613942687714421e-02
3.675464882923142745e-02
3.618796982175792598e-02
4.005785093151571080e-02
3.451570924245319499e-02
3.595400571619408042e-02
4.025079587030604839e-02
2.910979063864639962e-02
4.533266458228876056e-02
3.966751568588817306e-02
3.796999293072522014e-02
2.419928989724395504e-02
1.005415813007880937e-01
2.487369176919521779e-02
4.940787796885882238e-02
2.004021868185603891e-02
1.970564823652823372e-02
2.500276929313464958e-02
2.133017052039888270e-02
2.132132645519747502e-02
2.104869207608196444e-02
2.046220920905351959e-02
2.257230062805935800e-02
2.079974953537229790e-02
2.601760721097445134e-02
4.384680828122525936e-02
2.248252377508339755e-02
2.629466307117726831e-02
2.044071932998697480e-02
2.615460721873021435e-02
2.004137182855749225e-02
2.631339964273155668e-02
2.015685302117460609e-02
1.944884277829236202e-02
2.012315185970353637e-02
1.985379107959925685e-02
2.833320315576949230e-02
2.522727080204453798e-02
2.884856016623401145e-02
6.575691842940187271e-02
1.976248834794810602e-02
3.760630157951412589e-02
1.871767320689457850e-02
1.903172671605302818e-02
1.970488483776191430e-02
1.768267616772713907e-02
2.213940646816271382e-02
1.629709004748386772e-02
2.431357521320900647e-02
2.365631836746277111e-02
2.371889014148358468e-02
1.579389900016697768e-02
1.633139236107650216e-02
5.587676321204949198e-02
1.281724199280354082e-01
1.829689987017032310e-02
3.924251655944667461e-02
2.414930718101670690e-02
2.547427459616559767e-02
2.228246930626606379e-02
2.035237324822764329e-02
1.701688919749660620e-02
1.782057582884783581e-02
1.532427445561102518e-02
1.710874756333934793e-02
1.737430215032120806e-02
1.776455921196689117e-02
2.072399752838448295e-02
1.720860374046237137e-02
1.584101061273686037e-02
2.126055681044085668e-02
2.108551051655731604e-02
1.676987399193443501e-02
1.769273363673644697e-02
3.946158201434567941e-02
4.958756531703638337e-02
1.777106565971543414e-02
2.152313724843799708e-02
1.650756201876752913e-02
2.721019907475092856e-02
3.113058125995557188e-02
2.059147420609439352e-02
2.602070879196535097e-02
2.412279391419413360e-02
2.143301380065660428e-02
1.820885106302585349e-02
1.943778866336714692e-02
1.982097361225324678e-02
1.928396739634526125e-02
1.728791581629912991e-02
1.980006303017526822e-02
1.285766776036978941e-02
1.262907290054723908e-01
1.648665570193585603e-02
3.890491988452297878e-02
1.201080800318536125e-02
8.673144880072902393e-03
1.127925025182461606e-02
1.003698185784732827e-02
9.169528260516040738e-03
9.281231191407819311e-03
8.085680126548457081e-03
1.300772292482013648e-02
9.833311289976902694e-03
1.652060796126581660e-02
3.350525419115481934e-02
9.597470659708541574e-03
1.861820172840181545e-02
9.503406310859803877e-03
1.075380978104005167e-02
9.347876406261092230e-03
1.220757259280677402e-02
8.701381958014290513e-03
8.687424411117311215e-03
9.041921360892267098e-03
8.608146484728030831e-03
8.444655115705954063e-03
7.910069208437411903e-03
7.795399428305511448e-03
8.739736312864962789e-03
8.447716981683060442e-03
8.431621883274384444e-03
2.837557595068145727e-02
6.125458504416962657e-02
8.904584706282289708e-03
1.795581061105725601e-02
1.201142022263246636e-02
8.611093603125667684e-03
9.733993478888676790e-03
8.535505158896963818e-03
8.337823354190736919e-03
9.541294776274576381e-03
9.621536417394086285e-03
8.433303913885720204e-03
5.981073090523492813e-02
1.391916991104370505e-01
8.826773827453322438e-03
3.354559913542816407e-02
1.701432152222292007e-02
8.387321399390497770e-03
9.268551609357056006e-03
9.644126334478163309e-03
8.670122663885178327e-03
9.296677828834684632e-03
9.786098956457951054e-03
1.038426798611644108e-02
8.216762487342319995e-03
9.282742370878910992e-03
8.341144368383360264e-03
7.549652510330033019e-03
8.506144421867044975e-03
5.184961393933947178e-03
8.091907840641713104e-03
3.043425817479011863e-02
3.816831396198950427e-02
1.099908082694218622e-02
1.245145289688164014e-02
1.572140465196422698e-02
8.846848725182066345e-03
8.546696722973279661e-03
1.103664632711188510e-02
7.997653923377999463e-03
8.926325278055188828e-03
8.813503211743331511e-03
8.610966668655246903e-03
7.820919374727735782e-03
9.611956489044412230e-03
1.050723905519374349e-02
1.209212094827292507e-02
7.344933332986004759e-02
4.985403301511519281e-02
9.241985698825443130e-03
6.368957688594206572e-03
1.242062393948234304e-02
5.811679833188547820e-03
6.923283003728142489e-03
9.764627244828787134e-03
6.259172984687361510e-03
6.696697230225568363e-03
6.063030955016023363e-03
5.480540216959848415e-03
6.050849690419805166e-03
5.669633227424003552e-03
1.082259442254028016e-03
7.446851133453290250e-02
1.361617915429684392e-03
1.003887162398040683e-02
9.121376737464731476e-04
5.927636085354270759e-04
9.640081627960636612e-04
2.007021995846524059e-03
7.156378337594289894e-04
8.361387386177183620e-04
6.924858503604509538e-04
8.585559077908890696e-03
4.753386848012331606e-02
2.209762598927033066e-03
7.664672666937459231e-03
3.404588611495708728e-03
5.225889826262566668e-04
6.081016418799928399e-04
3.347442699827304999e-04
6.047611876791548699e-04
1.293865439550090932e-03
4.571147282421809152e-04
9.310374403744189073e-04
1.636608192079713146e-03
1.975173899587237374e-03
5.623100931114669975e-04
6.697896398868148204e-04
3.299849256782133589e-02
7.193080532481407885e-02
1.733829244187809612e-03
1.508504483472837901e-02
6.166334163149928341e-03
5.760559367736594162e-04
1.593164377950255072e-03
7.528605662910469853e-04
9.511350479706540129e-04
4.022732651798249272e-03
4.654188224591164318e-04
5.314719593426254617e-04
4.670148100342014154e-04
4.562632789845423066e-03
1.735541920624410856e-03
3.520017264248138846e-03
6.699344211274512947e-03
1.206174069611772454e-01
5.665689182041576052e-04
1.322492945546727659e-02
2.237446096216416918e-03
1.606064370979757693e-03
3.269558145647454700e-03
2.322865296889834244e-03
3.831130530500817186e-03
8.065080767594582159e-04
2.345006656167503319e-03
2.251189254125197242e-03
3.059877214589053901e-03
2.586109396253733015e-03
8.737759133602009771e-04
6.912588343333897446e-04
9.919756448823848806e-04
5.444025974896650943e-04
4.915382695998103809e-04
6.634115227020820653e-04
2.551928792594163661e-03
2.182336039053555526e-03
1.924883765433250482e-03
1.236149916450560377e-03
8.741313301377193505e-04
7.649288825453991799e-04
1.001541346351959589e-03
8.352068727051607105e-03
1.098705922532481997e-02
5.853264678910593925e-04
1.496052422471546781e-03
1.113963943656446102e-03
8.873247637984954701e-04
2.926639142981549320e-03
7.810907627653091573e-04
5.892390268366429077e-04
5.024246443067446888e-04
5.615207702422068525e-04
1.836912084624506411e-03
6.857801852313957433e-04
7.230347168477804657e-04
7.858348020378926003e-04
1.847953646495551373e-03
1.845036059639307150e-03
3.090251183335378585e-03
1.440512085290651407e-03
7.694536683745398708e-04
3.123856562920048624e-03
6.820844965887244704e-04
8.415300127512569204e-04
7.773691693734830974e-03
8.534700917412234300e-02
6.086662208818313831e-04
7.179299555066109492e-03
9.225215382567909577e-04
1.583567626429863194e-03
1.887091379029716062e-03
1.010418418245541189e-03
9.200661569636949541e-04
8.232428671612883764e-04
8.759146654273037430e-04
2.654808981777801672e-03
7.080640212711715670e-04
9.045466920933656861e-04
9.141566806533644616e-04
5.934948909423555562e-04
6.127385070298683274e-04
3.821693641088647151e-04
5.127768669596287051e-04
7.859826649996210814e-04
1.871559996702249883e-03
2.070238049515471870e-03
9.792669533136015743e-04
1.156288264586623985e-03
2.597529654861310041e-03
2.272040097273613987e-03
2.653306373045091066e-02
7.258759409434989429e-03
1.257485443462543840e-03
1.810791423265126470e-03
3.436456878267397669e-03
7.921109423483603182e-04
8.840616681607886378e-04
1.854030453298698925e-03
8.497445061926865500e-04
9.126880297446790915e-04
5.605769321820537913e-04
6.311796210937336768e-04
6.334820909014568166e-04
1.074137718285381876e-03
1.901047334074105338e-02
3.991486080246518103e-02
7.275538719230088694e-04
7.435084052805978998e-03
2.333261901468413474e-03
1.647882714977213538e-03
1.690144785098420714e-03
1.557211909975206700e-03
2.212744400191507532e-03
7.049933014470644715e-04
7.643150169147892338e-04
6.172731654068210495e-04
6.925736938284648807e-04
5.782000601864559306e-04
6.675220909888863845e-04
9.507184280845790971e-04
1.325719836832998239e-03
7.152492180111391391e-04
5.382576423519382786e-02
1.029878508304684359e-01
7.248101485166043908e-04
1.448738832146602776e-02
6.951480436040932860e-03
1.954129948577170133e-03
1.989640757204364299e-03
1.855976631147085833e-03
2.122852949226609800e-03
1.891228163114320451e-03
9.546962171427901805e-04
9.588727641941868166e-04
7.731108917570177598e-04
8.526436805834151878e-04
5.113595986384866223e-04
1.249693484966128091e-03
6.753241948652911539e-04
7.108764777500701246e-04
5.179240530365280875e-04
5.653376821371652872e-04
7.881863302103861262e-04
7.521323779046248850e-04
1.473781892603127225e-03
2.030464393816352846e-03
1.600817164517656654e-02
1.312862142145465247e-03
1.176520495104165474e-02
3.188737560213482369e-02
6.425280651727977802e-04
2.654266169924639207e-03
9.956864603744546710e-04
1.583432672391305680e-03
1.214947392029612407e-03
8.491980734990799877e-04
8.174875906481131977e-04
5.860340514351893666e-04
6.071718644258368913e-04
1.002084115055327336e-03
5.327003361957914672e-04
6.211464308617938804e-04
5.482243349417780225e-04
5.615228780561802363e-04
7.226749669296396276e-04
1.609513482696101755e-03
5.268188827673118014e-04
4.202375689106650769e-02
8.937938362069214326e-02
5.691870040103867191e-04
6.685562062560886087e-03
4.966812955280973385e-03
1.071700026222065184e-03
2.244364824030132752e-03
6.337153630963727113e-04
7.817605262095956957e-04
7.636254559397616208e-04
8.359439827340669907e-04
6.051221025990831306e-04
1.989381372223355572e-03
7.025745509247426470e-04
7.420580897793061436e-04
9.859204298703579984e-04
7.852532928863596674e-04
2.108268039812948892e-03
5.148773119402863833e-04
7.861727150227066458e-04
7.988652686498686839e-04
8.109588714793508927e-04
1.029892822448621710e-03
1.475774356159174428e-03
1.895649086345531321e-03
1.175271240382556827e-03
1.327862538596245260e-03
5.048998111886283729e-04
5.641394985107539041e-04
1.860902761441604863e-03
1.929745888152533881e-02
5.263605270533289887e-02
6.445685422050686977e-04
4.833805602718756027e-03
3.680768822661851462e-03
3.607507888758560485e-03
4.859690144357805934e-03
4.758763849946317376e-04
6.550669027269474939e-04
7.064868559656119597e-04
8.308489592943435302e-04
1.195793003326039647e-03
1.460797386771010625e-03
1.753134242228438855e-03
1.660675373930600371e-03
2.035400065781351429e-03
1.946231258369031337e-03
1.516778199441915116e-03
1.940480527841883336e-03
8.284717314799712809e-03
4.353577142841872499e-02
5.142100518183568680e-04
5.643497675004814119e-03
2.023133915680878653e-03
7.722310736822767105e-04
1.783327027679091356e-03
4.997937172804224528e-04
2.664076542721991944e-03
7.957375061187781009e-04
5.309538884029728475e-04
5.409045154393410946e-04
1.699091351252967263e-03
6.339360500597852931e-04
6.172100724550331650e-04
1.913566327009969675e-03
4.979957665978670999e-04
4.604799205416765435e-04
6.086366300657873769e-04
6.827721674009487899e-04
3.278203623122302041e-02
7.611132528803797592e-02
6.816460315010588675e-04
1.700018713728668543e-02
4.506287449013002440e-03
5.601457582976253867e-04
5.579549626967582939e-04
4.930848672333664699e-04
1.191464337735661204e-03
5.547911552429809134e-04
5.486148128609992167e-04
5.945513693156347351e-04
6.197179981150992409e-04
3.916290123706264205e-03
5.934120005511338758e-04
7.090053478962208026e-04
1.888526303530504514e-03
1.013206183337862255e-02
1.022368066001505121e-01
5.489460597333813531e-04
1.135699545778315507e-02
6.393145583206126005e-04
4.196788167267739280e-04
4.010312355809516542e-04
4.156440674590436749e-04
4.725687943344137622e-04
4.187513328246171259e-04
4.277546605373228885e-04
3.902611275206683238e-04
7.262578153413706003e-04
8.205156890510503353e-04
7.397133858758194076e-03
9.391473693356959529e-03
1.372842752571995376e-03
1.413715288581620906e-03
1.597457747087750648e-03
7.024558211872118131e-04
5.284845877887141491e-04
5.642896520545405067e-04
7.663997084895672173e-04
8.793323676210944035e-04
5.657806162192830597e-04
5.247309063638512126e-04
1.000705847252973679e-03
1.582926615860431570e-03
6.733332495196557230e-04
7.700779308367606234e-03
6.988186633884062304e-02
5.831695609708710190e-04
3.751841201037024818e-03
4.029026008477083515e-04
4.783965752387533510e-04
1.319366156328327004e-03
6.265675632038348805e-04
3.590199673974280871e-04
4.448330290207819812e-04
3.445593722264520594e-04
2.676228435012664025e-03
3.702161306228375593e-04
5.121809240170986134e-04
1.327147980045347703e-03
4.560405230064402981e-04
5.162562994786541000e-04
1.189204857873854201e-02
2.344295620995852716e-02
5.220679647326077928e-04
1.334559188099004390e-03
6.616998764152410206e-04
4.295165253627185645e-04
6.982373588681219491e-04
3.769132064111850610e-04
2.156954263725197919e-03
4.506911316894570536e-04
9.267588556502909291e-04
1.993319916055455443e-02
3.374414359632680466e-02
3.944404446354585767e-04
4.840652443518085948e-03
1.782064218043879697e-03
3.771414498635027317e-04
1.225354540901478669e-03
1.683726376834142043e-04
3.727898387928982012e-04
3.469877556392957541e-04
3.753818976447719793e-04
3.351813643919348000e-04
3.414238599851046000e-04
3.060140408253152026e-04
4.154490068591157326e-04
3.927033445383062982e-02
1.201383238730598102e-01
2.441466262460694771e-04
1.863671755629770985e-02
5.682392233978688506e-03
3.957399852871447735e-04
1.008321968914979239e-03
6.804697587439387241e-04
1.467066048649100750e-03
1.908887705284617337e-03
4.420458607126488454e-04
1.572337132028726967e-03
3.433922986032411813e-04
5.169920710536317007e-04
8.569881548209036439e-04
1.014323049329248719e-03
7.130460168257619783e-04
1.594153209191759464e-03
4.563910381074730706e-04
3.260385360876519832e-04
1.090642862977313048e-03
1.448187560233670955e-03
3.289056565330762184e-04
3.934442960703129154e-04
3.455424439650456141e-04
1.067506724737854115e-03
3.738020023903029180e-04
8.493652793159440009e-04
1.523702126313117126e-03
6.562949554460148147e-04
4.280511838755515970e-04
4.067774590147289347e-04
3.161517437848261310e-04
5.198816475390871618e-04
3.445962935128938048e-04
6.390961717602080747e-04
4.538461741905847990e-04
4.781820325079446429e-04
4.271219651210609019e-04
3.438262132316472213e-04
3.283942392782229682e-04
4.018136037108229201e-04
2.802918432063360838e-04
4.215107343516224744e-04
3.724959090715211077e-04
4.524443061951608945e-04
4.723346439010112671e-04
5.443804412211579328e-04
4.699609044952369617e-04
5.237521806267742214e-04
3.404340680001360941e-04
3.471662410407289241e-04
2.884709301430776664e-03
1.424058941380144808e-03
6.327569609624287585e-03
4.450691695724991181e-02
1.603003096195119558e-03
6.699520243993180302e-03
6.674994029855611539e-04
6.208765762159892260e-04
1.448008333246655508e-03
8.996229589790177101e-04
1.643356597370085586e-03
4.770848176312968841e-04
8.031803478106615832e-04
7.723630859642962058e-04
8.434857043084308505e-04
3.054421291014738568e-02
1.151455451022190962e-01
8.827357884900260358e-04
6.660386753568543414e-03
4.360441136313801015e-03
3.686439383911766215e-03
1.828463303199573311e-03
1.142826741181961290e-03
8.070761953651051654e-04
5.841771596338256496e-04
1.008404870585523014e-03
7.856584424182010921e-04
8.248468097069540025e-04
8.718467354613124165e-04
8.503825621000349246e-04
9.352059188182605589e-04
1.323313226662183820e-03
1.104147012855585287e-02
6.654239054932888087e-02
1.034523998754269042e-03
5.242216117530292853e-03
2.346490563126920649e-03
7.245022837353432953e-04
1.069221386202287571e-03
6.408350528094644560e-04
1.039213288417785951e-03
1.477242852639404098e-03
1.033661166973171789e-03
1.020107983475619868e-03
1.873865940260247432e-03
9.890416105617428396e-04
9.334485945929795869e-04
9.688328775111066217e-04
1.275326332839633913e-03
2.176370166719174878e-03
4.865189590365170610e-03
4.229270875349178810e-02
1.087201219815925974e-03
8.892123885002137587e-03
6.759438304701399520e-04
1.020610601534126900e-03
2.249848016432749731e-03
1.512827779612823959e-03
7.618190912618442783e-04
9.153627318037473428e-04
9.142446053966051716e-04
1.677395010466105991e-03
1.347848023732953334e-03
4.801357219337885440e-04
7.142985385986674396e-04
5.987439328194110125e-04
4.019733463052425904e-02
6.870211300735125370e-02
1.065399639715649237e-03
1.053783650676461993e-02
1.116272460736922149e-02
5.717531374854580625e-04
5.327415231778471691e-04
5.080587224352235481e-04
1.320390853010851252e-03
5.524929840196134275e-04
5.928677928796412429e-04
4.989762415910411596e-04
1.243390557573146801e-02
8.443448759373875512e-02
3.393414879246548920e-04
4.483111244448696221e-03
8.346965261422675635e-04
4.673017012834659130e-04
7.091772561506593485e-04
1.013621126470866038e-03
4.368811267469284031e-04
6.131562595343564718e-04
5.592026229071043325e-04
6.511726588331410298e-04
5.890520787394107815e-04
5.080972045482454180e-04
5.056470528545878047e-04
3.999038843748400256e-04
5.115915616961949153e-04
4.309028134715448878e-04
4.182145066692380094e-04
3.718647220081451273e-04
3.396996373965691747e-04
3.469329371743066831e-04
4.511618327029637103e-04
4.713064431849427953e-04
5.760883177109045591e-04
1.663225175158988822e-03
5.156776143315796148e-04
7.041928341890962405e-04
1.257402572126895468e-03
8.677991467104833245e-04
9.377471262615391526e-04
1.542801090666238517e-03
1.466384541282463342e-03
4.125776487401576400e-04
9.618119874749293243e-04
4.073021650231106934e-04
3.180655248940713752e-04
3.690608321882550406e-04
4.370314387074154447e-04
3.907468256727844591e-04
4.828636024625229998e-04
4.189389084402493960e-04
3.679379373570114062e-03
8.364541748318733011e-04
1.023895439530308994e-03
4.345006157190519063e-04
1.469805808508199219e-03
1.457358413149566602e-03
1.176204830146662488e-03
4.327014291918572508e-02
2.666263845466320531e-03
8.247601186393985553e-03
3.126516541358600933e-03
3.762337678817344929e-03
3.656127792507726446e-03
3.097271018102453529e-03
1.002436424545177221e-03
9.096039637457327800e-04
1.114237449092900364e-03
1.032800353133125123e-03
1.009091161253499206e-03
1.001098811473512045e-03
7.637519859367137946e-03
9.756413219440164541e-02
2.447585505767177656e-03
1.442447455109250633e-02
1.839321003901919684e-03
1.372051478385721878e-03
1.692237410442508187e-03
1.814556988814802763e-03
1.044663682394747408e-03
1.347062851474231399e-03
1.257249712727092402e-03
1.101656706829385072e-03
1.189769566049451261e-03
1.100518303786260452e-03
2.115253323164160287e-02
2.612051627680790980e-02
1.128713186162314452e-03
4.542576553128675233e-03
3.030652817956887984e-03
1.417611879296489397e-03
1.414000202683264379e-03
1.285023122524403321e-03
1.544774311781634858e-03
1.050027205029761216e-03
1.075760585990606557e-03
1.065882046941460035e-03
1.082234151481433577e-03
1.163835297399078020e-03
2.709379924006269542e-03
2.536033290352780484e-03
1.193221657545034085e-02
2.478422569365934178e-02
1.950247778227567246e-03
6.887676570298951854e-03
2.320283002018983312e-03
1.421450550185693979e-03
1.191309618807355388e-03
1.886239202250729460e-03
1.669150563098417608e-03
1.409601336713287153e-03
1.566713309492361386e-03
1.208732957985973657e-03
1.380326337719213134e-03
1.265024340033936781e-03
3.337888741356575314e-03
3.034450276658679294e-02
1.175006155835356253e-01
1.528771133026043689e-03
9.388003615050018527e-03
6.245378190270139268e-03
1.287280600731800914e-03
3.193440614604436002e-03
1.180720716563066599e-03
1.093117673995521941e-03
1.855053589514700030e-03
2.834828942334612426e-03
1.187181971576185217e-03
2.545324516849954612e-03
1.138299178868284068e-03
1.327115322641010935e-03
1.136814138946147870e-03
