2.473513192470858102e-01
2.442359032225394355e-01
1.844597921848715461e-01
1.206415840889344393e-01
1.419584739569353382e-01
1.170596438375062914e-01
1.102566806244973108e-01
1.098282244007062758e-01
1.114526758288071212e-01
1.225230522130229954e-01
1.129907485695872960e-01
1.133438823618050234e-01
1.149659465248465545e-01
1.172789858887360454e-01
1.738524958487655536e-01
9.713305005111096124e-02
9.515033075982919086e-02
9.577511485553275028e-02
9.560403400539475849e-02
1.067203557083859500e-01
9.302474287328227343e-02
9.271468670077601115e-02
9.479916794232269572e-02
9.356857810194803282e-02
9.569436338604142556e-02
9.388552182692513903e-02
1.177771719976279247e-01
5.268317740904277652e-02
1.166921813480592540e-01
5.612502514982819352e-02
6.799191064697587827e-02
6.980052861121469054e-02
6.000722249596490004e-02
6.319747854814304622e-02
5.162582572283521548e-02
5.567075127255403239e-02
5.732523501798987564e-02
5.273164375306061552e-02
3.741695062439996666e-02
4.085846932042287716e-02
3.520197533093314540e-02
2.924699849010290592e-02
3.095195857727863278e-02
3.133131741317930763e-02
3.362511865763320035e-02
3.363540826258514665e-02
3.638719184251838074e-02
3.227588240233727340e-02
3.536654202650398038e-02
3.801959152661556207e-02
3.566308178703935655e-02
2.056636261253476927e-01
3.435369900153167899e-02
9.060409737170288524e-02
1.731804992920655054e-02
1.928803921217213738e-02
1.882239642541378571e-02
2.150682793996285674e-02
2.280501822539920259e-02
2.133871634045022073e-02
1.898118692338783900e-02
1.946057646349697023e-02
2.075066602032535693e-02
2.022542226022281883e-02
1.915773970434211937e-02
3.802600548305402200e-02
6.998863772008027950e-02
1.808600135526308023e-02
2.713059186906361525e-02
2.326057124259576711e-02
1.974060793777536807e-02
2.380523011880581255e-02
2.155214349832851317e-02
2.019593073687889900e-02
2.309498721219579304e-02
1.755631960501276290e-02
1.864561489698234042e-02
1.759006389159347220e-02
1.790847846602013418e-02
1.814890103003894556e-02
1.696434336940658844e-02
1.806181533131583083e-02
1.742733218781694973e-02
1.779424417366193278e-02
2.010273805730161678e-02
2.470682329593619497e-02
1.896287339825918072e-02
6.211091871019553540e-02
1.927531917631834096e-02
3.147601567029784803e-02
1.621087388198828513e-02
1.421664403886077795e-02
1.482900418177427772e-02
1.530976032482258761e-02
1.374270554729151682e-02
1.298466760850785877e-02
1.927410487619181031e-02
1.522680469911663614e-02
1.351726436051669568e-02
1.672048337378256519e-02
1.397707522948961507e-02
1.054252033480948259e-01
1.072882655830935394e-01
1.360485147189679708e-02
2.058233101352731353e-02
3.133518467798897950e-02
1.251628748594106263e-02
1.238190896388494285e-02
1.641773300721910064e-02
1.205783517699411146e-02
1.231642380111306473e-02
1.479348733658160213e-02
1.200473387625232077e-02
1.167976796210641599e-02
1.227172110670990759e-02
1.012720918376663892e-02
1.566730147524045269e-01
1.062892108315515588e-02
3.293671700223519544e-02
8.648322896019083536e-03
9.576631371213190774e-03
1.138300648505410906e-02
1.065204393234450882e-02
9.020296694923261860e-03
8.929530662141790809e-03
9.869693075626793585e-03
9.040197294595059968e-03
9.701454832211138524e-03
1.380681626570436950e-02
4.871853457058492043e-02
9.217148609465807343e-03
1.406218283877914456e-02
8.075528153559514283e-03
9.222207649987650135e-03
9.038102599795941328e-03
9.280157304257396003e-03
1.016922820533532404e-02
8.565119483970859426e-03
9.071465575884231705e-03
9.470129657474492257e-03
7.645869323072202253e-03
1.056973069750865094e-02
1.059943772176945818e-02
4.328852895195844930e-02
1.446052579312976649e-01
9.635607518327525892e-03
2.389560447280729763e-02
1.369766932481989753e-02
7.969097072247618985e-03
1.054067385530680669e-02
9.487615581202328910e-03
9.025385286426228573e-03
9.269103329069997704e-03
8.367765507256716764e-03
1.040813076198447706e-02
9.709993117744352559e-03
9.749501504118317230e-03
8.998861114726371124e-03
9.049433583194163577e-02
9.406754083413520692e-03
1.167959336453483314e-02
7.462015416031547721e-02
9.096696538698285234e-03
2.614812015373442836e-02
3.745278985994898464e-03
5.894271006862707857e-03
4.470139636815036177e-03
6.522121318153058234e-03
4.630142865942558396e-03
4.303677266679543575e-03
3.487576009678972078e-03
4.069429111638901524e-03
4.364829619683361674e-03
3.985776917731105422e-03
3.970620595935780116e-03
4.253538294055096529e-03
3.839416877153944280e-02
1.818813390528190022e-01
6.478825439903130104e-03
3.444084035317972192e-02
9.016990569721178989e-03
5.016240998642379663e-03
3.773546867669762880e-03
7.894401762132550321e-03
5.016347142626404604e-03
4.898623543270577349e-03
4.125166490815181455e-03
3.800832721662588277e-03
7.025561845310316147e-03
3.328502038401136114e-03
1.049884938713377229e-02
8.129285718660642091e-02
5.176084110979932776e-03
1.373280972303497077e-02
8.889491367407794525e-03
4.685380227778802170e-03
7.330138551404422054e-03
5.280263091576244301e-03
3.931519634229110709e-03
4.681920923746130808e-03
4.321767868717291475e-03
5.262927183344724529e-03
9.722504722739295363e-03
5.759626865998703632e-03
3.481737764846422247e-03
4.542772430356927654e-03
4.233520067787619433e-03
4.881201216168864869e-03
1.777212737961810646e-02
4.130491018918346080e-02
7.036348544105119895e-03
1.051724491937160513e-02
6.240035900775512887e-03
7.587349070956045903e-03
5.397081712613513958e-03
6.450586257152580820e-03
8.158394145269318512e-03
6.214680709314823227e-03
5.240201470726756940e-03
6.016002590722193712e-03
6.907893395166918304e-03
5.670845653376781377e-03
5.689204532831644914e-03
3.876404235632035372e-02
7.943215384673761592e-02
6.217916084353199320e-03
1.343996971346802377e-02
1.039612093027276855e-02
5.102885156344718134e-03
6.532820936382014408e-03
6.224539022089624687e-03
5.200956261893840450e-03
7.882562391416879019e-03
5.520940595071058624e-03
5.167035090854708683e-03
5.072114921974722225e-03
1.180851442073670848e-02
6.447084298302677152e-02
5.219215899549592072e-03
1.457100686001291598e-02
5.650339415051322187e-03
5.072203534497982287e-03
4.783354085763767694e-03
5.461466894332541941e-03
6.038509560699850329e-03
5.274602483324785339e-03
4.672165477350602447e-03
5.611752325065819981e-03
6.287210093993172294e-03
6.059097948385350554e-03
6.598767601879591480e-03
5.274986659550872856e-03
1.208320105781036935e-02
3.746131965409300185e-02
6.197724504373632211e-03
1.125701924621340388e-02
4.752634787740901527e-03
5.766151679714799812e-03
3.556983355875252117e-03
4.106906859116657600e-03
3.774218703713178632e-03
3.567734179891627992e-03
3.925763288886264385e-03
3.651426900823699206e-03
3.713503520386579691e-03
3.657510909383039893e-03
1.720364609191045446e-02
1.617324008405102431e-01
3.547709147627357406e-03
3.754287452480914444e-02
5.060840418155938304e-03
4.065439886136454697e-03
1.303457046062428924e-02
8.122676781671136353e-03
3.101089919999158034e-03
3.509184525377815732e-03
3.775098193107715317e-03
3.854596483983840915e-03
3.589965516623150159e-03
3.534975846327609653e-03
3.370894420300643828e-03
3.379829736950746514e-03
3.020837562454229634e-03
2.832784832218554830e-02
9.607615278364478595e-02
3.364168600610085384e-03
1.263145937600888488e-02
5.018980655202247634e-03
2.940947607519917798e-03
2.886292737653806898e-03
3.219897389125360616e-03
3.337641722812612847e-03
6.021343948617805149e-03
3.310429584693019411e-03
3.506078032289711415e-03
2.957724634378685984e-03
3.542833915558544350e-03
2.568870580312051892e-03
1.780775601853056347e-02
3.384202385374456695e-02
2.945295847609937217e-03
8.369445578703357466e-03
4.473487453642927859e-03
3.464192379500400775e-03
4.450372765973300594e-03
3.046705572797417383e-03
4.101942237155846958e-03
4.413426246040457780e-03
3.151341424207582467e-03
3.130948448949863114e-03
4.116778475142805933e-03
3.001646551665008121e-03
2.811503126307037231e-03
5.821223199511969815e-03
2.808636043805757838e-03
2.727778414729916789e-03
2.558765153445365093e-03
8.960821520304959598e-03
3.539427555774753847e-03
5.038705269369442644e-03
6.171551051033548861e-03
2.530257314054537229e-02
1.871627571070535456e-01
3.165625813720191525e-03
3.058142817172038175e-02
2.488653762274892038e-03
2.159659916163354787e-03
2.515197186727236803e-03
1.892062891926543384e-03
3.696420843584932985e-03
2.264235445339559793e-03
2.467456100737458555e-03
6.680272407490709698e-03
2.693649805825080058e-03
3.194040964034545755e-03
3.796021506015819207e-03
2.157816595933252299e-03
3.163345647569950052e-03
4.226992960593059685e-03
1.949068068935459969e-03
3.809470631020679850e-03
1.224287417817688725e-02
4.738938778206325600e-03
7.337415213504512590e-03
1.235084735075217934e-03
1.437880188919600120e-03
1.901867634926101506e-03
2.509887223991251037e-03
9.346916436770839366e-04
1.543496764533861887e-03
2.288202258447099690e-03
2.991423214214871534e-03
2.994582770508368887e-03
2.433678128556401084e-03
3.116389281564442559e-03
1.281301653514998074e-03
2.530561733642743005e-02
1.509495973387447176e-01
1.119673808226183311e-03
1.333381210468632429e-02
7.406205934812440904e-03
1.479024363810733499e-03
3.269449739736602929e-03
7.244751314445781708e-03
1.586868720768180776e-03
3.695183192086677615e-03
1.577389559834462213e-03
2.126619656013900052e-03
3.354980285673581173e-03
1.466462596926499523e-03
1.102017273295664368e-03
1.818826570882468418e-03
1.302820438981794381e-03
1.668648316016369112e-03
3.887811863105442283e-03
2.962339479313913244e-03
1.188687807124953581e-03
3.984902381552877376e-02
1.752975969371260156e-01
1.567408693286411305e-03
2.601569322223130226e-02
4.003466507220418240e-03
1.634724486501819892e-03
5.159693650721663971e-03
7.280243349504888183e-03
2.178982058352380100e-03
1.670939502358296646e-03
2.464456203261850345e-03
2.363437896174555054e-03
1.001245429163450436e-03
1.501621419353816288e-03
1.449820337182310820e-03
3.165494510072436578e-03
4.959107451964600219e-03
1.359905372282386570e-03
1.183756330180231030e-03
2.020062567757016300e-03
1.107981931092059859e-03
1.829534960841424935e-03
1.419633365593643386e-02
6.279547984316732889e-02
3.072719494058485327e-03
8.310336099411619326e-03
1.509002324583248256e-03
3.574791368942000121e-03
1.620222883465189615e-03
2.076373409820275653e-03
1.360226122741769409e-03
1.392555977707872310e-03
1.365287496953128572e-03
1.680794754988909926e-03
2.919355724946216986e-03
1.132783384074176856e-02
2.452775572114420516e-02
7.180400858730312530e-03
4.532920083416487438e-03
1.151261987369603043e-02
3.618636901905868727e-03
1.142884039400070490e-03
1.238558040902502802e-03
1.295375874295756537e-03
1.508409994013940655e-03
2.141596737316983461e-03
1.096974622806885617e-03
4.280191032069150664e-02
2.998040746056233538e-02
2.221465585386761792e-03
4.731585518617399851e-03
7.151669624747884757e-03
3.925484552870454197e-03
3.600853902447515801e-03
1.237648134129799545e-03
4.666664998681731118e-03
1.110677070975444073e-03
1.216962770758159154e-03
1.568927165546563779e-03
3.087281336382185007e-03
1.277810919294137225e-03
2.023624469898769977e-03
1.610916817764898763e-03
3.682606087585674984e-03
1.272822466583548766e-03
1.023716289440285360e-03
1.213680560073775519e-03
6.271590064111518675e-03
3.232200780362712994e-02
2.997754689699467720e-03
5.870706284649408919e-03
4.228906694835359546e-03
1.831878079364406865e-03
2.495442611089601290e-03
1.327694972902101036e-03
2.633821987618400855e-03
3.547139913465640736e-03
3.158205989872737464e-03
1.593757024883080305e-03
2.505206246492645578e-03
1.460271999957032290e-03
1.096234070721770204e-02
1.878277562729022913e-03
2.040230632008121700e-03
1.333837578270866131e-03
1.800784160043719662e-02
3.808738378575546313e-02
1.335196796585906478e-03
6.230916134255859440e-03
3.936796139500872010e-03
1.212495083705415711e-03
3.705837547325799720e-03
1.034009305658485298e-03
1.347883529205503878e-03
1.355700278742622998e-03
1.277814399458989053e-03
5.102315371511229394e-03
1.258674992713749953e-03
1.578109481127433315e-03
1.913809684440078871e-03
4.275522739413268811e-03
4.685489087015260595e-02
1.331290579432426735e-01
1.638873239953171157e-03
2.078437571280829579e-02
5.602561553650090009e-03
4.043958154030722479e-03
5.109595289517842621e-03
6.293605225040412379e-03
1.994332152968510824e-03
1.248080239513322956e-03
2.392671007633116655e-03
2.913481459501193055e-03
3.588581850488491241e-03
1.918525348561542611e-03
3.599759277735420718e-03
4.415879211184561316e-03
1.201615303811219733e-03
1.203617360076351256e-03
1.505462529489427293e-03
1.763325394264447310e-03
5.657100843873442975e-02
5.640666727062074171e-02
1.922813754321722269e-03
4.087420549013480106e-03
9.749935263761423665e-03
1.279670540988416287e-03
1.043920644233649981e-03
3.520308197981815608e-03
2.674068100965583047e-03
1.341316723937435338e-03
1.144484240224244876e-03
9.645196843658016038e-04
1.362919957526225606e-03
2.586246602567810263e-03
1.616027571593472989e-03
1.756921117089909820e-02
3.902048627178713452e-02
1.304826320977670691e-03
4.775893813892566862e-03
3.665063108061849921e-03
3.837725187901265458e-03
1.697293568796488317e-03
1.197071064464730068e-03
7.127380650068419234e-03
2.845403642126711000e-03
1.097369024212887286e-03
4.724423830416667018e-03
1.394122303838540725e-03
1.457724279423997264e-03
3.617317096017953239e-03
1.606274012870134845e-03
2.989179774905482891e-03
2.751618070343798874e-03
3.146222336257142958e-03
1.897068727753404649e-03
7.985546522696792800e-04
1.024977718545825537e-03
1.338165535671946354e-03
1.613445603992941626e-03
1.233243875680322711e-03
1.221810891395815491e-03
9.863540756567495786e-04
5.491843391617900159e-03
9.071439797719418885e-03
6.583238581562668619e-03
4.734378547361423051e-02
1.296262082492774526e-01
9.370340332357886878e-04
1.175534237830243127e-02
1.003013969126218506e-02
1.118552333308381200e-03
8.477584262094437113e-04
9.588998962949563673e-04
8.234778254218397958e-04
1.125201463991279361e-03
9.143696604338551193e-04
2.727192612105001478e-03
8.745413220619475871e-04
6.896213983951101582e-04
1.043550632736211592e-03
2.749678858442670439e-03
9.988854108590882082e-04
8.454532959177576620e-04
8.724034306196966956e-04
3.339501536816780886e-02
1.520391117273493242e-01
1.661776918915927083e-03
2.182782919389285661e-02
4.855179536757495487e-03
3.047183390423564755e-03
3.824844780686975990e-03
1.818174609168184521e-03
4.347733255180113478e-03
8.632983756536454249e-04
2.547625792180244122e-03
1.809181465520795506e-03
8.359946324265227777e-04
2.257685390458430072e-03
1.068801671676311875e-03
2.034646865219346019e-03
2.027429246274517136e-03
7.033485726589003501e-04
2.379443654401334346e-02
4.059298891530589704e-02
1.114621625203787497e-03
3.904975970669802548e-03
4.910832033728304395e-03
8.378672946882134535e-04
1.995721765714819455e-03
1.013638776451510374e-03
1.077330518531935529e-03
1.285450734110606119e-03
9.485618695781874521e-04
2.218522747996689009e-03
1.613180688819484173e-03
1.528261764978368136e-03
7.673631840020024011e-04
5.145365549270766725e-03
2.366657597084320316e-02
6.017388834082476948e-04
3.060127989907753150e-03
2.282568072197034819e-03
7.259712766612856291e-04
8.792578726780349123e-04
8.300176005498943787e-04
8.350881568567609763e-04
2.451880094071319342e-03
1.585991875722941131e-03
4.520133337032559810e-03
1.036142935559480460e-03
2.026156145683388841e-03
2.562035585513567151e-03
2.980424915260025068e-03
9.425521259748897377e-04
6.016190728395870782e-04
2.509818237581572936e-03
9.899765419129607363e-03
6.611640771678329968e-04
3.032057989597215699e-03
6.870867143608210947e-04
3.427934885960360299e-03
2.405968240509096662e-03
8.625828838918998603e-04
5.659800243924461779e-04
1.327430140559957873e-03
2.751597004888401907e-03
2.115970209604589244e-02
6.265114827658671559e-02
6.613829107974618284e-04
6.590473075383775949e-03
4.526754709677606632e-03
7.527984196960442465e-04
8.057249402147616908e-04
2.735452005800941954e-03
1.013830005044661373e-03
1.859453625462171699e-03
1.358362843705322297e-03
9.257760354674749934e-04
6.332847827250453858e-04
7.193159222283246248e-04
6.367359810616964348e-04
1.278245426772127956e-03
6.715240663365658553e-04
6.306385153898827782e-04
7.135051898197648530e-04
2.248573457665624820e-03
4.688668870324747689e-02
6.818568641067418879e-04
6.880723304812843416e-03
1.569027231153922574e-03
1.429987040306976908e-03
3.043811346442573413e-03
1.333510868529541463e-03
1.839665138230320730e-03
7.000216188355162491e-04
1.321187625332280674e-03
2.077883225584748351e-03
1.767413879809635316e-03
3.563992963652266692e-03
7.256713618195938156e-04
1.638744299376563174e-03
6.638382587301568018e-04
7.837976590978236588e-04
8.814546796528721162e-04
1.798237441948761063e-03
3.034815910807751871e-03
1.001925745996161627e-03
8.996884958956251777e-04
7.529684299189989653e-04
8.448846106373877245e-04
2.204622866380657152e-03
5.722665475206345021e-04
4.427823322739731643e-03
2.249928879593676365e-02
2.484614677234511099e-02
1.519654958944338923e-03
3.826344389467543471e-03
3.085394853269508852e-03
7.904354765588770268e-04
3.146256263696111007e-03
1.249734502740681508e-03
6.949260941926144360e-04
6.589246431789964669e-04
1.656132822396758596e-03
6.702599601930109112e-04
8.457634791214510908e-04
2.036024869691701895e-03
7.826252563261431542e-04
4.384615764159312257e-02
1.213595683089681160e-01
7.488201460926840417e-04
1.357099162602862404e-02
3.764173294160368371e-03
1.088247205390024085e-03
4.638646764729708119e-03
3.301386510144447423e-03
9.896742337447662300e-04
8.091405219946872429e-04
1.655125673948848897e-03
3.009769791025703085e-03
1.061534557704834399e-03
7.269071280256589199e-04
3.956669742626987146e-03
2.447621140791659232e-03
2.447438200144900784e-03
5.535167961653762389e-04
6.526670956811494225e-04
7.169259642637353580e-04
6.723753945982957831e-04
8.147568213132505132e-04
7.423451018330791277e-04
2.804906542180171311e-02
8.576568360440157968e-02
2.456735457009847755e-03
7.957434766491080017e-03
8.114748083662205388e-03
7.174954209263879976e-04
1.683089437374229742e-03
1.434716529547445767e-03
2.018285239153198851e-03
9.643593850931484780e-04
1.445807399591954269e-03
1.199550810588968308e-03
3.745892288800886649e-03
7.233158144467274897e-04
1.920542828012620010e-02
2.323302371187922766e-02
1.245643567636700285e-03
7.153372822768676829e-03
2.308209686434789087e-03
8.485331782016288567e-04
1.754917584578599222e-03
1.856497466943058793e-03
2.431451495944922121e-03
1.966078877094987361e-03
3.715732259689073867e-03
5.001095877396927354e-03
1.383441207157437699e-03
2.455065746144990176e-03
9.769076612605729400e-04
4.053048222887620754e-03
1.214359676416163240e-03
1.869137315478283136e-03
4.839166783233487396e-03
1.235653413397707527e-03
1.942125698317290336e-03
1.194032944979177193e-03
1.954310123077550657e-03
2.929999442830691359e-03
