1.433651808535563177e-01
1.426648519082614475e-01
1.660428226617898517e-01
1.585827782354237991e-01
1.433485273764822376e-01
1.521582010176468769e-01
1.549165777063954419e-01
1.568061403250161634e-01
1.517928851106790655e-01
1.452870901629948752e-01
1.367763010991172035e-01
1.428887279894289764e-01
1.468511070250848871e-01
1.449341948837278848e-01
1.435244966911459474e-01
1.375537664103630708e-01
1.430866785554184284e-01
1.358837506372288506e-01
1.430266356602547251e-01
1.402773787106024461e-01
1.329521964482586194e-01
1.584041068055800083e-01
1.532084234651809596e-01
1.440562995155673098e-01
1.453744257758172731e-01
1.421035897863370534e-01
1.431188579265699756e-01
1.462050185654159562e-01
1.475855620876931895e-01
1.439147692475285234e-01
1.490211061871520859e-01
1.500453565150679791e-01
1.348014407571398177e-01
1.450061893356427711e-01
1.323547745910288176e-01
1.328440664088660628e-01
1.377747329916147179e-01
1.372803898274048973e-01
1.396462793261408208e-01
1.324228066803968540e-01
1.377186869139672143e-01
1.378699424176090260e-01
1.324556783146692007e-01
1.351008568326413917e-01
1.424730009156042476e-01
1.338510450687399878e-01
1.378268951117819496e-01
1.632046042385437712e-01
1.330099556541501082e-01
1.381617723938669273e-01
1.387498777832585906e-01
1.305804852098604030e-01
1.511326846105223720e-01
1.441315305296894389e-01
1.378321754880822980e-01
1.528444182698798781e-01
1.444359519724327245e-01
1.434668253370271762e-01
1.277057706736406117e-01
1.239894154419193678e-01
1.462851943400075017e-01
1.387866118829463036e-01
1.499449804885703286e-01
1.405855863971255948e-01
1.503086233881438805e-01
1.365952291368724147e-01
1.436086054764464104e-01
1.387975976030032810e-01
1.341228930946946618e-01
1.568819548029248279e-01
1.411273592075329153e-01
1.360275105418891628e-01
1.340741105775765940e-01
1.446338617540724181e-01
1.490025893280760294e-01
1.487959384676532659e-01
1.262926101508969334e-01
1.335339738986764391e-01
1.310278176969743580e-01
1.360032801216426168e-01
1.423743025221283764e-01
1.398749393549495734e-01
1.422327633292141957e-01
1.439339938176388833e-01
1.373085082321943984e-01
1.359163263388051268e-01
1.384455287960452696e-01
1.392889488542249088e-01
1.397740861646997179e-01
1.348497868233484165e-01
1.410177191281087872e-01
1.363514383329697544e-01
1.322968014594915198e-01
1.395652427335178358e-01
1.425715726980870679e-01
1.416501915678795576e-01
1.397712593298415795e-01
1.397904436439310338e-01
1.359500988107631425e-01
1.418190728998292016e-01
1.370951437475736445e-01
1.426182642116015920e-01
1.415118347740382532e-01
1.332829421337949904e-01
1.395438322371987672e-01
1.420507287762158011e-01
1.423996143411563609e-01
1.410589264346069349e-01
1.326130435414664133e-01
1.341356094570163304e-01
1.413617698587734117e-01
1.434922726090101797e-01
1.357964764422096293e-01
1.400673302325583791e-01
1.402880673100294351e-01
1.413454344690225628e-01
1.356128264208996403e-01
1.389365799487483344e-01
1.390312006530711464e-01
1.396041288322391327e-01
1.354989966410999058e-01
1.416928890089322879e-01
1.419942390342980865e-01
1.422115843875396413e-01
1.367442641654157964e-01
1.398272937076502354e-01
1.415708620126694683e-01
1.408052553565288523e-01
1.378359900327279786e-01
1.546925858929212860e-01
1.725287754414471242e-01
1.397985174393917007e-01
1.642624880263674481e-01
1.531868768624086441e-01
1.302284043546311776e-01
1.684722950133299146e-01
1.425499847870976833e-01
1.405178916041864012e-01
1.427119350185521995e-01
1.341484902584514360e-01
1.346549301378908714e-01
1.383221400683238012e-01
1.367537045200627743e-01
1.378959728828061115e-01
1.363583409867387686e-01
1.738752693475129063e-01
1.745412511936492994e-01
1.336966524533684808e-01
1.451048356234787007e-01
1.424636908163724458e-01
1.302815514124156804e-01
1.392334651189450767e-01
1.350908602164168637e-01
1.349229781869966671e-01
1.357893645306556540e-01
1.362229594284293799e-01
1.386064689270278816e-01
1.357141400808350717e-01
1.345327860212291171e-01
1.292835299452808340e-01
1.396340438562983788e-01
1.384490697121371627e-01
1.444559096433561673e-01
1.472211399977802482e-01
1.362484254934740457e-01
1.428006292173362168e-01
1.390315561539845757e-01
1.313700568780415134e-01
1.431429293875188802e-01
1.360138165330158910e-01
1.332726514687645192e-01
1.360202834618604306e-01
1.348012168153230050e-01
1.319396864191633711e-01
1.338269886480369097e-01
1.376002571934337171e-01
1.358854953956614431e-01
1.235722525040071906e-01
1.349759621644003593e-01
1.359794536776398610e-01
1.348366108644247496e-01
1.354076382942760171e-01
1.357888435808932981e-01
1.496034512068653288e-01
1.611330127772628018e-01
1.321860485815819219e-01
1.570602812205839915e-01
1.577335061282920670e-01
1.483986877886201983e-01
1.621047799170803050e-01
1.422895507558780692e-01
1.385534736355641949e-01
1.400364547957509975e-01
1.339604687387696835e-01
1.354019106814163542e-01
1.319331584598376905e-01
1.354674154040626521e-01
1.333643674485367747e-01
1.339460738385205851e-01
1.312116348633061425e-01
1.339948898307754543e-01
1.296294788958882449e-01
1.361363210238989430e-01
1.349132567822051154e-01
1.368986834001914010e-01
1.667494971445358243e-01
1.813911186605283166e-01
1.377371321527667281e-01
1.558599346222290516e-01
1.329056261207578749e-01
1.476095983726499750e-01
1.401176563277253262e-01
1.419165037460340950e-01
1.423550967611526552e-01
1.428668145027313652e-01
1.416842333425349931e-01
1.401153508677440707e-01
1.384330003371678219e-01
1.378068423647706153e-01
1.399764866215595649e-01
1.510984972757535572e-01
1.385634897277289168e-01
1.545495772483079788e-01
1.548821319102810234e-01
1.383008960964859646e-01
1.448399666553690790e-01
1.544586344343490680e-01
1.595827141834413598e-01
1.747380938726166566e-01
1.399692233360830540e-01
1.435206382644413914e-01
1.391175325460124734e-01
1.407326398774375042e-01
1.417485771202565970e-01
1.427617640593140114e-01
1.372374623006059613e-01
1.410811231153841216e-01
1.341826786173914154e-01
1.426750238512325131e-01
1.391366117919332623e-01
1.352628295910341671e-01
1.315686271712898925e-01
1.351490647316450078e-01
1.414260272066179269e-01
1.409188082269230702e-01
1.380713306726969458e-01
1.828632832034053912e-01
1.834552322738335906e-01
1.392728679151793991e-01
1.311404055361305443e-01
1.564802642835356195e-01
1.329103174565081091e-01
1.416581324546793141e-01
1.414381596798894580e-01
1.431096288780830394e-01
1.359648093960922066e-01
1.373535299420117206e-01
1.362495561991884374e-01
1.354418292434373672e-01
1.335587645033639304e-01
1.339265396679506226e-01
1.382899926665357992e-01
1.434035547794195453e-01
1.342084243168059354e-01
1.377528111690868029e-01
1.434507690328262752e-01
1.368246623174393939e-01
1.367673906535314121e-01
1.376630678030076882e-01
1.315383754255014248e-01
1.352037903872643498e-01
1.397766627536759232e-01
1.363423627636728974e-01
1.331958438884448537e-01
1.345773274157240351e-01
1.378203724608290659e-01
1.384188665279905139e-01
1.353361574322445582e-01
1.379975136010768988e-01
1.383528239483096944e-01
1.410280044971718716e-01
1.339585708912831574e-01
1.402377531537034594e-01
1.306331990620865358e-01
1.395670808142792096e-01
1.431148826578267641e-01
1.423628852994555383e-01
1.444216117218004580e-01
1.394195767799306374e-01
1.411205577279627810e-01
1.367322959087350076e-01
1.414633973469437145e-01
1.379958410684957171e-01
1.406925992963557193e-01
1.458212204235949383e-01
1.383906688168218824e-01
1.380726111781907794e-01
1.370658288882214138e-01
1.367936430554202443e-01
1.372032624216724395e-01
1.377695376305218544e-01
1.361807100966948569e-01
1.369866358661592787e-01
1.383091937969134766e-01
1.332195717692188919e-01
1.379769120190785792e-01
1.389360765300725886e-01
1.470678533333353577e-01
1.432640496236135264e-01
1.497478937617178485e-01
1.467786921770292408e-01
1.569599708780328728e-01
1.389204354840581079e-01
1.379332860387085802e-01
1.386511366537484524e-01
1.375431960398340869e-01
1.389676253484751767e-01
1.428235732546805359e-01
1.360012845104668078e-01
1.359733622590840463e-01
1.368612830308239270e-01
1.353154153130882442e-01
1.391900850664557765e-01
1.366956813041171614e-01
1.328655252827262989e-01
1.365327444398764523e-01
1.366769019074611513e-01
1.473563162481866529e-01
1.439460175009979748e-01
1.397172590479307808e-01
1.483853250660380763e-01
1.455239529530509002e-01
1.440030163754012771e-01
1.366303754489952837e-01
1.355189309635632389e-01
1.286349462306529412e-01
1.309301403438227762e-01
1.315038067546966671e-01
1.305281282883953564e-01
1.319416337459707877e-01
1.298029039215309322e-01
1.302855732093693431e-01
1.304806738825490253e-01
1.315822335434014001e-01
1.333222387591388169e-01
1.436995464643290588e-01
1.608445478369703308e-01
1.312220916125041992e-01
1.524701948088606762e-01
1.256215347796324489e-01
1.277410837737224525e-01
1.255723239680471559e-01
1.266539519006074366e-01
1.240859989062180896e-01
1.290121826083076018e-01
1.252002972103287703e-01
1.256356327874117995e-01
1.247017943905082138e-01
1.235850739751528093e-01
1.311168713433387145e-01
1.285599926749416977e-01
1.290123089294790970e-01
1.238693187633534420e-01
1.258554570914387216e-01
1.452540912861542133e-01
1.672557353080156572e-01
1.269853850507838000e-01
1.376578877847050852e-01
1.259921160775731019e-01
1.267361159820946659e-01
1.352270539854667497e-01
1.306255384921712337e-01
1.291272171497437893e-01
1.254763133004015707e-01
1.310843806930593047e-01
1.291196377355979807e-01
1.300435855960983822e-01
1.311225395931893689e-01
1.315681290497718037e-01
1.476203847907284206e-01
1.906527885089336072e-01
1.276175984508339800e-01
1.292732008431667634e-01
1.605913513244939805e-01
1.444560304598804246e-01
1.397590340329730452e-01
1.395899192223749030e-01
1.287129003890591095e-01
1.263817230380704926e-01
1.371424479554706477e-01
1.374563113651256219e-01
1.309558212538993738e-01
1.253530777464013091e-01
1.313085414345910307e-01
1.301123451802579378e-01
1.285519600466306367e-01
1.288496593880040786e-01
1.302817795347350205e-01
1.317045126291204182e-01
1.301065922400642949e-01
1.465621832452600193e-01
1.815410744134202947e-01
1.459097099565356270e-01
1.577182172507035629e-01
1.241064009083615721e-01
1.364838899057622679e-01
1.267694152512341965e-01
1.317331785850262837e-01
1.268011279874262653e-01
1.306562048991417035e-01
1.293620456224312820e-01
1.476432754633819622e-01
1.282628993582929366e-01
1.144580078667823408e-01
1.609721736720686469e-01
1.223593360426498827e-01
1.774666203068215875e-01
1.567078780934460513e-01
1.224337706335316411e-01
1.175736664424218147e-01
1.235863859454965769e-01
1.222238064695177484e-01
1.227271016370508755e-01
1.544850079856290859e-01
1.648273623367341734e-01
1.218345189944444878e-01
1.334012439913309922e-01
1.269881833032850960e-01
1.133758438754536996e-01
1.230544441382243337e-01
1.210530668438909579e-01
1.207980647622865500e-01
1.211651473977211069e-01
1.215338894789353558e-01
1.234862862631766617e-01
1.214392017856455452e-01
1.138975932038147204e-01
1.201555581091654501e-01
1.223053692187165004e-01
1.196088428135956006e-01
1.183034937371483936e-01
1.190205266801672018e-01
1.177422313722477493e-01
1.194541449908701897e-01
1.206649774862013497e-01
1.353984909910073142e-01
1.196513732228734889e-01
1.223404337825440141e-01
1.196467573899760994e-01
1.227643123165083477e-01
1.169687661293753456e-01
1.204827395728207268e-01
1.166892143827761574e-01
1.164926554709152240e-01
1.179939520192583996e-01
1.155651151444095914e-01
1.198372256727633922e-01
1.161936863809129861e-01
1.405280059696752126e-01
1.260279991078321060e-01
1.173796940363110580e-01
1.333067595737664757e-01
1.328324647747197162e-01
1.173228630727699701e-01
1.183567116200693881e-01
1.268743557164622449e-01
1.203591144948204933e-01
1.206115839827375802e-01
1.159973104900473562e-01
1.146271346265542029e-01
1.185753936199495373e-01
1.151513693534694238e-01
1.151864513336890994e-01
1.185738171485217207e-01
1.185737824696403708e-01
1.156643109253401580e-01
1.180184067227392081e-01
1.432887818543046310e-01
1.188532949661571109e-01
1.274310934225301728e-01
1.151513151893879677e-01
1.192190746749494518e-01
1.174674367746788711e-01
1.124623229690755594e-01
1.209410153117063957e-01
1.165827096822835557e-01
1.205412732072109611e-01
1.183239176595823894e-01
1.161923574853645225e-01
1.202376415960677014e-01
1.196607310780606059e-01
1.170017264705683069e-01
1.751314614556034877e-01
1.218497875187935370e-01
1.240613521445253636e-01
1.164545912957265089e-01
1.126155791323757843e-01
1.154210249699658131e-01
1.160541472524928841e-01
1.111515891736320621e-01
1.127618493212591833e-01
1.105279761825634366e-01
1.127591052189673981e-01
1.134345290945630996e-01
1.166637974536224448e-01
1.064062662667265846e-01
1.134921940330944068e-01
1.096243122369408851e-01
1.199437768528493903e-01
1.379735755982011425e-01
1.156942958179055653e-01
1.258575709899638628e-01
1.250157625220658653e-01
1.220224094950393967e-01
1.260213108733163057e-01
1.143276206740281298e-01
1.251044306590059496e-01
1.185629316512348264e-01
1.167739045738343390e-01
1.201236473820151834e-01
1.176056744251962466e-01
1.212555839770886185e-01
1.166215017904623230e-01
1.166118017401955032e-01
1.237004155749503037e-01
1.119982701330567154e-01
1.197582361355629260e-01
1.245476435051111053e-01
1.519619557218835904e-01
1.187960818827615700e-01
1.298751878492559186e-01
1.152723204660408562e-01
1.253379227065099244e-01
1.180640778724946077e-01
1.204555180635820816e-01
1.189211233027837461e-01
1.174037414435826765e-01
1.185845323961966236e-01
1.149007782251174337e-01
1.171334364373544656e-01
1.183893961079164614e-01
1.162547484571213458e-01
1.183936100814889786e-01
1.023714914248947810e-01
1.538258725731844745e-01
1.030822521344867543e-01
1.112758519273654018e-01
1.048908806152212686e-01
1.024386626217478197e-01
1.024496770899529230e-01
1.018245517058486566e-01
1.032786971437263945e-01
1.002749667825216101e-01
1.027348098169892365e-01
1.036754908441335360e-01
1.469520930942230519e-01
1.589679067439696281e-01
1.019938132613910364e-01
1.847090365535145606e-01
1.540668528981258001e-01
1.031640699084926810e-01
1.039708908085194144e-01
1.289167935268868692e-01
1.138926407949193281e-01
1.066453309021656165e-01
1.050051523957764160e-01
1.001946491600355926e-01
1.018594956475159380e-01
1.016950992002011306e-01
9.356551100881579930e-02
1.016599737017316457e-01
1.049064933747326234e-01
1.035982947803207321e-01
9.654232191417438935e-02
1.032031577562319835e-01
1.033633196721352870e-01
1.323651047959154003e-01
1.751297224699098765e-01
1.023683895921842085e-01
1.196113215394060680e-01
1.070019556193970989e-01
1.046168251752299799e-01
1.052018822012140004e-01
1.019242001923126445e-01
1.064536984025819533e-01
1.112841929037402255e-01
1.062106646282078432e-01
1.052232318177667297e-01
1.033450505021522303e-01
1.049189625240141976e-01
9.753155787053491288e-02
1.008734634885104370e-01
1.030574083831826138e-01
1.722521999809659421e-01
1.054680195578841656e-01
1.609109939959934843e-01
1.053740811700928093e-01
1.476721581890816370e-01
1.030406377962806430e-01
1.825715388543988904e-01
1.484216860160509632e-01
1.073617195373388483e-01
8.476297979578886754e-02
8.419026286710847018e-02
9.075532906935324107e-02
9.024406249568757421e-02
8.731938989054549571e-02
8.469050199265855394e-02
8.517091180352676094e-02
8.538852783592178197e-02
8.621717063528905323e-02
8.414575710436297817e-02
8.409881459410727123e-02
1.303876308035196441e-01
1.444032371481549226e-01
8.520657955062369004e-02
8.314398246299932460e-02
9.485065622145229247e-02
7.711302647502582541e-02
8.228682622976934979e-02
8.259553293530079443e-02
8.055298881904426889e-02
8.082152900882905167e-02
8.193543155513018095e-02
8.083005364772431756e-02
8.018488516291742696e-02
7.901274016297636649e-02
1.425718801628272914e-01
9.848457425425223566e-02
8.073761495184954284e-02
7.881355070237411331e-02
7.985176573138078049e-02
7.414093197766166710e-02
7.279685703459630453e-02
7.189172844209032465e-02
7.190688613263367113e-02
7.522045809949182149e-02
7.336394703809606677e-02
7.631316478761285271e-02
8.815747206737994945e-02
9.136789410024609426e-02
7.216548457787137771e-02
7.944971771695052976e-02
8.453874151101446743e-02
8.898544750880049703e-02
6.558838078988100950e-02
6.422888819944537475e-02
6.842576467807026663e-02
6.185323967617254587e-02
6.287137314857024761e-02
6.803602940110836661e-02
6.490122184292448915e-02
6.561201037475870856e-02
6.474571551494355537e-02
8.338830757351588241e-02
9.126496723187205173e-02
7.059587723788954272e-02
6.750761309997599380e-02
7.856198856121629492e-02
6.846989504914235969e-02
7.293965719865631858e-02
6.721207541944901331e-02
6.587910485327516663e-02
7.065110651366038330e-02
6.767239274756138567e-02
6.569769940749328740e-02
6.796322169299733040e-02
5.065553668473391641e-02
1.666359863866026247e-01
4.658635360429645017e-02
7.647525180109364384e-02
4.653624861789928263e-02
4.362988986376892947e-02
4.443499460259918432e-02
4.187084107914833264e-02
4.395719789757097234e-02
4.288891638034255521e-02
4.284040136019388878e-02
4.303603590298184928e-02
4.449885160378946880e-02
4.375927188490810055e-02
7.825080751078589136e-02
8.596924520596535557e-02
4.444245327456682743e-02
9.908238567642968508e-02
8.498020688822958968e-02
5.437717701147728316e-02
4.582167008435781425e-02
4.218472327231783531e-02
4.349125769161006627e-02
4.174747671139140970e-02
4.172314778196965085e-02
4.412421324583794269e-02
4.461636564490356616e-02
4.249412179220200120e-02
4.337800082164631338e-02
4.271439336400251890e-02
4.207016023149633827e-02
7.424467999425260478e-02
6.398966186717086613e-02
4.476421384522878688e-02
4.141417677343461889e-02
4.696996998353846625e-02
4.184336541067055354e-02
4.330499484527362136e-02
4.029622103631454177e-02
4.164000447204381505e-02
4.094053553946532670e-02
4.311887075951800069e-02
4.049255397103054821e-02
4.445714565721205908e-02
2.809334039851733161e-02
1.523985353169369228e-01
2.845988574109747232e-02
5.870241873843681790e-02
2.516016076757684669e-02
2.481462557746760486e-02
2.599033152090502244e-02
2.410247744401858294e-02
2.584067974345401544e-02
2.510626841159573422e-02
2.443017509601352541e-02
2.754067831420276002e-02
1.654467948837928803e-01
1.614332294832295511e-01
2.375694532868510150e-02
1.721488683648971785e-01
2.220219970429426204e-01
9.080519974790908500e-02
5.632746418986810111e-02
2.555967731470088627e-02
2.674868857561884736e-02
2.268569666571433954e-02
2.457540298119838609e-02
2.349628864896273137e-02
2.245191345240732383e-02
2.383063092899382826e-02
2.440414438200235597e-02
2.453415484089330190e-02
2.467223073225480873e-02
2.448161434609929035e-02
2.420032697511134354e-02
2.502796012687835692e-02
2.357350989780631137e-02
2.358352890377482178e-02
2.419191473395652242e-02
2.566695561508670897e-02
1.045044013975793828e-01
1.586814228326057230e-01
2.616065709548081805e-02
4.164265907159696301e-02
3.957881494566940772e-02
2.396437733446409035e-02
2.604137758999004737e-02
2.366241071412758176e-02
2.697551525351296609e-02
2.291734416891056184e-02
2.450566312767608890e-02
2.656989679967653589e-02
2.324222853240218156e-02
2.375694822788584210e-02
2.309568234205141429e-02
1.775963218936520982e-01
2.310891815933056870e-02
1.868576586945704110e-01
1.542275698125432637e-01
2.385267919883293092e-02
1.296346868379492367e-01
3.009125241815492346e-01
8.327105422589906047e-02
7.176538993879628958e-02
2.492144983062708624e-02
2.607013257312705556e-02
3.157576808498672311e-02
2.595425112133490503e-02
2.348138466025679119e-02
2.497623846597269229e-02
2.392533233457279709e-02
2.546553657920314767e-02
2.352436774745536238e-02
2.466685630677559193e-02
3.253721143773394275e-02
3.045600914278804444e-02
2.434503595742314522e-02
2.432124559458042484e-02
2.314843292828470955e-02
2.413703140355896726e-02
6.558835024877124331e-02
1.535335668114429786e-01
2.843192280244462647e-02
5.176316383483722111e-02
3.276324474366805461e-02
2.386391164466438938e-02
2.570796318468700561e-02
2.409068996377705316e-02
2.454012643906582775e-02
2.602162314498790083e-02
2.426558467630478971e-02
2.692520777686240041e-02
2.547659092241787854e-02
2.576273389778976908e-02
2.459419232159217386e-02
2.362434672642630198e-02
9.492200262270036881e-02
2.383379944419720606e-02
2.585126995527692664e-02
1.692785479575279611e-02
1.742755265146118948e-02
1.806674014139506707e-02
1.848977283945606870e-02
1.783053735405623619e-02
1.776109789974859160e-02
1.731268534136273449e-02
1.731612103435733324e-02
1.671544388918989876e-02
1.750270394136326305e-02
1.733198112069967919e-02
1.110540910224323552e-01
9.474504698701306793e-02
1.772077625426500894e-02
8.158804300050492841e-02
1.717094657447237604e-01
5.127762480221474684e-02
4.683349315256137707e-02
1.817447631511432196e-02
1.708337893764497184e-02
1.726963964255821132e-02
1.761123097397850057e-02
1.774056549985405379e-02
1.617117303110563245e-02
1.747349406025894628e-02
1.736069384333496085e-02
1.741999203980137273e-02
1.839309991762623150e-02
1.926094659532291004e-02
1.904392658985881032e-02
4.985350813396888237e-02
9.689986909429015860e-02
1.846983400620205371e-02
2.857959166168701909e-02
2.293726715288112172e-02
1.699299355431744055e-02
1.943741635910278473e-02
1.829150590551616509e-02
1.681491654107005948e-02
1.746444501362398594e-02
1.800680901174635251e-02
1.697369160352165882e-02
1.726324837001856280e-02
1.888438251345197355e-02
1.832112120989966633e-02
1.715536988479274272e-02
1.763945875466761681e-02
1.753566993391941428e-02
1.823712509088323830e-02
4.603177908070607560e-02
1.031752362378856314e-01
1.646995726139679345e-02
2.701777114918694350e-02
2.087583817769137623e-02
1.701923251096320103e-02
1.771513252698982133e-02
1.673983710108917569e-02
1.707354758935674885e-02
1.792761135189989072e-02
1.780342697098677776e-02
1.769520772734195849e-02
1.791074250224268874e-02
1.703344728667005939e-02
1.718761360631489155e-02
1.713606210181888370e-02
1.717197077986367879e-02
1.717455043540276963e-02
1.697402222850429368e-02
1.660545702397374368e-02
1.813378659657253339e-02
1.701669994835207714e-02
1.705648501699922118e-02
1.683253466269929444e-02
2.081328031235750095e-02
1.716495483797110186e-02
1.662752294061581662e-02
1.725917316301044807e-02
1.748789212775175850e-02
1.666846828363965569e-02
1.726962528465161503e-02
1.687638419589688327e-02
1.789448033070744487e-02
1.697528046677873603e-02
1.658105570881020924e-02
1.642336291519685965e-02
1.680127963119302376e-02
1.773211881251873442e-02
2.135453733766751183e-02
1.756360432372576497e-02
1.998527362482381553e-02
1.744135273891846485e-02
1.782045068359132747e-02
1.785630185237773240e-02
1.716226601100503263e-02
1.790880154188664516e-02
9.866845763743448128e-02
1.025505380781785159e-01
1.668357691597232434e-02
1.510173031338540306e-01
9.727261768860361035e-02
2.325295860642972653e-02
1.760577108149343276e-02
1.768521521166530053e-02
1.873012212542141119e-02
1.637559518538057868e-02
1.828572067304284898e-02
1.836548637635078418e-02
1.759601305605289559e-02
1.755612861554435578e-02
1.767149936125408591e-02
1.938127541355820840e-02
1.871864739465331842e-02
1.763373688663620945e-02
1.690794520328525036e-02
1.786207794356443196e-02
1.769937443394729165e-02
4.988507289895095786e-02
1.003642138731310474e-01
1.746544285409086517e-02
2.799260537120580941e-02
2.222267490831059816e-02
1.859607301658723275e-02
1.898738701245057670e-02
2.084596901022692933e-02
1.338597916716350797e-02
1.742200755151506256e-02
1.482026291426354059e-02
1.810734872306753521e-02
1.903867666716462653e-02
1.824088580818552033e-02
1.821910637309230238e-02
1.805911261483937255e-02
1.875080446856183802e-02
1.740576075111568630e-02
2.346520307490156457e-02
1.121783350911558647e-01
1.767541740382163815e-02
3.759543867965661756e-02
1.421680017559272952e-02
1.531389472439717049e-02
1.593633239027891432e-02
1.394047523557997471e-02
1.383482896539650273e-02
1.337275883385633836e-02
1.447529545946669126e-02
1.361421749021373209e-02
1.384975619770103736e-02
1.403105864717957285e-02
1.799392737965999356e-01
1.699821553089133075e-01
1.775606161762445165e-02
1.499911945845147088e-01
2.821714415721700564e-01
9.354340457603894932e-02
4.464792827600169017e-02
1.528403506339885178e-02
1.788232103166740444e-02
1.638708507688551100e-02
1.508167187472188135e-02
1.420788286029307616e-02
1.483501713038298808e-02
1.605713876669855045e-02
1.718744389400868322e-02
1.460060448881615736e-02
1.511635368369502845e-02
5.500924256061106438e-02
1.519658497865358227e-01
1.540044378510098746e-02
3.427959162766095608e-02
1.905369731922937696e-02
1.550315689601742576e-02
1.677892106123145613e-02
1.794207919466746931e-02
1.570111194877554447e-02
1.664378688167976461e-02
1.453796252383279981e-02
1.471473532129547075e-02
1.503402057751903644e-02
1.452900539080169418e-02
1.634853160947730491e-02
1.478894970382311352e-02
1.479115014745650304e-02
1.574824614705993067e-02
1.381316058384705371e-02
1.550540498621032562e-02
1.442948179989821111e-02
1.578034514529454146e-02
1.508452725590014865e-02
1.721170517867528366e-02
1.524312148166361014e-02
1.681311263127061723e-02
4.030396027020144434e-02
1.507141694179501418e-02
1.847931577677246195e-02
1.473618867514484530e-02
1.591514706963810880e-02
1.646522336191383676e-02
1.666616177951241867e-02
1.412023422977711981e-02
1.436345103986949590e-02
1.418446890844067380e-02
1.612270027526301400e-02
1.568776151234476876e-02
2.154330101641210859e-01
1.834657397729371753e-01
1.418891781391373556e-02
1.474382993103141026e-01
3.431655574358953853e-01
7.252539202612066915e-02
7.152358641585476740e-02
1.196542059304959646e-02
1.132363106080023184e-02
1.504008306854504734e-02
1.121699141644646666e-02
1.168597678798797591e-02
1.484266979479541108e-02
1.198106056105520054e-02
1.161269171888121461e-02
1.198256287357458115e-02
1.347668997741858013e-02
1.249851962702283777e-02
1.255632095465189155e-02
1.129294060005937156e-02
5.892683246459149565e-02
1.760407361670395521e-01
1.065674827806518260e-02
3.667175552312922776e-02
1.495378357038300299e-02
1.021141378609181222e-02
1.099077030167101496e-02
1.100401120553467192e-02
1.347647141167012882e-02
1.146562068527681201e-02
1.107583165840356210e-02
1.098154700370833695e-02
1.101601315409353812e-02
1.168758030959521181e-02
5.994568398144783927e-02
1.498134373734262559e-01
1.172414393445956639e-02
2.853016128352486164e-02
1.958344113568332226e-02
1.188536299206668923e-02
1.172106690804367371e-02
1.344008174865756952e-02
1.123918040062145754e-02
1.188977187899518256e-02
1.351200727724491402e-02
1.186369574297854897e-02
1.470218895383217372e-01
1.338193076611593202e-01
1.080296812089834996e-02
9.310743594857602556e-02
2.321610136291152870e-01
9.447068898117676194e-02
2.982799831644078817e-02
3.590993005880502992e-02
1.085676088410358030e-02
1.078577134930113271e-02
1.033727405491180647e-02
1.068301254529069322e-02
1.215323055467251202e-02
1.082235932511088627e-02
1.061522447503133321e-02
1.320958312722861697e-02
1.207767997040802392e-02
6.307474197145825079e-02
1.169430038435693014e-01
1.196558355147905525e-02
2.905492400584041776e-02
1.948018923715322259e-02
1.292424887969976025e-02
1.581171709256886521e-02
1.448184169155616700e-02
1.153008577050925777e-02
1.295043380859732529e-02
1.175528016821437635e-02
1.200002360635448080e-02
1.174678753744685077e-02
1.051231765529533208e-02
1.129797804985843528e-02
1.277040621210508327e-02
1.184261405121000803e-02
1.198403085201235792e-02
3.629692018805392995e-02
8.686755472640371456e-02
1.069121959097564002e-02
2.077939120258873520e-02
1.513949131702938336e-02
1.262683688841160189e-02
1.349307274118306636e-02
1.148590658520070966e-02
1.106463052760262543e-02
1.258798797334273120e-02
1.076664452397141543e-02
1.196617081367230134e-02
1.119259171262879278e-02
1.519337875867687697e-02
1.604200196593105060e-02
1.159797208890534642e-02
1.158028462697594831e-02
1.203404879738798235e-02
1.198625459409198915e-02
1.093528829686050106e-02
1.175176049057176202e-02
1.202267971814154242e-02
1.140612796979575093e-02
1.161457192743972286e-02
1.151221219409595195e-02
1.124520181042024287e-02
1.186793305843183294e-02
1.145849896595501488e-02
1.096078953022650362e-02
1.106533642172212971e-02
1.194705243506046302e-02
1.376065616834169780e-02
1.248137250545261305e-02
1.076943271808131902e-02
1.126371612892117235e-02
1.149307892140639074e-02
1.126789811723176438e-02
1.177191790576568621e-02
1.321160020725912522e-02
1.369896084032115949e-02
1.205955865242100931e-02
1.098886775139356654e-02
1.113278784545387694e-02
1.112660451127304474e-02
1.190843271266218972e-02
1.222211444888145204e-02
1.221544133484447209e-02
1.168017175847503933e-02
1.255685217045922862e-02
1.374518912611110560e-02
1.158431188248111587e-02
1.138704257881194629e-02
1.097890976361145035e-02
1.256210166098957470e-02
1.412255175804124317e-02
1.328700878766893023e-01
1.296289385155243445e-01
1.174849183072718649e-02
2.017316683586968251e-01
1.344066998422764059e-01
1.578212688377400585e-02
1.149665420635453961e-02
4.333903108937836590e-02
1.594428886700216194e-02
1.305297102410700461e-02
1.185076003348099240e-02
1.309902737507709358e-02
1.145846864835841153e-02
1.136276052255488257e-02
1.136833746513040040e-02
1.098844627910966661e-02
1.100281761729876399e-02
1.137788515693155360e-02
1.150441347491575755e-02
4.892259487937408030e-02
1.329908001321252475e-01
1.181488055444493597e-02
3.197623547963544116e-02
1.582526526971750336e-02
1.153347029508878727e-02
1.105058084909813811e-02
1.111907363253653892e-02
1.420761700126976432e-02
1.084252493242390987e-02
1.186737179880292641e-02
1.233016135835239557e-02
1.261918955228812957e-02
1.207396784302263229e-02
1.256537729343156981e-02
1.228581864817476429e-02
1.234149127930635366e-02
3.527879138542594495e-02
7.691495306699432100e-02
1.091715530690412148e-02
2.237591340495240916e-02
1.624054192479562619e-02
1.075854554879211201e-02
1.202768193531205711e-02
1.064660921365737610e-02
1.290344491837018027e-02
1.078505101431445623e-02
1.198499886519426884e-02
1.365510961160097507e-02
1.182538588318785000e-02
1.082078014752803179e-02
1.070672093600026110e-02
1.145484597763071419e-02
1.099748531102621475e-02
1.339264533958516024e-02
1.289266583241293479e-02
1.793564780259365721e-01
1.636031178634367589e-01
1.117763100757178905e-02
1.530188796766077663e-01
2.838059018062579208e-01
8.008921518446028565e-02
4.235144289492753095e-02
1.456061286517528613e-02
1.903482170654277952e-02
1.286893423020373656e-02
1.178803346956380609e-02
1.368267329580049978e-02
1.157874911495185635e-02
1.070712779553222201e-02
1.045141178783550243e-02
1.062987757191049577e-02
1.152810144989545142e-02
1.164492501301204325e-02
1.121464175371367222e-02
1.086918988746904229e-02
1.024765645370533280e-02
1.157651443209209083e-02
1.115071869587916029e-02
1.138040487771699305e-02
1.067957386253667873e-02
1.041682634816534260e-02
1.143823515162624253e-02
1.047498228454831967e-02
1.112912271861805392e-02
1.030462633399631053e-02
1.112132874133337293e-02
1.137823758458929302e-02
1.049388767458086895e-02
1.256718380507813176e-02
1.042709620679582554e-02
1.992050702824153530e-01
1.839193523126645413e-01
1.107996166729486101e-02
1.357726546839364834e-01
3.259109542784969782e-01
1.168096511369026980e-01
3.452534767140093275e-02
1.300940959892447728e-02
1.173364221434792035e-02
1.293105702281203279e-02
1.251839609980600135e-02
1.084756197572710190e-02
1.418597085493598919e-02
1.122264085988569811e-02
1.279933936784363388e-02
1.160295673238398266e-02
1.135771847219413204e-02
1.137519527253350905e-02
1.234850257776502411e-02
1.098257654167209170e-02
1.069931485984550526e-02
1.262294248829886646e-02
1.069893258077589740e-02
6.633888702461626652e-02
1.697081202848582659e-01
1.328125969962011890e-02
3.695835875379017976e-02
1.896804984562493190e-02
1.114236662343039488e-02
1.181500063987743487e-02
1.200437391226627515e-02
1.264087391090767780e-02
1.169766347660833664e-02
1.100735225046273885e-02
1.528382286397137954e-02
1.031989646166156689e-02
1.410240329127828568e-02
1.127207344869780511e-02
1.106869129120412361e-02
6.156152378487578236e-02
1.592394734498217834e-01
1.067734548659278818e-02
2.749294704460773092e-02
1.720335537330966794e-02
1.127926726400636445e-02
1.256262291585746697e-02
1.169933050451139531e-02
1.120705600997408055e-02
1.124657141222679298e-02
1.114766110262055583e-02
1.030368411831641615e-02
1.129235196440015430e-02
1.155433341672774082e-02
1.002048068860583035e-02
1.146274925599527483e-02
1.125871407727511986e-02
1.503888196167022517e-01
1.405644100657057749e-01
1.173980567340627765e-02
1.020987808782310990e-01
2.388147728177870410e-01
8.216536691960121819e-02
3.689200933332672377e-02
1.197669286810679710e-02
1.164795564783588193e-02
1.837434752505427704e-02
1.145364471589773239e-02
1.127006633249983542e-02
1.167574743859092594e-02
1.064202684017549229e-02
1.135432354066378928e-02
1.163432112587035362e-02
1.203490952828941904e-02
1.143520476065432515e-02
1.217824052936663203e-02
5.690140801080530164e-02
1.263946535111155622e-01
1.125156637464801157e-02
2.847804582107388294e-02
2.064639241185236770e-02
1.272951033291654446e-02
1.197458430921118089e-02
1.117652832123663259e-02
1.150382024954158845e-02
1.583292073627955154e-02
1.102499932911198653e-02
1.204152332086995923e-02
1.049257736912844602e-02
9.975328027160378433e-03
1.206949155254531149e-02
1.142446964197423032e-02
1.347591125531969088e-02
3.511338750636146949e-02
8.452148906469275635e-02
1.311188183848963247e-02
1.930897710962248964e-02
1.435362580241787700e-02
1.159110031664072754e-02
1.195175950695499464e-02
1.189331868764919968e-02
1.126247419052186539e-02
1.162645894190197753e-02
1.162854317011319770e-02
1.269110424482375148e-02
1.108701037668500915e-02
1.387184242259089338e-02
1.294091723889390609e-02
1.123741524847275512e-02
1.142176079455451028e-02
1.370622137611963165e-01
1.335862514433863724e-01
1.291203911800930908e-02
2.105546079669171067e-01
1.307846877023033927e-01
1.475356159062763371e-02
1.189185694087604474e-02
1.479157864989725721e-02
1.289213574520376229e-02
1.195676487758349886e-02
1.035970959939660520e-02
1.227767773227960574e-02
1.116391021095598270e-02
1.111234412240533036e-02
1.112383275670476325e-02
1.072632189374238786e-02
9.198714516637049310e-03
1.168337937066917832e-02
1.121321134011953567e-02
1.500835970940696783e-02
5.584687621155489529e-02
1.335013047362172134e-01
1.165061564730214203e-02
3.423626571817502129e-02
1.583171669957077546e-02
1.279876757291520221e-02
1.701001675304682215e-02
1.174797660549194850e-02
1.107765998794277805e-02
1.137646494876687168e-02
1.148933907774454984e-02
1.117058232239054490e-02
1.459118430463015627e-02
1.119355442628719964e-02
1.178141366872970455e-02
1.095862389782991005e-02
1.166447114934764107e-02
2.691767919253747893e-02
8.578242484028852921e-02
1.154635830713085509e-02
2.276091435987759315e-02
1.179760597817760409e-02
1.316677455581749881e-02
1.431667675743534228e-02
1.158739345296120639e-02
1.241181020327789854e-02
1.149886807103501878e-02
1.204998041110189738e-02
1.154245710019708576e-02
1.077079235383685517e-02
1.187288760496249193e-02
1.142879586689767198e-02
1.103928626844772297e-02
1.182567345159760488e-02
1.838399299026497458e-01
1.741829943930254532e-01
1.103751564564677858e-02
1.504295832213532746e-01
2.791127569905302308e-01
9.544411681951428528e-02
3.419815151568403322e-02
1.353285965848216414e-02
1.616441331822392191e-02
1.137092261587948662e-02
1.263590702946345776e-02
1.335622712836469911e-02
1.120216963760943540e-02
1.117665499046060357e-02
1.144286037263783813e-02
1.112856960412957584e-02
1.279390301892963620e-02
1.227369333371658260e-02
1.361841871285354721e-02
1.449073396314076896e-02
1.197602997715808623e-02
1.187251686898145760e-02
1.193773419313547829e-02
1.161016882225530088e-02
1.337041757522126895e-02
1.230742566575036660e-02
1.188278527656777377e-02
1.062154102582183422e-02
1.172997896306241135e-02
1.149213389588349919e-02
1.268861309463765151e-02
1.271141779052708566e-02
1.210771183310992843e-02
1.206094678242725961e-02
1.279712945569596097e-02
1.095685461905878885e-02
1.189301207496649276e-02
1.224599479786957212e-02
1.362780976978579701e-02
1.182089573856385210e-02
1.372901940972666088e-02
1.149719682902556814e-02
1.200786634569359253e-02
1.279974707885748152e-02
1.176939770468755052e-02
1.201175959247188958e-02
1.136637731904631930e-02
1.057281714370391507e-02
1.183679051377010960e-02
1.104061178669715759e-02
