1.306398518441809486e-01
1.382691040590052212e-01
1.895017246113493981e-01
7.050487549517991948e-02
1.000490850365570311e-01
7.724278788668352547e-02
5.886194465986957503e-02
9.294471039149138081e-02
5.386253571519693945e-02
5.492294778903464292e-02
5.220949485742614610e-02
6.153989772640899858e-02
5.991134233930875408e-02
5.726272507001167050e-02
5.456629133098527679e-02
6.086414826152107549e-02
1.157622683909055733e-01
1.468253147304972306e-01
5.499792860636726344e-02
5.363011375006934700e-02
8.422689556465667859e-02
4.631735075915047184e-02
4.821382842478399294e-02
5.278430613262776600e-02
4.929453656720726024e-02
4.827798017205990611e-02
4.893107373355730372e-02
4.937131989419368816e-02
5.006483343239080674e-02
7.676233662066948849e-02
9.597130399589683114e-02
4.654121316861770802e-02
5.965092434312101177e-02
5.195535601442997919e-02
4.570626689123073044e-02
4.897463488242782825e-02
5.478458958634361414e-02
5.905229913599849972e-02
4.933834347221048577e-02
4.821729434495559269e-02
5.411451496555481910e-02
5.435437092935788833e-02
5.638250586325107422e-02
5.174470452388375136e-02
5.271139234412568209e-02
4.611502729351399377e-02
5.104262844377445429e-02
5.334559603686112733e-02
4.939952372867160990e-02
5.080850128783766934e-02
7.394297990733476877e-02
3.874454831109067771e-02
3.901744273602188867e-02
6.656427001425299639e-02
4.063027549788597592e-02
5.066097108553450912e-02
4.054854493056504056e-02
4.014543034200148547e-02
4.248110911879791896e-02
3.682330167976442109e-02
3.709804311523422216e-02
4.294203666148443260e-02
3.711837192892845222e-02
3.822041024462601716e-02
3.668395678454697967e-02
1.365040599691736689e-01
3.777948752217247935e-02
6.679958292524558472e-02
2.939583646364212627e-02
3.190566649295300400e-02
2.735092965050050368e-02
2.894615455776338928e-02
2.927601267389989131e-02
2.813025528109784276e-02
2.762700869691914543e-02
2.817412253792805910e-02
2.641572603681416678e-02
6.277376621590025074e-02
1.255639364594066942e-01
3.149136024316886301e-02
5.927738012916392019e-02
2.913157735387895270e-02
3.028740158982047223e-02
3.913091465661042850e-02
3.468338805994831270e-02
2.814099606550599098e-02
2.645453165516884961e-02
2.690333493431618095e-02
2.907410081951397607e-02
3.567588124714723280e-02
2.769388432062508745e-02
4.725394268843614853e-02
2.500002007893262906e-02
2.124395250684287667e-02
2.354903807683917522e-02
2.532031428227892594e-02
2.293265882028809946e-02
2.273928547114623111e-02
2.190980942577044205e-02
2.317882178885818587e-02
2.623301136172086559e-02
2.355081193874430587e-02
2.319633541873928478e-02
2.445643114991338796e-02
2.963424078764540295e-02
9.427098492907556859e-02
2.337454505115840048e-02
3.888112155447896734e-02
1.714039424952360641e-02
1.644194494395958758e-02
2.337313785930953541e-02
2.245348962675511664e-02
2.316732205049721813e-02
2.185665183095693645e-02
2.100193584204382985e-02
1.992989540381067889e-02
1.942580689291522125e-02
2.177305347912041750e-02
1.346813826210523958e-02
6.941982531877251283e-02
1.003414593581865646e-02
2.072486594973641308e-02
1.073140383241441217e-02
1.004193556352135121e-02
9.740505578561601402e-03
9.413939693119162400e-03
1.042276146917627336e-02
8.384401817203951737e-03
9.288121591258633944e-03
2.741325125318363337e-02
6.603628120418884861e-02
1.645910890722085754e-02
2.104828229784753285e-02
1.114661189632345714e-02
1.363393814217873055e-02
1.277158554560098649e-02
1.440899089226181304e-02
1.351588712339958642e-02
1.084621546377994954e-02
1.145406042658967012e-02
1.200501923842218349e-02
1.639197649940193902e-02
1.153868983721903843e-02
4.667560748985008501e-02
2.076777468229073498e-01
1.068558721222929477e-02
5.523348989759773592e-02
1.273539827378602184e-02
1.022560291062507391e-02
9.400692669726486497e-03
1.337620963673173853e-02
9.977680096501599302e-03
1.029536269682552151e-02
1.018150421670176164e-02
9.586296401772675252e-03
9.497601419109684071e-03
1.438591190417522030e-02
1.010891793214549299e-02
1.055156150720214930e-01
9.506155008649591967e-03
1.470129343325212237e-02
9.328735783877904753e-02
9.614535047490373187e-03
2.739412295603581987e-02
7.655235680629333961e-03
6.703917257685943105e-03
1.383403740694568937e-02
1.664622756019207284e-02
6.928223171867535675e-03
7.375821803184664897e-03
6.526945139558829045e-03
1.269859253997703344e-02
1.133574264362017907e-02
7.610259728371815413e-03
8.215165832173072780e-02
1.502407948891296696e-01
8.225680310073297738e-03
2.838541110721045507e-02
2.578307699385212065e-02
9.409566495623590196e-03
7.446727553127032231e-03
6.239097513245243053e-03
9.972476115071475869e-03
7.684678091786646334e-03
7.200364312826956943e-03
5.758076488447637364e-03
5.722288435795902690e-03
1.037630420025485722e-02
8.224844411084394208e-03
7.074428562276687676e-03
6.387310530928133265e-03
5.538676429715609639e-03
8.723241795616713812e-02
5.978441696850404774e-03
1.517294264037001746e-02
4.106895297570551696e-03
4.097502357022612257e-03
5.756186944616469188e-03
4.619552725611292265e-03
3.440874517674824898e-03
5.409156130985994654e-03
4.532543103709447269e-03
3.585755280225054031e-03
5.381191707545937217e-03
4.538175995275268645e-03
3.126007822343626619e-02
6.738965483939365897e-02
3.677342773626945168e-03
1.475738957876028545e-02
6.546626156783136655e-03
3.184855708323297042e-03
3.343916703900179626e-03
3.185554339390855427e-03
3.632449930501525058e-03
9.592569713150032526e-03
7.649840471319479737e-03
3.605161451953503658e-03
3.154091839248151802e-03
3.317930864138927266e-03
6.212407194127456816e-03
6.698624076634120128e-02
1.552077458913945496e-01
9.564496522214449223e-03
3.039337654660673183e-02
1.509615922987782646e-02
3.765485518248820000e-03
6.124424008550451853e-03
4.046113708980409590e-03
3.433161552261810613e-03
3.374482510195484647e-03
7.732034280322528687e-03
3.611538551254846099e-03
4.651240479856624983e-03
4.307344812981144487e-03
6.094602017297272301e-03
3.738553393930119356e-03
4.619495388918180151e-03
4.607721244458478152e-03
2.474891519130440962e-02
7.807908833438448326e-02
4.046825344570967667e-03
1.120225292781433686e-02
5.401757708051829927e-03
3.640406580677627187e-03
4.474858587354834868e-03
3.897600651505698111e-03
8.011078523055886400e-03
3.889757822072236002e-03
6.057664150813287136e-03
3.533002326026554642e-03
3.640531898285303582e-03
5.923772943273669135e-03
4.380998160136528700e-03
3.951197973952817744e-03
2.903863881835711327e-02
5.699253465597231560e-02
3.527558316017371208e-03
1.132938172280573488e-02
7.496063772079489609e-03
3.922477626280785647e-03
3.843293756532996635e-03
5.174760786061128118e-03
7.331678213537220351e-03
5.333720306768312269e-03
4.287211858791890873e-03
4.388573431076040962e-03
4.766185552671307196e-03
4.041155535097692986e-03
4.186321896445833156e-03
4.696924878752752747e-03
4.937587433736605885e-03
5.089898224893482995e-03
3.777596400677530036e-03
3.680087994423928907e-03
3.983089034854486905e-03
6.139949173992769425e-03
5.220653427659417874e-03
7.550887147966190566e-03
4.680545384303709880e-03
3.739176299064012141e-03
3.343888260507816863e-03
3.752238597225856197e-03
3.799065567454493891e-03
3.272058261092115807e-03
7.570561250960683615e-03
3.475685762839460496e-03
3.705734575277278529e-03
4.987222701202804510e-03
8.403083292668088108e-03
7.655906215514931071e-03
4.079126282270240794e-03
7.282846393310356270e-02
1.452628385768404140e-01
6.021036798020176425e-03
2.637490887289595937e-02
1.956678751321414000e-02
3.824767341872771162e-03
7.215190627539326725e-03
4.721817271950450555e-03
6.167356028561610248e-03
4.276744882042634102e-03
4.092352300937434316e-03
4.303348378654401479e-03
3.357539784387048032e-03
4.760048193838230420e-03
3.432632394146315109e-03
3.854827994496066567e-03
3.804428820089243799e-03
8.559686190718611420e-03
6.188910629188004719e-02
3.897882686174553024e-03
1.068962106568643704e-02
4.371422075805785068e-03
3.521876396281140020e-03
3.177469982263272496e-03
3.455904306358168095e-03
9.478701224236158254e-03
3.062892481942673054e-03
2.811176021226094533e-03
3.745555054848684860e-03
3.440523254913688701e-03
2.982421250132459740e-03
6.241703115583466764e-03
2.675604313607382254e-02
6.522511622862306457e-02
5.785082880744732772e-03
1.590333061695478611e-02
6.376858365110289230e-03
3.417784887654237106e-03
4.301929137990717286e-03
3.749188219936693076e-03
3.641313113656220474e-03
3.597033706708855846e-03
3.804923651417925230e-03
3.469987040756468410e-03
3.440814349440149932e-03
7.374748318051511931e-02
1.517684951530313686e-01
3.196912743294864565e-03
3.087233472181686450e-02
1.606550034346014913e-02
3.821265204306016454e-03
4.224035686916855978e-03
3.559582481966177842e-03
3.929631897033953464e-03
3.939645167166698318e-03
4.225167066289785452e-03
6.408635147477624062e-03
6.987358883660328875e-03
6.277609431536231195e-03
6.686834454451817331e-03
3.703095186058032694e-03
5.339003541284003014e-03
2.877266506266143876e-03
4.938847673982577763e-03
3.293066230669608723e-03
5.390678603237146309e-03
4.573277019185214773e-03
3.774458927256604465e-03
5.045449091957466409e-03
3.489096206109514996e-03
3.552108569557064707e-03
3.916923293332431368e-03
5.477996504952416419e-03
4.890532560931997418e-03
3.480825847695102806e-03
2.417470327270439950e-02
7.409504082074275244e-02
3.960137354359404525e-03
1.748633647536062749e-02
6.148469700666943892e-03
3.482130280065426960e-03
3.064888678670296164e-03
4.289088274411130032e-03
3.730671773115850926e-03
4.203791561985221505e-03
6.545160392809450285e-03
3.384559299743955876e-03
3.221713111286450288e-03
2.773784800588356518e-03
6.977451467083210790e-02
1.651254131752402932e-01
3.849638356002057105e-03
3.316470670350500638e-02
1.845111133102940448e-02
4.299820470174254769e-03
6.865563350856311760e-03
3.114289137702187012e-03
4.303678972229683930e-03
7.510379609915969479e-03
3.198309313938584638e-03
3.284182859018026056e-03
3.582975176171716066e-03
3.252288914532466130e-03
4.295077352521390127e-03
3.281190088109559814e-03
1.166418405890416732e-02
6.543055812132707316e-02
3.725271175053506464e-03
6.767840572121355293e-03
3.594978918921590706e-03
3.956197932769727615e-03
7.778671233864625605e-03
5.317694735105925330e-03
5.207352679217109800e-03
5.882126477513871868e-03
4.702275448319215637e-03
4.760711076522538242e-03
4.895839472528851037e-03
4.673359553086233256e-03
4.149029819575800714e-03
4.352760321462555149e-03
3.046489323649311659e-02
6.853845625933342733e-02
3.626837112699164613e-03
1.390823734685297554e-02
9.056158347733961334e-03
1.101714002308739650e-02
4.445761651793398231e-03
5.049393743192119068e-03
5.647069396297737034e-03
5.813924833919394304e-03
4.817415385494243536e-03
4.185934674083635794e-03
5.142308536007285380e-03
4.539065168877508445e-03
1.020069173635844081e-02
3.987470863952654113e-03
3.763359455401788737e-03
3.788566326776492740e-03
3.650686339088733863e-03
4.717331230148829636e-03
4.414260502732252241e-03
4.747932579414295036e-03
3.510272778199182656e-03
6.681168810848439089e-03
5.678183701392893259e-03
4.961796166103303943e-03
4.206828680175616481e-03
4.291267333704610470e-03
5.933475371439004241e-03
7.415374055407510795e-03
7.328919054777765368e-03
8.598917491993544188e-03
8.100312738530509454e-03
5.462161781200279044e-03
7.303618515327914285e-02
1.751598507949189698e-01
7.765816159940184399e-03
2.951441888108801564e-02
1.304022112206888045e-02
4.720283142489267378e-03
1.302263822201465450e-02
1.003542110981667582e-02
5.085374335449334253e-03
7.627512882471933556e-03
8.514911960435387478e-03
6.597782520102559063e-03
5.131707756510521003e-03
4.307045324467501275e-03
4.445058836172695316e-03
4.791331236251692056e-03
6.228940646514416306e-03
3.594864699754393017e-02
4.140232047588766201e-02
3.688910913977542626e-03
3.979989918024322976e-03
1.199159922447956723e-02
2.700510148125898850e-03
3.430210643025220687e-03
3.287449996942231473e-03
4.199824804702332118e-03
5.132898182931991925e-03
3.045434237856626397e-03
3.408689965761771672e-03
2.764747480996508633e-02
5.918784489589598574e-02
3.894974966842094065e-03
1.091838823040573205e-02
1.313235392090303204e-02
5.002902771421509180e-03
5.274817857998732179e-03
8.256195448430495021e-03
4.110799368843432409e-03
4.023760988146100892e-03
1.124765690860688762e-02
4.417616230761560112e-03
6.808090039664241658e-03
4.498720263598448080e-03
3.150136667716031333e-03
5.766555813528991166e-03
3.441784010994440417e-03
3.734575917616631512e-03
5.776312259274311682e-03
3.769230722567824734e-03
3.788495013826720381e-03
4.206934450878756920e-03
4.459563404471842893e-03
4.602119257706995502e-03
3.517857649080798760e-03
6.893651756682522835e-02
1.541928059640881865e-01
3.130659255754945046e-03
2.641952571491927582e-02
1.546830235026454628e-02
2.723291526621503429e-03
3.380175131933773822e-03
3.042465257291165209e-03
5.459432394472224157e-03
2.707661677189106535e-03
5.024693283999511623e-03
3.281159454715900856e-03
3.236046072183875431e-03
4.083352506486313989e-03
3.163101961180150423e-03
5.144700082315578279e-03
9.675161612687331256e-03
3.370044529738780437e-02
3.247830672853394690e-03
6.421471669439494066e-03
3.563239735421521587e-03
2.821779182011271894e-03
3.324313242641120051e-03
3.129642552767663427e-03
6.092197262441849219e-03
5.927659756882447395e-03
3.804361040337134701e-03
3.652098749565730555e-03
2.964558037169016513e-03
2.960576750333927722e-03
2.601578954083833863e-03
8.072610938702066627e-03
2.791820518626440817e-02
6.272767267061025998e-02
3.019059999200844179e-03
1.325365834133988840e-02
6.381596991250326409e-03
2.864514511579840418e-03
3.942275119327179507e-03
3.274652187051481800e-03
3.332727201967166687e-03
2.952778022772174858e-03
2.813125681457808672e-03
3.459333046963199154e-03
3.460989607203106624e-03
3.591783286776695575e-03
6.901238728889692864e-02
1.479834951974626223e-01
3.613678123035013543e-03
3.399245025086468364e-02
1.320841455295467502e-02
6.560393453892358027e-03
7.977720010557225877e-03
6.002306345604549974e-03
4.164149120132859191e-03
3.011596267880147382e-03
2.895749141034670467e-03
5.180389458614887907e-03
3.760064117883778721e-03
3.802350661203199745e-03
2.948287280379393704e-03
2.964010260302892951e-03
3.837178145516638352e-03
3.041543919787682501e-03
