1.425676966628262876e-01
1.433330084439277674e-01
1.419662588444710050e-01
1.408457173793143113e-01
1.434135937598142452e-01
1.424673745941159586e-01
1.417005524417275231e-01
1.480471255780803075e-01
1.446491340402463466e-01
1.478172884909098872e-01
1.434809950031276371e-01
1.457167954750438477e-01
1.501257927064375275e-01
1.290634058673086892e-01
1.430116540611239273e-01
1.374659777644080261e-01
1.464898938642532344e-01
1.279501060143591051e-01
1.439550380319275513e-01
1.413976039830104059e-01
1.416058970192181077e-01
1.420854536408872881e-01
1.416644773359058140e-01
1.424821829802900286e-01
1.385821532742639584e-01
1.396065349301137126e-01
1.431037927011241384e-01
1.405982950601499804e-01
1.486280873673865299e-01
1.508612494163823758e-01
1.386938507326016257e-01
1.457201868918965582e-01
1.439801765334543515e-01
1.405228925200596168e-01
1.423614709445691351e-01
1.393289648224833865e-01
1.381407926491685367e-01
1.415357902266763945e-01
1.391418615045872387e-01
1.425308237701499448e-01
1.431237068112201083e-01
1.431800024013691053e-01
1.438006458036017454e-01
1.427817697267458885e-01
1.489332424825672574e-01
1.489135640005409267e-01
1.445082060826062276e-01
1.434996538752365547e-01
1.635453491952375549e-01
1.460089326756977002e-01
1.489771527208745283e-01
1.475775545879234596e-01
1.470621050099892024e-01
1.452022331278259304e-01
1.463549692718789652e-01
1.447498834654177557e-01
1.454232800726688035e-01
1.433633146231862721e-01
1.457115896080959649e-01
1.397729209920433036e-01
1.469977279709685503e-01
1.441691783131843207e-01
1.391292619123146446e-01
1.427344332512837100e-01
1.422672987578746662e-01
1.448902386418330357e-01
1.446821218080188709e-01
1.421674364344899522e-01
1.415834318856971918e-01
1.420945719710729194e-01
1.314563941037842354e-01
1.363921480022324273e-01
1.378179562297523753e-01
1.346425927467244654e-01
1.358035998708480574e-01
1.562586215660244360e-01
1.360295066751470716e-01
1.398370926612158560e-01
1.570896427462755707e-01
1.031058578967716521e-01
1.307140578973603195e-01
1.052359746596759904e-01
1.542257854996697541e-01
1.546495715091732170e-01
1.218664808232922947e-01
1.228203170968042296e-01
1.087310686735536713e-01
1.052088885170239380e-01
1.131819759616501664e-01
1.045304538384396326e-01
1.048135501192431762e-01
1.027764615593945302e-01
1.387373428535885467e-01
1.088287908877028365e-01
1.065879775576611954e-01
9.649769773172071907e-02
1.008268337718724039e-01
9.760796167278333602e-02
9.537999845467007298e-02
9.916824406257208901e-02
9.677426164395434849e-02
9.732533786002781073e-02
9.663025716430177769e-02
9.843433163625323057e-02
9.885359774990370996e-02
9.444238994912164398e-02
1.261571549907593848e-01
8.676874832836180274e-02
9.149865970891568612e-02
1.353145253629584044e-01
8.628495946932174254e-02
9.759648057683799338e-02
9.049134100860602159e-02
8.622471046925335447e-02
9.296812800343998151e-02
8.500854759964295015e-02
9.368041425340808970e-02
9.123470353358537066e-02
8.932411802597267636e-02
1.479293091979806962e-01
1.436620549292385585e-01
8.435808987310064455e-02
1.642439785953097031e-01
1.783438953396866145e-01
1.228791166033698506e-01
9.046403426184192187e-02
8.480316632636981933e-02
8.784660069235222801e-02
9.566815021658185703e-02
8.950892769983667674e-02
8.762482908151726646e-02
8.844646659398705535e-02
8.825207984711409825e-02
8.885182740619197717e-02
9.035223144496479231e-02
8.798262212583980724e-02
8.956569085106269590e-02
8.633685831684927148e-02
8.835994314338399547e-02
8.731281767200675670e-02
9.201642574535330577e-02
9.363447682332956545e-02
8.913399187968978898e-02
9.012831365416552887e-02
8.435564405529530352e-02
8.870546677199507568e-02
8.822371445046499339e-02
8.992419881426974571e-02
8.627733416106425635e-02
8.944990293405727377e-02
9.213270023686694066e-02
9.069997046029228127e-02
8.824151994520412767e-02
8.848852515743692304e-02
8.795569555582827270e-02
8.987605507471599364e-02
9.580592939174260858e-02
1.677627156832850186e-01
9.073010649589485777e-02
1.090643498757935675e-01
8.445001258229858920e-02
8.850709472266433953e-02
8.446671749833500886e-02
8.603135547863310917e-02
8.570629106806425257e-02
8.577513990175099357e-02
8.298241642520975958e-02
8.689794190615007796e-02
8.620821477361481633e-02
8.480572189818320894e-02
8.522203756483509585e-02
1.470658739770135948e-01
8.272992076625725055e-02
1.520472731224770391e-01
1.473829922016087757e-01
8.276665197821234110e-02
2.247936749141636603e-01
1.487627978007542429e-01
8.136438748399911491e-02
8.257769768570340230e-02
7.809180688018771410e-02
7.791102764683546789e-02
7.732160479437319434e-02
7.827144419344062021e-02
8.536583719889175026e-02
7.739590432960433142e-02
7.667760552967604892e-02
7.847706250317111609e-02
7.668357621350674336e-02
8.195692636719868751e-02
1.815147836699214368e-01
7.700494032904091346e-02
1.064543533586910923e-01
7.312604217116734640e-02
7.433162377432163404e-02
7.795033006304057099e-02
7.156373571098390007e-02
7.520737428272049330e-02
7.735982459126942989e-02
6.974945043116589916e-02
7.795650967941601672e-02
7.328567231317444086e-02
7.697421381990260381e-02
6.765755136345580345e-02
1.144707237155517532e-01
8.651430124923466247e-02
7.235994205032031390e-02
7.014995182499897397e-02
6.393409540615166420e-02
6.983451676840041200e-02
6.950100198970268761e-02
6.620545442856262675e-02
6.549069900570043956e-02
6.207911090458416437e-02
6.534075820473972396e-02
8.382973886864505952e-02
6.700702464291259652e-02
1.356735961685535674e-01
1.482036674212125205e-01
6.715664275780262871e-02
1.550038326997170979e-01
1.395771188700830334e-01
7.675966492538464914e-02
6.633750528557218196e-02
6.513498985235399719e-02
9.504164143103348283e-02
7.056279987234224949e-02
6.734078004085389257e-02
6.297961700200581381e-02
6.460512279528088375e-02
6.556023526896075093e-02
6.631426968904602370e-02
5.564255744795679887e-02
6.429522112462078554e-02
6.227275659735941049e-02
9.722623059227758491e-02
1.444743361866121234e-01
6.253524330749640758e-02
7.169054977006075746e-02
7.269720928316400488e-02
5.933958474603835687e-02
6.308279547690366640e-02
6.113836848648146471e-02
6.115362128883174847e-02
5.817927533821124625e-02
5.994155122178266432e-02
6.413844729112762322e-02
6.224419815585432308e-02
6.310048045912826364e-02
6.049933948574586634e-02
1.878627513927562734e-02
2.997238773883496160e-02
1.865904303393739125e-02
1.527627581907263846e-02
1.629743441781433128e-02
1.427179757979119522e-02
1.546810794258331352e-02
1.485741564995975844e-02
1.526820108408972858e-02
1.808354998971246561e-02
1.781905570311190234e-01
1.751011007642824802e-01
1.438253560452858008e-02
1.253489243966171285e-01
2.523291888003147410e-01
1.282463518767111288e-01
2.827127239246352008e-02
3.376579201288563981e-02
1.238712808501604874e-02
1.259057571697892036e-02
1.376434767538447027e-02
1.234518673158820426e-02
1.158865740772117500e-02
1.300705310291316343e-02
1.144688055502065920e-02
1.240987380410518530e-02
5.977696154907734954e-02
1.792542629538137755e-01
1.465619892713297505e-02
4.565127008241698370e-02
1.402578446073407883e-02
1.140216433246015598e-02
1.134212943823726533e-02
9.601196375272033276e-03
1.166845926992391737e-02
1.108297194148755681e-02
1.076080557930045138e-02
1.057404769561206236e-02
9.728360580889291662e-03
1.085599937257797180e-02
1.170799806893883278e-02
1.084822709048193640e-02
1.015590109368086705e-02
2.356485591689659598e-02
5.093378581236047281e-02
9.961009613137554453e-03
1.324829740661464909e-02
1.336472117333964253e-02
1.372525572478379766e-02
1.750126412114539134e-02
1.260244259084360510e-02
1.086564427103093450e-02
1.363372098266034220e-02
1.377725349442415585e-02
9.794861514542148664e-03
1.145136271425875769e-02
1.084725942798436121e-02
1.074328369683641080e-02
1.050339304715769244e-02
9.817250847909558126e-03
1.011851007304957750e-02
1.121091298415203587e-02
1.089940346635914596e-02
1.439712993497778426e-02
1.307764796064695909e-02
1.159738431812141687e-02
1.937808477900815618e-01
1.644316869459331865e-01
1.012653732989463561e-02
1.306042731629651066e-01
3.111887324938450994e-01
1.064371752722057668e-01
4.384216547083358978e-02
1.134136055668725357e-02
1.254182338701931472e-02
1.201358872414578192e-02
1.094973181141439128e-02
1.022136564416450434e-02
1.050577926282249101e-02
1.036371899239686700e-02
1.033486320579008952e-02
1.106252327597712082e-02
1.162078963937136777e-02
1.056626772114800487e-02
1.138353446011650984e-02
1.208120244935388145e-02
1.235392591735188193e-02
1.271915052500132912e-02
1.285706964788303763e-02
1.321614476595443614e-02
1.038013400725575595e-02
1.428189354215267728e-02
1.050522624205893485e-02
1.156923892648647686e-02
9.642286838570546248e-03
1.343813657289399770e-02
1.056511890227740912e-02
1.086797820832750838e-02
1.364302805863810281e-02
1.098137755338855770e-02
1.064709007338932728e-02
1.077553214876008150e-02
1.051834529275862302e-02
1.014181469939398096e-02
1.015488996498348923e-02
1.065388556842495303e-02
7.412720596792653216e-02
1.624841798550055449e-01
9.812732679795762442e-03
3.472420136982517364e-02
1.882231519643093320e-02
1.053447013233131148e-02
1.460674718136805578e-02
1.166694875513507763e-02
1.187914643872246476e-02
9.992935798735010089e-03
1.466121143421266447e-02
1.004257195194050746e-02
9.746622113211124427e-03
1.054249883622363805e-02
1.046839770405452730e-02
1.098695064240683313e-02
1.091417400415539349e-02
1.125553890890718632e-02
9.834185684824369583e-03
1.084930614825007841e-02
1.025760257486827559e-02
9.733603776399923913e-03
9.782198835020650476e-03
1.089154431809712942e-01
1.041553690486118032e-02
1.727897613022044698e-01
1.849776258717645006e-01
1.505069878809193497e-02
2.480169940200760703e-01
1.735786818448371849e-01
1.910437707831781975e-02
1.155183789382413333e-02
1.342907651139440411e-02
1.270325752917349400e-02
1.343548059294219325e-02
1.055673069554538719e-02
1.374335263754077920e-02
1.101043193451250839e-02
1.074860394494744041e-02
1.127362569047146018e-02
1.048640543145838190e-02
1.153117252549251508e-02
1.048504898856415096e-02
1.420392263681500601e-02
1.077203513230331859e-02
1.121180463357709933e-02
6.904509219346792459e-02
1.855152784006970090e-01
1.243260087867737243e-02
3.930027655099494616e-02
2.128290492606866799e-02
1.194842579620935749e-02
1.386978839573003996e-02
1.202367768710568136e-02
1.387914428971282789e-02
1.061780793095365612e-02
1.075942588092463140e-02
1.064996436701448439e-02
1.024646019134690944e-02
1.109152755366701361e-02
1.076511798103859871e-02
1.086304835331352268e-02
1.024305903823180368e-02
1.267274566600915670e-02
1.070727158020767615e-02
1.026813150484395636e-02
1.555118351852538203e-02
8.980014495834875987e-02
1.351714346928449030e-02
2.534302491482203629e-02
1.078376976872192673e-02
1.269351133710634391e-02
1.009110933138760401e-02
1.109792039826088678e-02
1.110962030647208443e-02
1.040588225445634313e-02
1.002693082019670036e-02
1.604193864006004180e-02
1.250339264510489518e-02
1.049406238434930257e-02
1.068384454342023206e-02
1.832723530978980220e-01
1.851205825471524402e-01
1.274440886447572065e-02
2.477573911486005698e-01
1.758427032861072381e-01
2.004091043639946376e-02
1.209343185545243629e-02
5.567420681669654758e-02
1.450046187111252508e-02
9.869137178040322117e-03
1.150945502965000818e-02
1.089861531372064360e-02
9.965073834655975918e-03
1.205506349232736765e-02
1.002995936924091364e-02
1.069441264556368794e-02
9.667840069470532219e-03
9.787123324680985226e-03
1.041531895036251938e-02
7.392046895685398800e-02
1.740353935475847102e-01
1.022521788285706522e-02
3.700544886320902144e-02
1.970653820128088693e-02
1.147675577161626909e-02
1.524548363795640883e-02
1.193550721293650321e-02
1.282926037702338332e-02
1.011170944863792713e-02
9.480809940157796864e-03
9.968830940593061476e-03
1.242659207570678478e-02
1.051318281471435440e-02
1.014490590679770904e-02
9.497253427732580897e-03
9.701003467473563041e-03
9.327967559442994910e-03
9.623941761844697143e-03
2.281428830971208785e-02
5.219598316984722791e-02
1.564770999994022013e-02
1.263654560951827342e-02
2.004991621561862461e-02
1.125190792348379661e-02
1.089012513626267525e-02
1.068717558963633817e-02
1.521205228765574319e-02
1.039695342116555427e-02
1.011749990965294527e-02
1.217737288785337643e-02
1.086248798890197646e-02
1.054698454410144849e-02
9.719362099523636347e-03
9.494304348780147410e-03
1.020417489388316182e-02
1.169865253237960256e-02
1.203954420242103231e-02
1.006620200969692881e-02
1.071526331389377473e-02
1.853312049994184918e-01
1.752873794365917004e-01
1.229191524337180756e-02
1.282282572013383748e-01
2.957450079472233040e-01
1.201454339082890649e-01
3.294928864880410785e-02
1.132603115763933591e-02
1.113453039254304854e-02
1.075445827555276609e-02
1.420027358591060759e-02
1.019344941428994983e-02
9.460690096710426891e-03
1.061045348214455925e-02
1.046527580984634234e-02
9.884606773662044793e-03
1.012556063313721152e-02
1.066586605373040508e-02
1.230136004064923821e-02
7.239206698652303484e-02
1.592214961269974027e-01
3.337147188935764286e-02
3.387463533186593073e-02
1.951332543562020114e-02
3.390351045908307492e-02
1.453015421373980709e-02
1.458476443529353565e-02
1.416348111131487605e-02
1.354204779448370775e-02
1.365144608937905041e-02
1.356472704103474369e-02
1.484881582380440969e-02
2.366647408333738545e-02
4.720705083142551911e-02
1.308246333171559674e-02
1.504950611327602467e-02
1.838281849155342165e-02
1.326335540663263132e-02
1.343962608635196170e-02
1.465736999355384332e-02
1.333504669400572759e-02
1.348549560282132076e-02
1.314598801942570491e-02
1.530995221870707322e-02
1.540668274115353578e-02
1.438841097806767277e-02
1.417674556172848765e-02
1.418158450759084491e-02
1.429495524830183030e-02
1.420442088188126305e-02
1.445150732873214973e-02
1.371379352305265517e-02
1.323444985423026521e-02
1.358840595497321294e-02
1.411981633242737587e-02
1.430798384554759183e-02
1.442206297648443956e-02
1.586701894986315697e-02
1.430161051115507766e-02
1.349668510895221316e-02
1.900716846934379090e-02
1.425211854075673912e-02
1.479828500200991090e-02
1.388763341419105117e-02
1.401828816267850115e-02
1.342289475507514422e-02
1.392380288354812083e-02
1.506927288814242927e-02
1.467090695416381832e-02
1.390456035223501530e-02
1.361387111736282220e-02
1.401613936061357410e-02
1.431150349909088813e-02
1.434472248900980039e-02
1.471642754308229856e-02
1.808896511234794197e-02
1.427272182949630881e-02
1.363183487452253664e-02
1.437007230129092906e-02
1.450569296375496184e-02
1.449556123755156578e-02
1.375773391007564274e-02
1.373299837411615966e-02
1.381185094338439195e-02
1.307921794298916654e-02
1.406786347301479737e-02
1.329921597660139142e-02
1.419723620507159015e-02
1.936684473441440402e-01
1.772849883557415240e-01
1.384219844418131500e-02
1.315790693421232949e-01
3.108332004143626315e-01
1.123390502365736732e-01
4.532436846181697732e-02
1.373298660927637325e-02
1.329737286966880053e-02
1.504176120971509670e-02
1.420333345395018501e-02
1.446162147380528062e-02
1.388158829013075302e-02
1.436608319183798645e-02
1.356996422225219094e-02
1.020151271687960715e-01
1.193074017566807116e-01
1.463832066679772448e-02
1.955196103433617591e-02
3.605788842074098000e-02
1.143568921435215990e-02
1.141161486678211011e-02
1.121825551135999244e-02
1.310902205802156988e-02
1.217372585847304768e-02
1.075193807160988203e-02
1.073579815372011775e-02
1.231068891042269228e-02
1.081828695025637173e-02
