% # columns="iter, evals, sigma, 0, fitness, xbest" seed=1234, Mon Jun  8 15:11:08 2020, <python>{}</python>
1 7 0.39313375946057305 0 0.01255620785787773 0.0010591823417432475 0.2027300845916819 0.14455078876933822
2 14 0.3506668686165465 0 0.007632410954817361 -0.23028474628447423 0.031163805059155086 -0.12813709620645644
3 21 0.29731227308035263 0 0.00481759874286694 -0.0032732132688047715 -0.04290888374196828 -0.4321314394513347
4 28 0.29998821295384576 0 0.006575456612971485 -0.019365356505617184 0.1652161114315906 -1.0381523801562467
5 35 0.310259849138898 0 0.004300865243273782 -0.05400126532165331 0.1237138247652804 -0.9357093352168633
6 42 0.2722550775894747 0 0.005218887410341605 -0.16077276849920463 0.09205238620090077 -0.6933825384774002
7 49 0.31450636169581175 0 0.00545029319981105 -0.03467148817636504 0.1410833423309356 -1.5019696588387481
8 56 0.31684821107134953 0 0.004115674393684125 0.08035707152966776 0.006839107345284756 -1.30342596717353
9 63 0.2556475088220655 0 0.005442135666628275 -0.05006147737505943 0.12648161357852467 -1.1620610094254007
10 70 0.20703856081170008 0 0.0034452885725868546 -0.10501586312206702 0.0687052274583522 -0.8674044293956791
11 77 0.17073046653522922 0 0.0058931543555444344 -0.07988183300960636 0.1327777596685078 -0.709137042335247
12 84 0.14815511892473449 0 0.004787425361860058 -0.20220038823705247 0.0880387872799035 -0.673137921224077
13 91 0.11995819060355757 0 0.004663763149689443 -0.15433556192145842 0.08793724135901755 -0.6979043109327734
14 98 0.13548800414317144 0 0.004449402271112555 -0.23676979045379493 0.09326611567750083 -0.5441049202725838
15 105 0.15262530318233608 0 0.00541356743509245 -0.17564935066472867 0.05062090602758442 -0.33957461751738727
16 112 0.16846206590512636 0 0.005416703942909271 -0.13811424650412438 0.061201837713611464 -0.2234908337416143
17 119 0.21781714770645472 0 0.003698104561430019 -0.13069999338284585 0.12587783896480642 -0.33181733865632185
18 126 0.3110331714434486 0 0.004546210715402916 -0.006513140135729928 0.1154325884033975 -0.1923600401785876
19 133 0.30882831247661313 0 0.005345362478758075 0.021272554813348304 0.05641535002479919 -0.550617993265357
20 140 0.27010223967491037 0 0.004783977270424713 -0.011888463471176646 -0.005376964201559906 0.34283982808716745
21 147 0.26268943890055285 0 0.004041837724718031 -0.08271945315965858 0.04314685006486095 0.41238759291898774
22 154 0.2384960210706637 0 0.004402631993848319 -0.1104741820258066 0.03734388751556667 -0.10320988701079686
23 161 0.19782335086493902 0 0.0033651705860397968 0.007798960566215228 0.041570099887396614 -0.3899217552352584
24 168 0.20078086419396818 0 0.003506551786670593 -0.02671418910226375 0.04747249718152491 -0.7317393548213257
25 175 0.18274211750519756 0 0.0015371027226874533 0.011388147481292948 0.048997600645185116 -0.7717874460586073
26 182 0.1567382554759679 0 0.0023879483636679933 -0.0011326096388205517 0.023222037382377932 -0.5921530108129551
27 189 0.1608664641771056 0 0.003272460003284626 -0.061144100065918486 0.006926952556284345 -0.9313748655206311
28 196 0.1746824856083286 0 0.0040366965888197414 -0.06562170052570687 -0.014803641828255547 -1.0705778182408714
29 203 0.20193527803478833 0 0.004185074335942982 -0.07487778404851436 -0.016561125212590004 -1.5930951978190682
30 210 0.23733715818277148 0 0.00477169808871431 -0.028653999115195023 -0.026430271136988988 -1.512307897259529
31 217 0.2624835779334509 0 0.0048106590903033075 -0.09458037753693949 -0.06683701962400479 -1.7494593872651276
32 224 0.21126098860128908 0 0.003275983303771185 0.002558591593560436 0.012589829948456359 -1.2622583609701041
33 231 0.19651800558425495 0 0.0025653073296174746 0.0052858606139940326 0.002397724364753176 -1.5334497290655202
34 238 0.19135576906468826 0 0.004079724616700934 -0.050782603590016254 -0.007470020940426713 -1.6454494479567803
35 245 0.17640526840644385 0 0.003630752043889655 -0.0768333301871566 -0.0325561648909712 -1.9924042577280936
36 252 0.13086299623217634 0 0.004337713231106512 -0.03489391511575637 -0.010238806007389033 -1.6076255225397247
37 259 0.1075227591149607 0 0.004525315022206157 -0.04284175855277683 -0.00950732796133177 -1.585472500470692
38 266 0.09695611491247001 0 0.0036002956680204704 -0.04034653444593417 -0.01098195599615735 -1.5583951253326151
39 273 0.11225184328188274 0 0.0035325672470909925 -0.058668656591247245 -0.002802727203875962 -1.563071151700379
40 280 0.14534884892789998 0 0.004304360447666356 -0.00792342132175649 0.02698696433450392 -1.0829147427530108
41 287 0.15308399949796392 0 0.004655946875606348 -0.04089941744216193 -0.005969073954203026 -1.751323951273388
42 294 0.13776823223904527 0 0.0034930236225743294 0.004422198981686956 0.0315992730737616 -1.2426169152228108
43 301 0.13629243822524736 0 0.0024643317540337384 0.04644390718060755 0.05123340547956606 -1.022758238812748
44 308 0.13813300443959467 0 0.00465232594681288 -0.020744879629111118 0.00781772077676035 -1.2744956313884612
45 315 0.12309559076101866 0 0.003941281896902506 0.04550934590860671 0.050970718721235334 -1.163971068163772
46 322 0.1209352183350258 0 0.003940608380915944 0.06662002143679796 0.06645101640099962 -0.7234246356986088
47 329 0.10571456515389385 0 0.005215675526198821 0.05906092691579436 0.06321879072065752 -1.1064819836668067
48 336 0.13313680769930308 0 0.003031631391482429 0.007756464080159599 0.04052095658381984 -1.081858983737902
49 343 0.1150838904135448 0 0.004403802510397148 0.009151133518497766 0.0333467940148277 -1.3940433963740748
50 350 0.0973123107536832 0 0.005136267576999517 0.04376850345760852 0.051622666530547597 -1.2905898467436172
51 357 0.0965429374057308 0 0.004599845317374064 0.03031048590880698 0.04716587113509454 -1.358207548392794
52 364 0.08069567605834464 0 0.004276965231928729 0.0226110881031857 0.03705908189022145 -1.3130045073997068
53 371 0.0845608317307254 0 0.0016192603915473345 0.03716949367296393 0.05390252179985232 -1.1987402193169687
54 378 0.07935809122551983 0 0.003478644105358008 0.02006162726601528 0.04081772848892021 -1.3448123742289328
55 385 0.08148178878816296 0 0.0038032118218144797 0.002920225335501174 0.03249715777287545 -1.4181659895886574
56 392 0.0918741639907214 0 0.00453035220876412 0.008598835434057605 0.03556698538120241 -1.5028383911274608
57 399 0.09452601662014803 0 0.004684595037037556 -0.00041854612813258495 0.027008047278427205 -1.5605280594658353
58 406 0.10180848080970575 0 0.004864948176470372 -0.02412926817465106 0.012444609779020666 -1.6620431509822768
59 413 0.11377865635892824 0 0.00358758476478672 -0.044371514197533574 -0.0028812123722133966 -1.7168368085418992
60 420 0.12634719927192645 0 0.0033490070647801693 -0.04848016923823381 -0.004873556066018105 -1.7128747789245309
61 427 0.1729826575013113 0 0.003345338635276272 -0.00222643817813465 0.02207540666182209 -1.3611963095722088
62 434 0.20027997776989429 0 0.003457773669553634 -0.12211434401222156 -0.05569631204372783 -1.8321851663929434
63 441 0.2021933041377344 0 0.004728249857625485 -0.07600902777175006 -0.026626989523092934 -1.5632319386554432
64 448 0.1619633497826051 0 0.004373130132012975 -0.04402867319213538 -0.004090243716980777 -1.5606411996063896
65 455 0.1691973197586925 0 0.004499668564596218 -0.14793741644595487 -0.0653107081447926 -1.938178588133657
66 462 0.16704096667915655 0 0.0019782743636859836 -0.13104390499351132 -0.057976857456240975 -1.748388677434103
67 469 0.17466927563756451 0 0.0034349687664659454 -0.16030944755926743 -0.07548030826668911 -1.9031669755378444
68 476 0.1526117202574027 0 0.004846686917282029 -0.12943894924449945 -0.05497184328493822 -1.6674817910847046
69 483 0.14289865906983634 0 0.0025593467823577867 -0.16298284511048852 -0.07986136720306794 -1.9055718684452927
70 490 0.12915450630155428 0 0.004084665260500777 -0.16441710554768812 -0.07921485487988877 -1.9165537961309118
71 497 0.11378659950268703 0 0.003588337923895286 -0.15205966375778898 -0.0712180903497132 -1.8410260826448108
72 504 0.09159967638694994 0 0.004131718774530705 -0.18647141786770396 -0.09385809097107363 -2.017798393603722
73 511 0.08507561036047405 0 0.00345377294988387 -0.14196734645704956 -0.06508655561466797 -1.858079302918969
74 518 0.07125789785296993 0 0.004102636722984888 -0.13325517989470265 -0.05867928984891441 -1.7794773315045997
75 525 0.07465151907187627 0 0.004892921857296383 -0.1685028502379275 -0.0796263650696191 -1.9133152142235874
76 532 0.07239859111728239 0 0.004253847726359621 -0.15869790081801396 -0.07648702153374319 -1.9687784413530656
77 539 0.07231962731926843 0 0.003358808834043 -0.16670837190438645 -0.08128409264521426 -1.9633505085466698
78 546 0.09423216857387483 0 0.004129104953680179 -0.1696856460701916 -0.08365326403633087 -1.933805810142946
79 553 0.1103434220274982 0 0.0036752640494492213 -0.17632485537292433 -0.08405645012676581 -1.8289416471512958
80 560 0.11458429703429175 0 0.004348705572512643 -0.1826727170090169 -0.09373810274168623 -2.074055408213293
81 567 0.11673480377400178 0 0.004623440620541864 -0.1799950119535238 -0.09099382725684566 -2.1022311378403638
82 574 0.11728809983100194 0 0.004781424800975224 -0.1948201020063757 -0.09798107458742124 -2.1459814811412525
83 581 0.12820635460499577 0 0.005452211305249504 -0.2009874693964963 -0.10239508581464188 -2.028220930658779
84 588 0.10906305250234426 0 0.005784933608294575 -0.17336936470614195 -0.08434688960011258 -1.955270846472109
85 595 0.09787218445360919 0 0.005452830569432744 -0.18205259273332802 -0.0904407800568783 -2.0323033024504795
86 602 0.11162430104468478 0 0.004136635273526461 -0.15992338796741076 -0.07466952025665843 -1.8680539267688407
87 609 0.12719479180568927 0 0.004283713093212069 -0.1681844306177527 -0.07627285093302318 -1.823113556469221
