X-data:	#	
Y-data:	Digitizer - FPGA Voltage, QB1	V
First row is x-data, the following rows are y-data
1.000000000e+00
3.459256636e-03
3.498276970e-03
3.455887798e-03
3.432740253e-03
3.499295871e-03
3.409788047e-03
3.420866651e-03
3.398325789e-03
3.351437305e-03
3.346747392e-03
3.311300969e-03
3.323790965e-03
3.272001603e-03
3.247764773e-03
3.260318346e-03
3.230826047e-03
3.262272291e-03
3.247820956e-03
3.231004072e-03
3.241182638e-03
3.259805596e-03
3.224477005e-03
3.258694728e-03
3.261883906e-03
3.244367535e-03
3.244969471e-03
3.274976863e-03
3.312744864e-03
3.352247598e-03
3.348957188e-03
3.297898368e-03
3.351507486e-03
3.359759169e-03
3.356747509e-03
3.392776808e-03
3.379340974e-03
3.449765551e-03
3.454576923e-03
3.436527319e-03
3.466584847e-03
3.495110967e-03
3.453423539e-03
3.465728004e-03
3.430268506e-03
3.403868595e-03
3.443658387e-03
3.415078073e-03
3.402820504e-03
3.343762282e-03
3.361599610e-03
3.376441235e-03
3.309637535e-03
3.308939015e-03
3.238574091e-03
3.169347933e-03
3.210430696e-03
3.103075159e-03
3.073573978e-03
3.055118557e-03
2.988453136e-03
2.963425196e-03
2.972168771e-03
2.901535793e-03
2.857417792e-03
2.838985660e-03
2.808831941e-03
2.765094581e-03
2.725188153e-03
2.765975527e-03
2.735330486e-03
2.742155560e-03
2.727941722e-03
2.790111855e-03
2.839697429e-03
2.836541332e-03
2.905152683e-03
2.956078282e-03
2.979626646e-03
3.014201261e-03
3.085298481e-03
3.204196530e-03
3.185793738e-03
3.326925420e-03
3.357135092e-03
3.377179302e-03
3.383466381e-03
3.390739466e-03
3.437161953e-03
3.367247466e-03
3.386705102e-03
3.357100774e-03
3.279192002e-03
3.234683457e-03
3.197504710e-03
3.100610996e-03
3.010272718e-03
2.933204825e-03
2.796024761e-03
2.674675529e-03
2.564600381e-03
2.422660669e-03
2.294365893e-03
2.111001240e-03
2.097141738e-03
1.947842286e-03
1.834106784e-03
1.692395776e-03
1.627601549e-03
1.539214845e-03
1.414078455e-03
1.348023057e-03
1.270416741e-03
1.238164127e-03
1.132032870e-03
1.135823439e-03
1.053202210e-03
1.033432670e-03
1.025157616e-03
9.600012611e-04
1.000074587e-03
1.025909329e-03
9.866760866e-04
1.020055516e-03
1.104170675e-03
1.056000726e-03
1.068705752e-03
1.050800648e-03
1.069798881e-03
1.088162954e-03
1.109307702e-03
1.112186806e-03
1.090878340e-03
1.162952267e-03
1.137254556e-03
1.112807658e-03
1.107349290e-03
1.101916430e-03
1.114527592e-03
1.118865222e-03
1.158588387e-03
1.295388448e-03
1.204479017e-03
1.312260898e-03
1.295899226e-03
1.249669923e-03
1.403666215e-03
1.046458271e-03
1.058805843e-03
1.040016415e-03
1.055924327e-03
1.049194093e-03
1.053652500e-03
1.049695660e-03
1.061037065e-03
1.024771158e-03
1.004536536e-03
1.063181330e-03
1.017492785e-03
1.042670573e-03
1.045724933e-03
1.046705201e-03
1.089790656e-03
1.037458178e-03
1.029029058e-03
1.054287146e-03
1.049043110e-03
1.091807743e-03
1.102523966e-03
1.189857688e-03
1.173701573e-03
1.221480878e-03
1.226149877e-03
1.306835255e-03
1.294006761e-03
1.339273117e-03
1.429779373e-03
1.344606165e-03
1.469619531e-03
1.475544031e-03
1.488539580e-03
1.500363498e-03
1.553912467e-03
1.534271403e-03
1.656027477e-03
1.637295169e-03
1.658207256e-03
1.498240487e-03
1.506192181e-03
1.471695612e-03
1.489778284e-03
1.392754557e-03
1.344532286e-03
1.312434620e-03
1.277681760e-03
1.236705508e-03
1.198344343e-03
1.123294802e-03
1.116995967e-03
1.017537928e-03
1.030531162e-03
9.467904833e-04
