0.000000000000000000e+00 0.000000000000000000e+00
0.000000000000000000e+00 0.000000000000000000e+00
1.000000000000000000e+00 0.000000000000000000e+00
2.618033999999999750e+00 0.000000000000000000e+00
1.000000000000000000e+00 0.000000000000000000e+00
1.618033974843999800e+00 0.000000000000000000e+00
1.999999984452736523e+00 0.000000000000000000e+00
1.787532458601647889e+00 0.000000000000000000e+00
1.805407783197664262e+00 0.000000000000000000e+00
1.717164114696074551e+00 0.000000000000000000e+00
1.760654143753411560e+00 0.000000000000000000e+00
1.787532458601647889e+00 0.000000000000000000e+00
1.787532458601647889e+00 1.000000000000000000e+00
1.787532458601647889e+00 2.618033999999999750e+00
1.787532458601647889e+00 1.000000000000000000e+00
1.787532458601647889e+00 1.618033974843999800e+00
1.787532458601647889e+00 6.180339999999999723e-01
1.787532458601647889e+00 6.569497996693555164e-01
1.787532458601647889e+00 3.819660251559999775e-01
1.787532458601647889e+00 5.278640599207367057e-01
1.787532458601647889e+00 6.091787851509314899e-01
1.787532458601647889e+00 6.353949110190868499e-01
1.787532458601647889e+00 6.436281456172753268e-01
1.787532458601647889e+00 6.290409618988960228e-01
3.575064917203295778e+00 1.270789822038173700e+00
1.787532458601647889e+00 6.353949110190868499e-01
2.787532458601647889e+00 6.353949110190868499e-01
1.694984586016479167e-01 6.353949110190868499e-01
1.787532458601647889e+00 6.353949110190868499e-01
1.169498483757647866e+00 6.353949110190868499e-01
2.169498458601648139e+00 6.353949110190868499e-01
1.620802920161286353e+00 6.353949110190868499e-01
1.681235884103344347e+00 6.353949110190868499e-01
1.693951486666900319e+00 6.353949110190868499e-01
1.729696236192928227e+00 6.353949110190868499e-01
1.706884179948238378e+00 6.353949110190868499e-01
1.698891335788800028e+00 6.353949110190868499e-01
1.689094558818109215e+00 6.353949110190868499e-01
1.695838341076595812e+00 6.353949110190868499e-01
1.692096305364209075e+00 6.353949110190868499e-01
1.690949740242981392e+00 6.353949110190868499e-01
1.692096305364209075e+00 6.353949110190868499e-01
1.692096305364209075e+00 1.635394911019086850e+00
1.692096305364209075e+00 -9.826390889809131224e-01
1.692096305364209075e+00 6.353949110190868499e-01
1.692096305364209075e+00 1.736093617508682740e-02
1.692096305364209075e+00 1.017360911019086878e+00
1.692096305364209075e+00 7.462371970361486584e-01
1.692096305364209075e+00 7.390982968532153752e-01
1.692096305364209075e+00 8.497972375713556126e-01
1.692096305364209075e+00 7.857936114792195559e-01
1.692096305364209075e+00 7.572070733705252854e-01
1.692096305364209075e+00 7.483549061789804835e-01
1.692096305364209075e+00 7.435103798888743620e-01
1.692096305364209075e+00 7.451287741659780028e-01
1.596660152126770260e+00 8.570794830532104669e-01
1.692096305364209075e+00 7.462371970361486584e-01
1.596660152126770260e+00 8.570794830532104669e-01
1.846515246131595234e+00 5.668906096228181202e-01
1.692096305364209075e+00 7.462371970361486584e-01
1.751079090493364410e+00 6.777328984282284807e-01
1.655642939656717605e+00 7.885751816569417372e-01
1.702693071291198290e+00 7.339298091135346702e-01
1.683537428758231203e+00 7.561777218431813274e-01
1.691790995566307743e+00 7.465917925934382193e-01
1.696143909658277327e+00 7.415361933008994821e-01
1.693642352585997157e+00 7.444415734434104426e-01
1.692686842837326511e+00 7.455513298749247841e-01
1.692321870600665967e+00 7.459752191000446064e-01
1.691979687401943933e+00 7.463726404827842886e-01
1.692182463615317545e+00 7.461371303718067338e-01
1.692051761267634458e+00 7.462889318276862971e-01
1.692129214886751942e+00 7.461989749726366528e-01
1.692079291033816935e+00 7.462569579675331077e-01
1.692108875682896585e+00 7.462225975074372464e-01
1.692089806468486390e+00 7.462447450400658822e-01
1.692101106798556964e+00 7.462316205125648638e-01
1.692104074248232726e+00 7.462281740313883027e-01
1.692099272813884836e+00 7.462337505549720973e-01
1.692102240263439805e+00 7.462303040739357574e-01
1.692100406278767677e+00 7.462324341163429908e-01
1.692101539743604333e+00 7.462311176777675081e-01
1.692100839223815045e+00 7.462319312815455241e-01
1.692101272168844872e+00 7.462314284467685965e-01
1.692101004594103175e+00 7.462317392157493678e-01
1.692101169964384422e+00 7.462315471499609831e-01
1.692101058783259004e+00 7.462316762789090729e-01
1.692101106798556964e+00 7.462316205125648638e-01
1.692101106798556964e+00 1.746231620512564753e+00
1.692101106798556964e+00 -8.718023794874351085e-01
1.692101106798556964e+00 7.462316205125648638e-01
1.692101106798556964e+00 1.281976456685648413e-01
1.692101106798556964e+00 1.128197620512565003e+00
1.692101106798556964e+00 7.510115763635698549e-01
1.692101106798556964e+00 8.553954689313278958e-01
1.692101106798556964e+00 7.908826742721061231e-01
1.692101106798556964e+00 7.676333640267065661e-01
1.692101106798556964e+00 7.563843129864534776e-01
1.692101106798556964e+00 7.606810680160948079e-01
1.692101106798556964e+00 7.543321102695570435e-01
1.692101106798556964e+00 7.551252619594797100e-01
1.692101106798556964e+00 7.530637792156227306e-01
1.692101106798556964e+00 7.538476509302100004e-01
1.692101106798556964e+00 7.546350672479500421e-01
1.692101106798556964e+00 7.541470632735440827e-01
1.692101106798556964e+00 7.544478295347659680e-01
1.692101106798556964e+00 7.542511053619871397e-01
1.692101106798556964e+00 7.543321102695570435e-01
1.692105908232904854e+00 7.543265337459732489e-01
1.692093337914533313e+00 7.543411332743173991e-01
1.692101106798556964e+00 7.543321102695570435e-01
1.692098139349001995e+00 7.543355567505933834e-01
1.692102940783229093e+00 7.543299802271498100e-01
1.692101150099636575e+00 7.543320599784409941e-01
1.692102003483112904e+00 7.543310688343918269e-01
1.692102361499889129e+00 7.543306530234380469e-01
1.692101861219867054e+00 7.543312340630065060e-01
1.692102140995151771e+00 7.543309091239651654e-01
1.692101949143389961e+00 7.543311319461047937e-01
1.692102056008036426e+00 7.543310078304389377e-01
1.692101982727186371e+00 7.543310929409203780e-01
1.692102023545847711e+00 7.543310455329559350e-01
1.692101994516267194e+00 7.543310792487435412e-01
1.692102012449958615e+00 7.543310584200401125e-01
