0.000000000000000000e+00 0.000000000000000000e+00
0.000000000000000000e+00 0.000000000000000000e+00
1.000000000000000000e+00 0.000000000000000000e+00
2.618033999999999750e+00 0.000000000000000000e+00
1.857870606282276515e+00 0.000000000000000000e+00
1.857870606282276515e+00 0.000000000000000000e+00
1.530193202283060439e+00 0.000000000000000000e+00
1.327677425579808945e+00 0.000000000000000000e+00
1.480922273605333572e+00 0.000000000000000000e+00
1.433196663900113021e+00 0.000000000000000000e+00
1.499742093148650257e+00 0.000000000000000000e+00
1.462692713368669351e+00 0.000000000000000000e+00
1.480922273605333572e+00 0.000000000000000000e+00
1.480922273605333572e+00 1.000000000000000000e+00
1.480922273605333572e+00 2.618033999999999750e+00
1.480922273605333572e+00 1.000000000000000000e+00
1.480922273605333572e+00 1.618033974843999800e+00
1.480922273605333572e+00 1.999999984452736523e+00
1.480922273605333572e+00 2.210658904613005404e+00
1.480922273605333572e+00 1.908757228821208018e+00
1.480922273605333572e+00 2.019999984307264018e+00
1.480922273605333572e+00 1.965148354055184177e+00
2.961844547210667145e+00 3.999999968905473047e+00
1.480922273605333572e+00 1.999999984452736523e+00
2.961844547210667145e+00 3.999999968905473047e+00
-9.152603164453987361e-01 -1.236067990391262583e+00
-8.389622794262098893e+00 -1.133026746720415368e+01
-9.152603164453987361e-01 -1.236067990391262583e+00
-3.770212654647132844e+00 -5.091708987751575322e+00
-2.005755041258962201e+00 -2.708791759588992765e+00
-3.725408070920366299e-08 -5.031199945548792130e-08
-1.331792224503536293e+00 -1.798598397616642863e+00
-5.656620086438075568e-01 -7.639320635909467860e-01
-1.074361343238733557e+00 -1.450935479917512261e+00
-7.817256492076558594e-01 -1.055728118975052698e+00
-9.392221423607152175e-01 -1.268428670159702509e+00
-9.908407223632882399e-01 -1.338140066255654403e+00
-9.634235865351850059e-01 -1.301112956725827274e+00
-9.392221423607152175e-01 -1.268428670159702509e+00
-9.392221423607152175e-01 -2.684286701597025093e-01
-9.392221423607152175e-01 -2.886462670159702704e+00
-9.392221423607152175e-01 -1.268428670159702509e+00
-9.392221423607152175e-01 -1.886462645003702532e+00
-9.392221423607152175e-01 -2.268428654612439033e+00
-9.392221423607152175e-01 -1.616032705726216934e+00
-9.392221423607152175e-01 -1.636799971182035796e+00
-9.392221423607152175e-01 -1.735789531308677747e+00
-9.392221423607152175e-01 -1.674610617505368770e+00
-9.392221423607152175e-01 -1.641649009461736419e+00
-9.392221423607152175e-01 -1.633116258161812606e+00
-9.392221423607152175e-01 -1.636799971182035796e+00
-3.359366558326764007e+00 -4.905228625794475050e+00
2.976653807582494426e+00 3.651628718555147479e+00
-9.392221423607152175e-01 -1.636799971182035796e+00
5.565093307352928509e-01 3.831999817221170002e-01
-1.863635024349603153e+00 -2.885228590669730586e+00
-6.072634884136818290e-01 -1.188486569077076727e+00
-1.292316433242482798e+00 -2.113657257253272803e+00
-9.476481318071708904e-01 -1.648179352167969514e+00
-1.079299704233211310e+00 -1.825976085661782378e+00
-9.904568931690884703e-01 -1.705993002205009379e+00
-9.608433135976400807e-01 -1.665999573962285263e+00
-9.488187826528157176e-01 -1.649760327560681583e+00
-9.439327826641290553e-01 -1.643161736888114177e+00
-9.462289947563997661e-01 -1.646262793729984297e+00
-9.471060697044360044e-01 -1.647447292007645947e+00
-9.480952806280784628e-01 -1.648783231014822048e+00
-9.474410825140375803e-01 -1.647899730076771263e+00
-9.478189274536976683e-01 -1.648410013355586345e+00
-9.479244849703031273e-01 -1.648552569812014035e+00
-3.376560128512728909e+00 -5.296820011163909214e+00
-9.478189274536976683e-01 -1.648410013355586345e+00
-9.478189274536976683e-01 -6.484100133555863454e-01
-9.478189274536976683e-01 -3.266444013355586318e+00
-9.478189274536976683e-01 -1.648410013355586345e+00
-9.478189274536976683e-01 -2.266443988199586368e+00
-9.478189274536976683e-01 -1.266444013355586318e+00
-9.478189274536976683e-01 -1.356406949626543179e+00
-9.478189274536976683e-01 -1.451709521096955502e+00
-9.478189274536976683e-01 -1.526842421323015841e+00
-9.478189274536976683e-01 -1.532591184613285584e+00
-9.478189274536976683e-01 -1.491335810751530655e+00
-9.478189274536976683e-01 -1.513280103309467828e+00
-9.478189274536976683e-01 -1.521662076960653032e+00
-9.478189274536976683e-01 -1.529038253441946882e+00
-9.478189274536976683e-01 -1.524863705908301448e+00
-9.478189274536976683e-01 -1.526842421323015841e+00
-3.367963343419746458e+00 -4.795271075935454874e+00
2.968057022489511976e+00 3.761586268414167655e+00
-9.478189274536976683e-01 -1.526842421323015841e+00
5.479125456423104001e-01 4.931575315811369542e-01
-1.872231809442585604e+00 -2.775271040810710854e+00
-6.235080600262647987e-01 -1.088857429555934564e+00
-1.300913218335465249e+00 -2.003699707394252627e+00
-1.082688941364642998e+00 -1.708985691454501854e+00
-8.239432026659108121e-01 -1.359547045957710809e+00
-9.218925750830040400e-01 -1.491828629402615514e+00
-9.440706602902451117e-01 -1.521780349935312859e+00
-9.993346871872057502e-01 -1.596414957642058985e+00
-9.674961961360668550e-01 -1.553416764730655597e+00
-9.553349750632275095e-01 -1.536992916977058421e+00
-9.506898020949193784e-01 -1.530719565546007743e+00
-9.463872168383423711e-01 -1.524908882163340529e+00
-9.489155039569064920e-01 -1.528323358593295156e+00
-9.472720626767928698e-01 -1.526103875104351193e+00
-9.482377823943223261e-01 -1.527408089008395420e+00
-9.476100437023224909e-01 -1.526560321778057450e+00
-9.479789157999483074e-01 -1.527058487146129462e+00
-9.477391409627198282e-01 -1.526734668888226176e+00
-9.478800375623616103e-01 -1.526924951121207297e+00
-9.479178056872596958e-01 -1.526975957342502799e+00
-9.478566955785957537e-01 -1.526893427544311344e+00
-9.478544469758714008e-01 -1.526890390784385598e+00
-9.478675598452036555e-01 -1.526908099842401612e+00
-9.478608453590549043e-01 -1.526899031863323764e+00
-9.478582806536385297e-01 -1.526895568203627152e+00
-9.478558366888074627e-01 -1.526892267605269415e+00
-9.478573010233695140e-01 -1.526894245203387568e+00
-9.478563178731452821e-01 -1.526892917449414133e+00
-9.478944637034938392e-01 -1.405376841733036342e+00
-9.478566955785957537e-01 -1.526893427544311344e+00
-9.478566955785957537e-01 -5.268934275443113435e-01
-9.478566955785957537e-01 -3.144927427544311094e+00
-9.478566955785957537e-01 -1.526893427544311344e+00
-9.478566955785957537e-01 -2.144927402388311144e+00
-9.478566955785957537e-01 -1.144927427544311316e+00
-9.478566955785957537e-01 -1.192647322650668418e+00
-9.478566955785957537e-01 -9.088594527003113210e-01
-9.478566955785957537e-01 -1.054757487465048049e+00
-9.478566955785957537e-01 -1.110485576211995395e+00
-9.478566955785957537e-01 -1.163154804998506098e+00
-9.478566955785957537e-01 -1.174419943996031890e+00
-9.478566955785957537e-01 -1.156192566541837108e+00
-9.478566955785957537e-01 -1.167457705080835240e+00
-9.478566955785957537e-01 -1.163154804998506098e+00
-3.368001111544644655e+00 -4.431583459610944686e+00
2.968019254364613779e+00 4.125273884738676955e+00
-9.478566955785957537e-01 -1.163154804998506098e+00
5.478747775174123147e-01 8.568451479056466980e-01
-1.872269577567483578e+00 -2.411583424486201110e+00
-6.395846020447721880e-01 -7.468303339147732700e-01
-1.300950986460363445e+00 -1.640012091069743105e+00
-1.082726709489540973e+00 -1.345298075129992110e+00
-8.301072370998552330e-01 -1.004133012076537046e+00
-9.123799185884607921e-01 -1.115243071416455845e+00
-9.993724553121038356e-01 -1.232727341317549241e+00
-9.675339642609649404e-01 -1.189729148406145853e+00
-9.343057729787819232e-01 -1.144854151769104655e+00
-9.553727431881255949e-01 -1.173305300652548677e+00
-9.426807038768352243e-01 -1.156164577687084583e+00
-9.507275702198174638e-01 -1.167031949221498000e+00
-9.469101277320832732e-01 -1.161876455883194659e+00
-9.488085399332981673e-01 -1.164440280089627411e+00
-9.482202677593840612e-01 -1.163645812777161392e+00
-9.474951388445347344e-01 -1.162666519100327145e+00
-9.479955677902027755e-01 -1.163342353275687913e+00
-9.477185931991134460e-01 -1.162968296387122180e+00
-9.479097400417744179e-01 -1.163226442063748145e+00
-9.478039451651144587e-01 -1.163083565050250234e+00
-9.478769567600182633e-01 -1.163182167921768428e+00
-9.478365467141599554e-01 -1.163127593760430623e+00
-9.478644346610189952e-01 -1.163165256704852935e+00
-9.478489993974427152e-01 -1.163144411230743414e+00
-9.478596516449526721e-01 -1.163158797194972616e+00
-9.478537558990653977e-01 -1.163150834932608735e+00
-9.478578246954377784e-01 -1.163156329881821494e+00
-9.478555727209643234e-01 -1.163153288568315569e+00
-9.478571268628394053e-01 -1.163155387452086575e+00
-9.478562666851576557e-01 -1.163154225773731953e+00
-9.478568603145132165e-01 -1.163155027475970327e+00
-9.478565317558848013e-01 -1.163154583754336002e+00
-9.478567585021151487e-01 -1.163154889977333184e+00
-9.478566330038901144e-01 -1.163154720490755523e+00
-9.478567196132408057e-01 -1.163154837457528679e+00
-9.478566716771857914e-01 -1.163154772719418695e+00
-9.478567047590129580e-01 -1.163154817396749197e+00
-9.478566864490697297e-01 -1.163154792668992243e+00
-9.478566808067123706e-01 -1.163154785048933437e+00
-9.478566899362382836e-01 -1.163154797378447292e+00
-9.478566842938810355e-01 -1.163154789758388707e+00
-9.478566877810495894e-01 -1.163154794467843978e+00
-9.478566856258610063e-01 -1.163154791557240664e+00
-9.478566869578407550e-01 -1.163154793356092398e+00
-9.478566861346320316e-01 -1.163154792244340818e+00
-9.478566866434030569e-01 -1.163154792931440973e+00
-9.478566863289652478e-01 -1.163154792506789770e+00
