4.443434779546073798e-02 -6.255320009356704070e-01 1.963071645444870228e+00 2.663955451332066460e+00 2.664981991806518735e+00
4.443434779546073798e-02 -6.255320009356704070e-01 1.963071645444870228e+00 2.663955451332066460e+00 2.664981991806518735e+00
1.044434347795460738e+00 -6.255320009356704070e-01 1.963071645444870228e+00 2.663955451332066460e+00 2.664981991806518735e+00
-1.573599652204539234e+00 -6.255320009356704070e-01 1.963071645444870228e+00 2.663955451332066460e+00 2.664981991806518735e+00
-2.839528667467988043e+00 -6.255320009356704070e-01 1.963071645444870228e+00 2.663955451332066460e+00 2.664981991806518735e+00
-4.887844855750767437e+00 -6.255320009356704070e-01 1.963071645444870228e+00 2.663955451332066460e+00 2.664981991806518735e+00
-2.839528667467988043e+00 -6.255320009356704070e-01 1.963071645444870228e+00 2.663955451332066460e+00 2.664981991806518735e+00
-3.621915808641608336e+00 -6.255320009356704070e-01 1.963071645444870228e+00 2.663955451332066460e+00 2.664981991806518735e+00
-2.355986825223869374e+00 -6.255320009356704070e-01 1.963071645444870228e+00 2.663955451332066460e+00 2.664981991806518735e+00
-2.057141526294367750e+00 -6.255320009356704070e-01 1.963071645444870228e+00 2.663955451332066460e+00 2.664981991806518735e+00
-2.295158147836446449e+00 -6.255320009356704070e-01 1.963071645444870228e+00 2.663955451332066460e+00 2.664981991806518735e+00
-2.540683368538486420e+00 -6.255320009356704070e-01 1.963071645444870228e+00 2.663955451332066460e+00 2.664981991806518735e+00
-2.426534625087580554e+00 -6.255320009356704070e-01 1.963071645444870228e+00 2.663955451332066460e+00 2.664981991806518735e+00
-2.382933686146611496e+00 -6.255320009356704070e-01 1.963071645444870228e+00 2.663955451332066460e+00 2.664981991806518735e+00
-2.331982613483675859e+00 -6.255320009356704070e-01 1.963071645444870228e+00 2.663955451332066460e+00 2.664981991806518735e+00
-2.355986825223869374e+00 -6.255320009356704070e-01 1.963071645444870228e+00 2.663955451332066460e+00 2.664981991806518735e+00
-2.355986825223869374e+00 3.744679990643295930e-01 1.963071645444870228e+00 2.663955451332066460e+00 2.664981991806518735e+00
-2.355986825223869374e+00 -2.243566000935670601e+00 1.963071645444870228e+00 2.663955451332066460e+00 2.664981991806518735e+00
-2.355986825223869374e+00 -4.154163714897162407e+00 1.963071645444870228e+00 2.663955451332066460e+00 2.664981991806518735e+00
-2.355986825223869374e+00 -2.243566000935670601e+00 1.963071645444870228e+00 2.663955451332066460e+00 2.664981991806518735e+00
-2.355986825223869374e+00 -2.973349367346685757e+00 1.963071645444870228e+00 2.663955451332066460e+00 2.664981991806518735e+00
-2.355986825223869374e+00 -3.424380300423151002e+00 1.963071645444870228e+00 2.663955451332066460e+00 2.664981991806518735e+00
-2.355986825223869374e+00 -2.647158455677014022e+00 1.963071645444870228e+00 2.663955451332066460e+00 2.664981991806518735e+00
-2.355986825223869374e+00 -2.626942191119600700e+00 1.963071645444870228e+00 2.663955451332066460e+00 2.664981991806518735e+00
-2.355986825223869374e+00 -2.790456637139766549e+00 1.963071645444870228e+00 2.663955451332066460e+00 2.664981991806518735e+00
-2.355986825223869374e+00 -2.701893488857615822e+00 1.963071645444870228e+00 2.663955451332066460e+00 2.664981991806518735e+00
-2.355986825223869374e+00 -2.668065377360875789e+00 1.963071645444870228e+00 2.663955451332066460e+00 2.664981991806518735e+00
-2.355986825223869374e+00 -2.647158455677014022e+00 1.963071645444870228e+00 2.663955451332066460e+00 2.664981991806518735e+00
-2.355986825223869374e+00 -2.647158455677014022e+00 2.963071645444870228e+00 2.663955451332066460e+00 2.664981991806518735e+00
-2.355986825223869374e+00 -2.647158455677014022e+00 3.450376454448702557e-01 2.663955451332066460e+00 2.664981991806518735e+00
-2.355986825223869374e+00 -2.647158455677014022e+00 4.603672587061278243e-01 2.663955451332066460e+00 2.664981991806518735e+00
-2.355986825223869374e+00 -2.647158455677014022e+00 -2.272996379711129222e+00 2.663955451332066460e+00 2.664981991806518735e+00
-2.355986825223869374e+00 -2.647158455677014022e+00 3.450376454448702557e-01 2.663955451332066460e+00 2.664981991806518735e+00
-2.355986825223869374e+00 -2.647158455677014022e+00 -6.549623390078664897e-01 2.663955451332066460e+00 2.664981991806518735e+00
-2.355986825223869374e+00 -2.647158455677014022e+00 -1.272996329399128879e+00 2.663955451332066460e+00 2.664981991806518735e+00
-2.355986825223869374e+00 -2.647158455677014022e+00 -1.654962348616602519e+00 2.663955451332066460e+00 2.664981991806518735e+00
-2.355986825223869374e+00 -2.647158455677014022e+00 -1.382341760393478225e+00 2.663955451332066460e+00 2.664981991806518735e+00
-2.355986825223869374e+00 -2.647158455677014022e+00 -1.036928358225340130e+00 2.663955451332066460e+00 2.664981991806518735e+00
-2.355986825223869374e+00 -2.647158455677014022e+00 -1.182826390721761545e+00 2.663955451332066460e+00 2.664981991806518735e+00
-2.355986825223869374e+00 -2.647158455677014022e+00 -1.314762566294316315e+00 2.663955451332066460e+00 2.664981991806518735e+00
-2.355986825223869374e+00 -2.647158455677014022e+00 -1.238554478602289510e+00 2.663955451332066460e+00 2.664981991806518735e+00
-2.355986825223869374e+00 -2.647158455677014022e+00 -1.272996329399128879e+00 2.663955451332066460e+00 2.664981991806518735e+00
-2.355986825223869374e+00 -2.647158455677014022e+00 -1.272996329399128879e+00 3.663955451332066460e+00 2.664981991806518735e+00
-2.355986825223869374e+00 -2.647158455677014022e+00 -1.272996329399128879e+00 5.281989451332066210e+00 2.664981991806518735e+00
-2.355986825223869374e+00 -2.647158455677014022e+00 -1.272996329399128879e+00 3.663955451332066460e+00 2.664981991806518735e+00
-2.355986825223869374e+00 -2.647158455677014022e+00 -1.272996329399128879e+00 4.281989426176066260e+00 2.664981991806518735e+00
-2.355986825223869374e+00 -2.647158455677014022e+00 -1.272996329399128879e+00 3.281989451332066210e+00 2.664981991806518735e+00
-2.355986825223869374e+00 -2.647158455677014022e+00 -1.272996329399128879e+00 3.738858266969141031e+00 2.664981991806518735e+00
-2.355986825223869374e+00 -2.647158455677014022e+00 -1.272996329399128879e+00 3.946315903326773622e+00 2.664981991806518735e+00
-2.355986825223869374e+00 -2.647158455677014022e+00 -1.272996329399128879e+00 3.830297257562010671e+00 2.664981991806518735e+00
-2.355986825223869374e+00 -2.647158455677014022e+00 -1.272996329399128879e+00 3.749607295135511720e+00 2.664981991806518735e+00
-2.355986825223869374e+00 -2.647158455677014022e+00 -1.272996329399128879e+00 3.710247938091510100e+00 2.664981991806518735e+00
-2.355986825223869374e+00 -2.647158455677014022e+00 -1.272996329399128879e+00 3.727930094089067836e+00 2.664981991806518735e+00
-2.355986825223869374e+00 -2.647158455677014022e+00 -1.272996329399128879e+00 3.738858266969141031e+00 2.664981991806518735e+00
-2.355986825223869374e+00 -2.647158455677014022e+00 -1.272996329399128879e+00 3.738858266969141031e+00 3.664981991806518735e+00
-2.355986825223869374e+00 -2.647158455677014022e+00 -1.272996329399128879e+00 3.738858266969141031e+00 5.283015991806518485e+00
-2.355986825223869374e+00 -2.647158455677014022e+00 -1.272996329399128879e+00 3.738858266969141031e+00 3.664981991806518735e+00
-2.355986825223869374e+00 -2.647158455677014022e+00 -1.272996329399128879e+00 3.738858266969141031e+00 4.283015966650518536e+00
-2.355986825223869374e+00 -2.647158455677014022e+00 -1.272996329399128879e+00 3.738858266969141031e+00 3.283015991806518485e+00
-2.355986825223869374e+00 -2.647158455677014022e+00 -1.272996329399128879e+00 3.738858266969141031e+00 3.321080359966176232e+00
-2.355986825223869374e+00 -2.647158455677014022e+00 -1.272996329399128879e+00 3.738858266969141031e+00 3.046948016962518935e+00
-2.355986825223869374e+00 -2.647158455677014022e+00 -1.272996329399128879e+00 3.738858266969141031e+00 3.188896349785973250e+00
-2.355986825223869374e+00 -2.647158455677014022e+00 -1.272996329399128879e+00 3.738858266969141031e+00 3.258039484923588525e+00
-2.355986825223869374e+00 -2.647158455677014022e+00 -1.272996329399128879e+00 3.738858266969141031e+00 3.289196331816518715e+00
-2.355986825223869374e+00 -2.647158455677014022e+00 -1.272996329399128879e+00 3.738858266969141031e+00 3.273475815378473541e+00
-4.756407998243199486e+00 -4.668784910418358081e+00 -4.509064304243127985e+00 4.813761082606215602e+00 3.901049991806518236e+00
-2.355986825223869374e+00 -2.647158455677014022e+00 -1.272996329399128879e+00 3.738858266969141031e+00 3.283015991806518485e+00
-1.355986825223869374e+00 -2.647158455677014022e+00 -1.272996329399128879e+00 3.738858266969141031e+00 3.283015991806518485e+00
-3.974020825223869124e+00 -2.647158455677014022e+00 -1.272996329399128879e+00 3.738858266969141031e+00 3.283015991806518485e+00
-2.355986825223869374e+00 -2.647158455677014022e+00 -1.272996329399128879e+00 3.738858266969141031e+00 3.283015991806518485e+00
-2.974020800067869175e+00 -2.647158455677014022e+00 -1.272996329399128879e+00 3.738858266969141031e+00 3.283015991806518485e+00
-1.974020825223869346e+00 -2.647158455677014022e+00 -1.272996329399128879e+00 3.738858266969141031e+00 3.283015991806518485e+00
-2.256110014926785201e+00 -2.647158455677014022e+00 -1.272996329399128879e+00 3.738858266969141031e+00 3.283015991806518485e+00
-2.592054790459132896e+00 -2.647158455677014022e+00 -1.272996329399128879e+00 3.738858266969141031e+00 3.283015991806518485e+00
-2.446156761632921839e+00 -2.647158455677014022e+00 -1.272996329399128879e+00 3.738858266969141031e+00 3.283015991806518485e+00
-2.317837279501933079e+00 -2.647158455677014022e+00 -1.272996329399128879e+00 3.738858266969141031e+00 3.283015991806518485e+00
-2.294259563161222371e+00 -2.647158455677014022e+00 -1.272996329399128879e+00 3.738858266969141031e+00 3.283015991806518485e+00
-2.290125200212583589e+00 -2.647158455677014022e+00 -1.272996329399128879e+00 3.738858266969141031e+00 3.283015991806518485e+00
-2.303265449161018275e+00 -2.647158455677014022e+00 -1.272996329399128879e+00 3.738858266969141031e+00 3.283015991806518485e+00
-2.305536037100285984e+00 -2.647158455677014022e+00 -1.272996329399128879e+00 3.738858266969141031e+00 3.283015991806518485e+00
-2.299825506909220163e+00 -2.647158455677014022e+00 -1.272996329399128879e+00 3.738858266969141031e+00 3.283015991806518485e+00
-2.301951508178867734e+00 -2.647158455677014022e+00 -1.272996329399128879e+00 3.738858266969141031e+00 3.283015991806518485e+00
-2.304132736553828664e+00 -2.647158455677014022e+00 -1.272996329399128879e+00 3.738858266969141031e+00 3.283015991806518485e+00
-2.302738235390389576e+00 -2.647158455677014022e+00 -1.272996329399128879e+00 3.738858266969141031e+00 3.283015991806518485e+00
-2.303265449161018275e+00 -2.647158455677014022e+00 -1.272996329399128879e+00 3.738858266969141031e+00 3.283015991806518485e+00
-2.303265449161018275e+00 -1.647158455677014022e+00 -1.272996329399128879e+00 3.738858266969141031e+00 3.283015991806518485e+00
-2.303265449161018275e+00 -4.265192455677014216e+00 -1.272996329399128879e+00 3.738858266969141031e+00 3.283015991806518485e+00
-2.303265449161018275e+00 -2.647158455677014022e+00 -1.272996329399128879e+00 3.738858266969141031e+00 3.283015991806518485e+00
-2.303265449161018275e+00 -3.265192430521014266e+00 -1.272996329399128879e+00 3.738858266969141031e+00 3.283015991806518485e+00
-2.303265449161018275e+00 -2.265192455677014216e+00 -1.272996329399128879e+00 3.738858266969141031e+00 3.283015991806518485e+00
-2.303265449161018275e+00 -2.474550449250831896e+00 -1.272996329399128879e+00 3.738858266969141031e+00 3.283015991806518485e+00
-2.303265449161018275e+00 -2.883226420912277543e+00 -1.272996329399128879e+00 3.738858266969141031e+00 3.283015991806518485e+00
-2.303265449161018275e+00 -2.737328392086066486e+00 -1.272996329399128879e+00 3.738858266969141031e+00 3.283015991806518485e+00
-2.303265449161018275e+00 -2.581228065894430657e+00 -1.272996329399128879e+00 3.738858266969141031e+00 3.283015991806518485e+00
-2.303265449161018275e+00 -2.521848328918343540e+00 -1.272996329399128879e+00 3.738858266969141031e+00 3.283015991806518485e+00
-2.303265449161018275e+00 -2.544529369532151808e+00 -1.272996329399128879e+00 3.738858266969141031e+00 3.283015991806518485e+00
-2.303265449161018275e+00 -2.503782147013262627e+00 -1.272996329399128879e+00 3.738858266969141031e+00 3.283015991806518485e+00
-2.303265449161018275e+00 -2.530511715277437457e+00 -1.272996329399128879e+00 3.738858266969141031e+00 3.283015991806518485e+00
-2.303265449161018275e+00 -2.514947661680787316e+00 -1.272996329399128879e+00 3.738858266969141031e+00 3.283015991806518485e+00
-2.303265449161018275e+00 -2.510682814705291754e+00 -1.272996329399128879e+00 3.738858266969141031e+00 3.283015991806518485e+00
-2.303265449161018275e+00 -2.508046994269637953e+00 -1.272996329399128879e+00 3.738858266969141031e+00 3.283015991806518485e+00
-2.303265449161018275e+00 -2.512311841245133959e+00 -1.272996329399128879e+00 3.738858266969141031e+00 3.283015991806518485e+00
-2.303265449161018275e+00 -2.510682814705291754e+00 -1.272996329399128879e+00 3.738858266969141031e+00 3.283015991806518485e+00
-2.303265449161018275e+00 -2.510682814705291754e+00 -2.729963293991288786e-01 3.738858266969141031e+00 3.283015991806518485e+00
-2.303265449161018275e+00 -2.510682814705291754e+00 1.345037670600870872e+00 3.738858266969141031e+00 3.283015991806518485e+00
-2.303265449161018275e+00 -2.510682814705291754e+00 -2.729963293991288786e-01 3.738858266969141031e+00 3.283015991806518485e+00
-2.303265449161018275e+00 -2.510682814705291754e+00 3.450376454448709218e-01 3.738858266969141031e+00 3.283015991806518485e+00
-2.303265449161018275e+00 -2.510682814705291754e+00 -6.549623293991289064e-01 3.738858266969141031e+00 3.283015991806518485e+00
-2.303265449161018275e+00 -2.510682814705291754e+00 -1.172697769371180421e-01 3.738858266969141031e+00 3.283015991806518485e+00
-2.303265449161018275e+00 -2.510682814705291754e+00 -4.188943545551289116e-01 3.738858266969141031e+00 3.283015991806518485e+00
-2.303265449161018275e+00 -2.510682814705291754e+00 -2.135140810614244433e-01 3.738858266969141031e+00 3.283015991806518485e+00
-2.303265449161018275e+00 -2.510682814705291754e+00 -2.029192585680474892e-01 3.738858266969141031e+00 3.283015991806518485e+00
-2.303265449161018275e+00 -2.510682814705291754e+00 -2.355960639979461924e-01 3.738858266969141031e+00 3.283015991806518485e+00
-2.303265449161018275e+00 -2.510682814705291754e+00 -2.241089035548013975e-01 3.738858266969141031e+00 3.283015991806518485e+00
-2.303265449161018275e+00 -2.510682814705291754e+00 -2.135140810614244433e-01 3.738858266969141031e+00 3.283015991806518485e+00
-2.303265449161018275e+00 -2.510682814705291754e+00 -2.135140810614244433e-01 4.738858266969140587e+00 3.283015991806518485e+00
-2.303265449161018275e+00 -2.510682814705291754e+00 -2.135140810614244433e-01 2.120824266969140837e+00 3.283015991806518485e+00
-2.303265449161018275e+00 -2.510682814705291754e+00 -2.135140810614244433e-01 3.738858266969141031e+00 3.283015991806518485e+00
-2.303265449161018275e+00 -2.510682814705291754e+00 -2.135140810614244433e-01 3.120824292125140786e+00 3.283015991806518485e+00
-2.303265449161018275e+00 -2.510682814705291754e+00 -2.135140810614244433e-01 4.120824266969140837e+00 3.283015991806518485e+00
-2.303265449161018275e+00 -2.510682814705291754e+00 -2.135140810614244433e-01 3.857925134384539323e+00 3.283015991806518485e+00
-2.303265449161018275e+00 -2.510682814705291754e+00 -2.135140810614244433e-01 3.875892206748792201e+00 3.283015991806518485e+00
-2.303265449161018275e+00 -2.510682814705291754e+00 -2.135140810614244433e-01 3.969447926062918075e+00 3.283015991806518485e+00
-2.303265449161018275e+00 -2.510682814705291754e+00 -2.135140810614244433e-01 3.904237604296453501e+00 3.283015991806518485e+00
-2.303265449161018275e+00 -2.510682814705291754e+00 -2.135140810614244433e-01 3.878047937780156662e+00 3.283015991806518485e+00
-2.303265449161018275e+00 -2.510682814705291754e+00 -2.135140810614244433e-01 3.874521867340995573e+00 3.283015991806518485e+00
-2.303265449161018275e+00 -2.510682814705291754e+00 -2.135140810614244433e-01 3.875892206748792201e+00 3.283015991806518485e+00
-2.303265449161018275e+00 -2.510682814705291754e+00 -2.135140810614244433e-01 3.875892206748792201e+00 4.283015991806518485e+00
-2.303265449161018275e+00 -2.510682814705291754e+00 -2.135140810614244433e-01 3.875892206748792201e+00 1.664981991806518513e+00
-2.303265449161018275e+00 -2.510682814705291754e+00 -2.135140810614244433e-01 3.875892206748792201e+00 3.283015991806518485e+00
-2.303265449161018275e+00 -2.510682814705291754e+00 -2.135140810614244433e-01 3.875892206748792201e+00 2.664982016962518685e+00
-2.303265449161018275e+00 -2.510682814705291754e+00 -2.135140810614244433e-01 3.875892206748792201e+00 3.664981991806518735e+00
-2.303265449161018275e+00 -2.510682814705291754e+00 -2.135140810614244433e-01 3.875892206748792201e+00 3.318617063744679907e+00
-2.303265449161018275e+00 -2.510682814705291754e+00 -2.135140810614244433e-01 3.875892206748792201e+00 3.370567232802349267e+00
-2.303265449161018275e+00 -2.510682814705291754e+00 -2.135140810614244433e-01 3.875892206748792201e+00 3.327613627536602170e+00
-2.303265449161018275e+00 -2.510682814705291754e+00 -2.135140810614244433e-01 3.875892206748792201e+00 3.334307657666047309e+00
-2.303265449161018275e+00 -2.510682814705291754e+00 -2.135140810614244433e-01 3.875892206748792201e+00 3.324177246051256862e+00
-2.303265449161018275e+00 -2.510682814705291754e+00 -2.135140810614244433e-01 3.875892206748792201e+00 3.330170519449025868e+00
-2.303265449161018275e+00 -2.510682814705291754e+00 -2.135140810614244433e-01 3.875892206748792201e+00 3.326301046646170434e+00
-2.303265449161018275e+00 -2.510682814705291754e+00 -2.135140810614244433e-01 3.875892206748792201e+00 3.328590273312822756e+00
-2.303265449161018275e+00 -2.510682814705291754e+00 -2.135140810614244433e-01 3.875892206748792201e+00 3.327112266264207641e+00
-2.303265449161018275e+00 -2.510682814705291754e+00 -2.135140810614244433e-01 3.875892206748792201e+00 3.328059603903902985e+00
-2.250544073098167175e+00 -2.374207173733569487e+00 8.459681672762799920e-01 4.012926146528442928e+00 3.372211263266685854e+00
-2.303265449161018275e+00 -2.510682814705291754e+00 -2.135140810614244433e-01 3.875892206748792201e+00 3.327613627536602170e+00
-1.303265449161018275e+00 -2.510682814705291754e+00 -2.135140810614244433e-01 3.875892206748792201e+00 3.327613627536602170e+00
-3.921299449161018025e+00 -2.510682814705291754e+00 -2.135140810614244433e-01 3.875892206748792201e+00 3.327613627536602170e+00
-2.303265449161018275e+00 -2.510682814705291754e+00 -2.135140810614244433e-01 3.875892206748792201e+00 3.327613627536602170e+00
-2.921299424005018075e+00 -2.510682814705291754e+00 -2.135140810614244433e-01 3.875892206748792201e+00 3.327613627536602170e+00
-1.921299449161018247e+00 -2.510682814705291754e+00 -2.135140810614244433e-01 3.875892206748792201e+00 3.327613627536602170e+00
-2.290049699348423839e+00 -2.510682814705291754e+00 -2.135140810614244433e-01 3.875892206748792201e+00 3.327613627536602170e+00
-2.135102450283775877e+00 -2.510682814705291754e+00 -2.135140810614244433e-01 3.875892206748792201e+00 3.327613627536602170e+00
-2.053436973156920420e+00 -2.510682814705291754e+00 -2.135140810614244433e-01 3.875892206748792201e+00 3.327613627536602170e+00
-2.171351611876313203e+00 -2.510682814705291754e+00 -2.135140810614244433e-01 3.875892206748792201e+00 3.327613627536602170e+00
-2.137792778753206058e+00 -2.510682814705291754e+00 -2.135140810614244433e-01 3.875892206748792201e+00 3.327613627536602170e+00
-2.103909014647539433e+00 -2.510682814705291754e+00 -2.135140810614244433e-01 3.875892206748792201e+00 3.327613627536602170e+00
-2.123187618447545333e+00 -2.510682814705291754e+00 -2.135140810614244433e-01 3.875892206748792201e+00 3.327613627536602170e+00
-2.130551389626618164e+00 -2.510682814705291754e+00 -2.135140810614244433e-01 3.875892206748792201e+00 3.327613627536602170e+00
-2.133364099848804152e+00 -2.510682814705291754e+00 -2.135140810614244433e-01 3.875892206748792201e+00 3.327613627536602170e+00
-2.135102450283775877e+00 -2.510682814705291754e+00 -2.135140810614244433e-01 3.875892206748792201e+00 3.327613627536602170e+00
-2.135102450283775877e+00 -1.510682814705291754e+00 -2.135140810614244433e-01 3.875892206748792201e+00 3.327613627536602170e+00
-2.135102450283775877e+00 -4.128716814705291505e+00 -2.135140810614244433e-01 3.875892206748792201e+00 3.327613627536602170e+00
-2.135102450283775877e+00 -2.510682814705291754e+00 -2.135140810614244433e-01 3.875892206748792201e+00 3.327613627536602170e+00
-2.135102450283775877e+00 -3.128716789549291555e+00 -2.135140810614244433e-01 3.875892206748792201e+00 3.327613627536602170e+00
-2.135102450283775877e+00 -2.128716814705291505e+00 -2.135140810614244433e-01 3.875892206748792201e+00 3.327613627536602170e+00
-2.135102450283775877e+00 -2.546985658808868180e+00 -2.135140810614244433e-01 3.875892206748792201e+00 3.327613627536602170e+00
-2.135102450283775877e+00 -2.379827682567102087e+00 -2.135140810614244433e-01 3.875892206748792201e+00 3.327613627536602170e+00
-2.135102450283775877e+00 -2.460700603302996115e+00 -2.135140810614244433e-01 3.875892206748792201e+00 3.327613627536602170e+00
-2.135102450283775877e+00 -2.472744711978485999e+00 -2.135140810614244433e-01 3.875892206748792201e+00 3.327613627536602170e+00
-2.135102450283775877e+00 -2.496191749359144563e+00 -2.135140810614244433e-01 3.875892206748792201e+00 3.327613627536602170e+00
-2.135102450283775877e+00 -2.487235778279003995e+00 -2.135140810614244433e-01 3.875892206748792201e+00 3.327613627536602170e+00
-2.135102450283775877e+00 -2.499913394491191987e+00 -2.135140810614244433e-01 3.875892206748792201e+00 3.327613627536602170e+00
-2.135102450283775877e+00 -2.492770872909547464e+00 -2.135140810614244433e-01 3.875892206748792201e+00 3.327613627536602170e+00
-2.135102450283775877e+00 -2.496046838695683334e+00 -2.135140810614244433e-01 3.875892206748792201e+00 3.327613627536602170e+00
-2.135102450283775877e+00 -2.497613291263652169e+00 -2.135140810614244433e-01 3.875892206748792201e+00 3.327613627536602170e+00
-2.135102450283775877e+00 -2.496734730034241956e+00 -2.135140810614244433e-01 3.875892206748792201e+00 3.327613627536602170e+00
-2.135102450283775877e+00 -2.496399149515688975e+00 -2.135140810614244433e-01 3.875892206748792201e+00 3.327613627536602170e+00
-2.135102450283775877e+00 -2.496191749359144563e+00 -2.135140810614244433e-01 3.875892206748792201e+00 3.327613627536602170e+00
-2.135102450283775877e+00 -2.496191749359144563e+00 7.864859189385755567e-01 3.875892206748792201e+00 3.327613627536602170e+00
-2.135102450283775877e+00 -2.496191749359144563e+00 -1.831548081061424416e+00 3.875892206748792201e+00 3.327613627536602170e+00
-2.135102450283775877e+00 -2.496191749359144563e+00 -2.135140810614244433e-01 3.875892206748792201e+00 3.327613627536602170e+00
-2.135102450283775877e+00 -2.496191749359144563e+00 -8.315480559054244658e-01 3.875892206748792201e+00 3.327613627536602170e+00
-2.135102450283775877e+00 -2.496191749359144563e+00 1.684519189385755844e-01 3.875892206748792201e+00 3.327613627536602170e+00
-2.135102450283775877e+00 -2.496191749359144563e+00 2.262544252607749939e-01 3.875892206748792201e+00 3.327613627536602170e+00
-2.135102450283775877e+00 -2.496191749359144563e+00 -9.995063768480194621e-03 3.875892206748792201e+00 3.327613627536602170e+00
-2.135102450283775877e+00 -2.496191749359144563e+00 1.002912387418923301e-01 3.875892206748792201e+00 3.327613627536602170e+00
-2.135102450283775877e+00 -2.496191749359144563e+00 5.816562091721538819e-02 3.875892206748792201e+00 3.327613627536602170e+00
-2.135102450283775877e+00 -2.496191749359144563e+00 3.213055683055898726e-02 3.875892206748792201e+00 3.327613627536602170e+00
-2.135102450283775877e+00 -2.496191749359144563e+00 4.247192423765877578e-02 3.875892206748792201e+00 3.327613627536602170e+00
-2.135102450283775877e+00 -2.496191749359144563e+00 1.604000203282637815e-02 3.875892206748792201e+00 3.327613627536602170e+00
-2.135102450283775877e+00 -2.496191749359144563e+00 2.598451197668824597e-02 3.875892206748792201e+00 3.327613627536602170e+00
-2.135102450283775877e+00 -2.496191749359144563e+00 3.608060757357925419e-02 3.875892206748792201e+00 3.327613627536602170e+00
-2.135102450283775877e+00 -2.496191749359144563e+00 3.857655446992930282e-02 3.875892206748792201e+00 3.327613627536602170e+00
-2.135102450283775877e+00 -2.496191749359144563e+00 3.608060757357925419e-02 3.875892206748792201e+00 3.327613627536602170e+00
-2.135102450283775877e+00 -2.496191749359144563e+00 3.608060757357925419e-02 4.875892206748792645e+00 3.327613627536602170e+00
-2.135102450283775877e+00 -2.496191749359144563e+00 3.608060757357925419e-02 2.257858206748792007e+00 3.327613627536602170e+00
-2.135102450283775877e+00 -2.496191749359144563e+00 3.608060757357925419e-02 3.875892206748792201e+00 3.327613627536602170e+00
-2.135102450283775877e+00 -2.496191749359144563e+00 3.608060757357925419e-02 3.257858231904791957e+00 3.327613627536602170e+00
-2.135102450283775877e+00 -2.496191749359144563e+00 3.608060757357925419e-02 4.257858206748792007e+00 3.327613627536602170e+00
-2.135102450283775877e+00 -2.496191749359144563e+00 3.608060757357925419e-02 3.662545276171645270e+00 3.327613627536602170e+00
-2.135102450283775877e+00 -2.496191749359144563e+00 3.608060757357925419e-02 4.021790231904792456e+00 3.327613627536602170e+00
-2.135102450283775877e+00 -2.496191749359144563e+00 3.608060757357925419e-02 3.794400933063961645e+00 3.327613627536602170e+00
-2.135102450283775877e+00 -2.496191749359144563e+00 3.608060757357925419e-02 3.931620291825528746e+00 3.327613627536602170e+00
-2.135102450283775877e+00 -2.496191749359144563e+00 3.608060757357925419e-02 3.844765310904492139e+00 3.327613627536602170e+00
-2.135102450283775877e+00 -2.496191749359144563e+00 3.608060757357925419e-02 3.897178440493212825e+00 3.327613627536602170e+00
-2.135102450283775877e+00 -2.496191749359144563e+00 3.608060757357925419e-02 3.864002790850728175e+00 3.327613627536602170e+00
-2.135102450283775877e+00 -2.496191749359144563e+00 3.608060757357925419e-02 3.884022824307213462e+00 3.327613627536602170e+00
-2.135102450283775877e+00 -2.496191749359144563e+00 3.608060757357925419e-02 3.894063293795310354e+00 3.327613627536602170e+00
-2.135102450283775877e+00 -2.496191749359144563e+00 3.608060757357925419e-02 3.890228175826820234e+00 3.327613627536602170e+00
-2.135102450283775877e+00 -2.496191749359144563e+00 3.608060757357925419e-02 3.892598409125358039e+00 3.327613627536602170e+00
-2.135102450283775877e+00 -2.496191749359144563e+00 3.608060757357925419e-02 3.895253173918921341e+00 3.327613627536602170e+00
-2.135102450283775877e+00 -2.496191749359144563e+00 3.608060757357925419e-02 3.893503757657467368e+00 3.327613627536602170e+00
-2.135102450283775877e+00 -2.496191749359144563e+00 3.608060757357925419e-02 3.894517787546605714e+00 3.327613627536602170e+00
-2.135102450283775877e+00 -2.496191749359144563e+00 3.608060757357925419e-02 3.893849570014883188e+00 3.327613627536602170e+00
-2.135102450283775877e+00 -2.496191749359144563e+00 3.608060757357925419e-02 3.894245004675775501e+00 3.327613627536602170e+00
-2.135102450283775877e+00 -2.496191749359144563e+00 3.608060757357925419e-02 3.894245004675775501e+00 3.327613627536602170e+00
-2.135102450283775877e+00 -2.496191749359144563e+00 3.608060757357925419e-02 3.894245004675775501e+00 4.327613627536601726e+00
-2.135102450283775877e+00 -2.496191749359144563e+00 3.608060757357925419e-02 3.894245004675775501e+00 1.709579627536602198e+00
-2.135102450283775877e+00 -2.496191749359144563e+00 3.608060757357925419e-02 3.894245004675775501e+00 3.327613627536602170e+00
-2.135102450283775877e+00 -2.496191749359144563e+00 3.608060757357925419e-02 3.894245004675775501e+00 2.709579652692601925e+00
-2.135102450283775877e+00 -2.496191749359144563e+00 3.608060757357925419e-02 3.894245004675775501e+00 3.709579627536601976e+00
-2.135102450283775877e+00 -2.496191749359144563e+00 3.608060757357925419e-02 3.894245004675775501e+00 3.289021564484708726e+00
-2.135102450283775877e+00 -2.496191749359144563e+00 3.608060757357925419e-02 3.894245004675775501e+00 3.067694455205124626e+00
-2.135102450283775877e+00 -2.496191749359144563e+00 3.608060757357925419e-02 3.894245004675775501e+00 3.210570552301891922e+00
-2.135102450283775877e+00 -2.496191749359144563e+00 3.608060757357925419e-02 3.894245004675775501e+00 3.256047370656024231e+00
-2.135102450283775877e+00 -2.496191749359144563e+00 3.608060757357925419e-02 3.894245004675775501e+00 3.259453544129134350e+00
-2.135102450283775877e+00 -2.496191749359144563e+00 3.608060757357925419e-02 3.894245004675775501e+00 3.238676772256569691e+00
-2.135102450283775877e+00 -2.496191749359144563e+00 3.608060757357925419e-02 3.894245004675775501e+00 3.249412392667778260e+00
-2.135102450283775877e+00 -2.496191749359144563e+00 3.608060757357925419e-02 3.894245004675775501e+00 3.253513034653765956e+00
-2.135102450283775877e+00 -2.496191749359144563e+00 3.608060757357925419e-02 3.894245004675775501e+00 3.257348413112854502e+00
-2.135102450283775877e+00 -2.496191749359144563e+00 3.608060757357925419e-02 3.894245004675775501e+00 3.255079340470585780e+00
