9.591495406990784289e-01 2.147057990105301073e+00 3.119412679145042055e+00 -2.003459589456142886e+00 1.577174788377742054e+00
9.591495406990784289e-01 2.147057990105301073e+00 3.119412679145042055e+00 -2.003459589456142886e+00 1.577174788377742054e+00
1.959149540699078429e+00 2.147057990105301073e+00 3.119412679145042055e+00 -2.003459589456142886e+00 1.577174788377742054e+00
-6.588844593009215433e-01 2.147057990105301073e+00 3.119412679145042055e+00 -2.003459589456142886e+00 1.577174788377742054e+00
-4.936782243462198849e-01 2.147057990105301073e+00 3.119412679145042055e+00 -2.003459589456142886e+00 1.577174788377742054e+00
-4.936782243462198849e-01 2.147057990105301073e+00 3.119412679145042055e+00 -2.003459589456142886e+00 1.577174788377742054e+00
6.125258575707259734e-02 2.147057990105301073e+00 3.119412679145042055e+00 -2.003459589456142886e+00 1.577174788377742054e+00
4.042186940484508995e-01 2.147057990105301073e+00 3.119412679145042055e+00 -2.003459589456142886e+00 1.577174788377742054e+00
-1.486348400492631949e-01 2.147057990105301073e+00 3.119412679145042055e+00 -2.003459589456142886e+00 1.577174788377742054e+00
-1.597126838667466409e-01 2.147057990105301073e+00 3.119412679145042055e+00 -2.003459589456142886e+00 1.577174788377742054e+00
-5.042855126784173692e-02 2.147057990105301073e+00 3.119412679145042055e+00 -2.003459589456142886e+00 1.577174788377742054e+00
-1.111233767485788615e-01 2.147057990105301073e+00 3.119412679145042055e+00 -2.003459589456142886e+00 1.577174788377742054e+00
-1.263339396218743360e-01 2.147057990105301073e+00 3.119412679145042055e+00 -2.003459589456142886e+00 1.577174788377742054e+00
-1.371887744350839267e-01 2.147057990105301073e+00 3.119412679145042055e+00 -2.003459589456142886e+00 1.577174788377742054e+00
-1.263339396218743360e-01 2.147057990105301073e+00 3.119412679145042055e+00 -2.003459589456142886e+00 1.577174788377742054e+00
-1.263339396218743360e-01 3.147057990105301073e+00 3.119412679145042055e+00 -2.003459589456142886e+00 1.577174788377742054e+00
-1.263339396218743360e-01 5.290239901053011007e-01 3.119412679145042055e+00 -2.003459589456142886e+00 1.577174788377742054e+00
-1.263339396218743360e-01 2.147057990105301073e+00 3.119412679145042055e+00 -2.003459589456142886e+00 1.577174788377742054e+00
-1.263339396218743360e-01 1.529024015261301050e+00 3.119412679145042055e+00 -2.003459589456142886e+00 1.577174788377742054e+00
-1.263339396218743360e-01 2.529023990105301323e+00 3.119412679145042055e+00 -2.003459589456142886e+00 1.577174788377742054e+00
-1.263339396218743360e-01 2.332123820986290230e+00 3.119412679145042055e+00 -2.003459589456142886e+00 1.577174788377742054e+00
-1.263339396218743360e-01 2.334667650424435692e+00 3.119412679145042055e+00 -2.003459589456142886e+00 1.577174788377742054e+00
-1.263339396218743360e-01 2.242842675738909275e+00 3.119412679145042055e+00 -2.003459589456142886e+00 1.577174788377742054e+00
-1.263339396218743360e-01 2.298021459060729299e+00 3.119412679145042055e+00 -2.003459589456142886e+00 1.577174788377742054e+00
-1.263339396218743360e-01 2.319097878211031638e+00 3.119412679145042055e+00 -2.003459589456142886e+00 1.577174788377742054e+00
-1.263339396218743360e-01 2.327148353728195840e+00 3.119412679145042055e+00 -2.003459589456142886e+00 1.577174788377742054e+00
-1.263339396218743360e-01 2.330223361659585102e+00 3.119412679145042055e+00 -2.003459589456142886e+00 1.577174788377742054e+00
-1.263339396218743360e-01 2.330223361659585102e+00 3.119412679145042055e+00 -2.003459589456142886e+00 1.577174788377742054e+00
-1.263339396218743360e-01 2.330223361659585102e+00 4.119412679145042055e+00 -2.003459589456142886e+00 1.577174788377742054e+00
-1.263339396218743360e-01 2.330223361659585102e+00 1.501378679145042083e+00 -2.003459589456142886e+00 1.577174788377742054e+00
-1.263339396218743360e-01 2.330223361659585102e+00 3.119412679145042055e+00 -2.003459589456142886e+00 1.577174788377742054e+00
-1.263339396218743360e-01 2.330223361659585102e+00 2.501378704301042255e+00 -2.003459589456142886e+00 1.577174788377742054e+00
-1.263339396218743360e-01 2.330223361659585102e+00 3.501378679145042305e+00 -2.003459589456142886e+00 1.577174788377742054e+00
-1.263339396218743360e-01 2.330223361659585102e+00 3.737446653989041856e+00 -2.003459589456142886e+00 1.577174788377742054e+00
-1.263339396218743360e-01 2.330223361659585102e+00 3.355480653989042050e+00 -2.003459589456142886e+00 1.577174788377742054e+00
-1.263339396218743360e-01 2.330223361659585102e+00 3.322601006629107179e+00 -2.003459589456142886e+00 1.577174788377742054e+00
-1.263339396218743360e-01 2.330223361659585102e+00 3.328986414280786565e+00 -2.003459589456142886e+00 1.577174788377742054e+00
-1.263339396218743360e-01 2.330223361659585102e+00 3.244989973933328553e+00 -2.003459589456142886e+00 1.577174788377742054e+00
-1.263339396218743360e-01 2.330223361659585102e+00 3.292956230914431348e+00 -2.003459589456142886e+00 1.577174788377742054e+00
-1.263339396218743360e-01 2.330223361659585102e+00 3.311277710228475168e+00 -2.003459589456142886e+00 1.577174788377742054e+00
-1.263339396218743360e-01 2.330223361659585102e+00 3.318275892396143512e+00 -2.003459589456142886e+00 1.577174788377742054e+00
-1.263339396218743360e-01 2.330223361659585102e+00 3.325040015248188485e+00 -2.003459589456142886e+00 1.577174788377742054e+00
-1.263339396218743360e-01 2.330223361659585102e+00 3.320569123344266238e+00 -2.003459589456142886e+00 1.577174788377742054e+00
-1.263339396218743360e-01 2.330223361659585102e+00 3.322601006629107179e+00 -2.003459589456142886e+00 1.577174788377742054e+00
-1.263339396218743360e-01 2.330223361659585102e+00 3.322601006629107179e+00 -1.003459589456142886e+00 1.577174788377742054e+00
-1.263339396218743360e-01 2.330223361659585102e+00 3.322601006629107179e+00 -3.621493589456142637e+00 1.577174788377742054e+00
-1.263339396218743360e-01 2.330223361659585102e+00 3.322601006629107179e+00 -2.003459589456142886e+00 1.577174788377742054e+00
-1.263339396218743360e-01 2.330223361659585102e+00 3.322601006629107179e+00 -2.621493564300142687e+00 1.577174788377742054e+00
-1.263339396218743360e-01 2.330223361659585102e+00 3.322601006629107179e+00 -1.621493589456142859e+00 1.577174788377742054e+00
-1.263339396218743360e-01 2.330223361659585102e+00 3.322601006629107179e+00 -1.385425614612142864e+00 1.577174788377742054e+00
-1.263339396218743360e-01 2.330223361659585102e+00 3.322601006629107179e+00 -1.667954248680862506e+00 1.577174788377742054e+00
-1.263339396218743360e-01 2.330223361659585102e+00 3.322601006629107179e+00 -1.796105881675433169e+00 1.577174788377742054e+00
-1.263339396218743360e-01 2.330223361659585102e+00 3.322601006629107179e+00 -1.724235014380545827e+00 1.577174788377742054e+00
-1.263339396218743360e-01 2.330223361659585102e+00 3.322601006629107179e+00 -1.689451587632107676e+00 1.577174788377742054e+00
-1.263339396218743360e-01 2.330223361659585102e+00 3.322601006629107179e+00 -1.702737674013501623e+00 1.577174788377742054e+00
-1.263339396218743360e-01 2.330223361659585102e+00 3.322601006629107179e+00 -1.685583151844141980e+00 1.577174788377742054e+00
-1.263339396218743360e-01 2.330223361659585102e+00 3.322601006629107179e+00 -1.694526420902863206e+00 1.577174788377742054e+00
-1.263339396218743360e-01 2.330223361659585102e+00 3.322601006629107179e+00 -1.689451587632107676e+00 1.577174788377742054e+00
-1.263339396218743360e-01 2.330223361659585102e+00 3.322601006629107179e+00 -1.689451587632107676e+00 2.577174788377742054e+00
-1.263339396218743360e-01 2.330223361659585102e+00 3.322601006629107179e+00 -1.689451587632107676e+00 -4.085921162225791825e-02
-1.263339396218743360e-01 2.330223361659585102e+00 3.322601006629107179e+00 -1.689451587632107676e+00 1.577174788377742054e+00
-1.263339396218743360e-01 2.330223361659585102e+00 3.322601006629107179e+00 -1.689451587632107676e+00 9.591408135337420315e-01
-1.263339396218743360e-01 2.330223361659585102e+00 3.322601006629107179e+00 -1.689451587632107676e+00 1.959140788377742082e+00
-1.263339396218743360e-01 2.330223361659585102e+00 3.322601006629107179e+00 -1.689451587632107676e+00 1.595006005078802414e+00
-1.263339396218743360e-01 2.330223361659585102e+00 3.322601006629107179e+00 -1.689451587632107676e+00 1.608314605593198943e+00
-1.263339396218743360e-01 2.330223361659585102e+00 3.322601006629107179e+00 -1.689451587632107676e+00 1.742318279326679820e+00
-1.263339396218743360e-01 2.330223361659585102e+00 3.322601006629107179e+00 -1.689451587632107676e+00 1.659499452834481747e+00
-1.263339396218743360e-01 2.330223361659585102e+00 3.322601006629107179e+00 -1.689451587632107676e+00 1.627865476954562851e+00
-1.263339396218743360e-01 2.330223361659585102e+00 3.322601006629107179e+00 -1.689451587632107676e+00 1.615782373723613663e+00
-1.263339396218743360e-01 2.330223361659585102e+00 3.322601006629107179e+00 -1.689451587632107676e+00 1.603231172689116857e+00
-1.263339396218743360e-01 2.330223361659585102e+00 3.322601006629107179e+00 -1.689451587632107676e+00 1.611167039114900890e+00
-1.263339396218743360e-01 2.330223361659585102e+00 3.322601006629107179e+00 -1.689451587632107676e+00 1.612929940014052432e+00
-1.263339396218743360e-01 2.330223361659585102e+00 3.322601006629107179e+00 -1.689451587632107676e+00 1.610077506492350485e+00
-1.263339396218743360e-01 2.330223361659585102e+00 3.322601006629107179e+00 -1.689451587632107676e+00 1.611840407319746316e+00
-1.263339396218743360e-01 2.330223361659585102e+00 3.322601006629107179e+00 -1.689451587632107676e+00 1.610750874697195911e+00
-1.211817419942827101e+00 2.513388733213869131e+00 3.525789334113172302e+00 -1.375443585808072466e+00 1.645159289852059725e+00
-1.263339396218743360e-01 2.330223361659585102e+00 3.322601006629107179e+00 -1.689451587632107676e+00 1.611167039114900890e+00
8.736660603781256640e-01 2.330223361659585102e+00 3.322601006629107179e+00 -1.689451587632107676e+00 1.611167039114900890e+00
-1.744367939621874308e+00 2.330223361659585102e+00 3.322601006629107179e+00 -1.689451587632107676e+00 1.611167039114900890e+00
-1.263339396218743360e-01 2.330223361659585102e+00 3.322601006629107179e+00 -1.689451587632107676e+00 1.611167039114900890e+00
-7.443679144658743585e-01 2.330223361659585102e+00 3.322601006629107179e+00 -1.689451587632107676e+00 1.611167039114900890e+00
2.556320603781256917e-01 2.330223361659585102e+00 3.322601006629107179e+00 -1.689451587632107676e+00 1.611167039114900890e+00
-2.063403003372639433e-02 2.330223361659585102e+00 3.322601006629107179e+00 -1.689451587632107676e+00 1.611167039114900890e+00
5.950735668756365615e-02 2.330223361659585102e+00 3.322601006629107179e+00 -1.689451587632107676e+00 1.611167039114900890e+00
1.344203252574328600e-01 2.330223361659585102e+00 3.322601006629107179e+00 -1.689451587632107676e+00 1.611167039114900890e+00
7.778758959040221743e-02 2.330223361659585102e+00 3.322601006629107179e+00 -1.689451587632107676e+00 1.611167039114900890e+00
5.764894371446926957e-02 2.330223361659585102e+00 3.322601006629107179e+00 -1.689451587632107676e+00 1.611167039114900890e+00
2.774750936376596533e-02 2.330223361659585102e+00 3.322601006629107179e+00 -1.689451587632107676e+00 1.611167039114900890e+00
4.284407336856249637e-02 2.330223361659585102e+00 3.322601006629107179e+00 -1.689451587632107676e+00 1.611167039114900890e+00
5.199398660792464710e-02 2.330223361659585102e+00 3.322601006629107179e+00 -1.689451587632107676e+00 1.611167039114900890e+00
5.548894236831083959e-02 2.330223361659585102e+00 3.322601006629107179e+00 -1.689451587632107676e+00 1.611167039114900890e+00
5.764894371446926957e-02 2.330223361659585102e+00 3.322601006629107179e+00 -1.689451587632107676e+00 1.611167039114900890e+00
5.764894371446926957e-02 3.330223361659585102e+00 3.322601006629107179e+00 -1.689451587632107676e+00 1.611167039114900890e+00
5.764894371446926957e-02 7.121893616595851295e-01 3.322601006629107179e+00 -1.689451587632107676e+00 1.611167039114900890e+00
5.764894371446926957e-02 2.330223361659585102e+00 3.322601006629107179e+00 -1.689451587632107676e+00 1.611167039114900890e+00
5.764894371446926957e-02 1.712189386815585079e+00 3.322601006629107179e+00 -1.689451587632107676e+00 1.611167039114900890e+00
5.764894371446926957e-02 2.712189361659585352e+00 3.322601006629107179e+00 -1.689451587632107676e+00 1.611167039114900890e+00
5.764894371446926957e-02 2.433688552996565058e+00 3.322601006629107179e+00 -1.689451587632107676e+00 1.611167039114900890e+00
5.764894371446926957e-02 2.160921033712385420e+00 3.322601006629107179e+00 -1.689451587632107676e+00 1.611167039114900890e+00
5.764894371446926957e-02 2.330846059646936919e+00 3.322601006629107179e+00 -1.689451587632107676e+00 1.611167039114900890e+00
5.764894371446926957e-02 2.380354821761326178e+00 3.322601006629107179e+00 -1.689451587632107676e+00 1.611167039114900890e+00
5.764894371446926957e-02 2.349756723476721820e+00 3.322601006629107179e+00 -1.689451587632107676e+00 1.611167039114900890e+00
5.764894371446926957e-02 2.339588633872757839e+00 3.322601006629107179e+00 -1.689451587632107676e+00 1.611167039114900890e+00
5.764894371446926957e-02 2.334185425753676935e+00 3.322601006629107179e+00 -1.689451587632107676e+00 1.611167039114900890e+00
5.764894371446926957e-02 2.332121583961264122e+00 3.322601006629107179e+00 -1.689451587632107676e+00 1.611167039114900890e+00
5.764894371446926957e-02 2.331333266567183315e+00 3.322601006629107179e+00 -1.689451587632107676e+00 1.611167039114900890e+00
5.764894371446926957e-02 2.330700540425687972e+00 3.322601006629107179e+00 -1.689451587632107676e+00 1.611167039114900890e+00
5.764894371446926957e-02 2.331032156125435684e+00 3.322601006629107179e+00 -1.689451587632107676e+00 1.611167039114900890e+00
5.764894371446926957e-02 2.330917142174443235e+00 3.322601006629107179e+00 -1.689451587632107676e+00 1.611167039114900890e+00
5.764894371446926957e-02 2.330790476252073251e+00 3.322601006629107179e+00 -1.689451587632107676e+00 1.611167039114900890e+00
5.764894371446926957e-02 2.330873210755638247e+00 3.322601006629107179e+00 -1.689451587632107676e+00 1.611167039114900890e+00
5.764894371446926957e-02 2.330824828679934235e+00 3.322601006629107179e+00 -1.689451587632107676e+00 1.611167039114900890e+00
5.764894371446926957e-02 2.330856430447322936e+00 3.322601006629107179e+00 -1.689451587632107676e+00 1.611167039114900890e+00
5.764894371446926957e-02 2.330837950139394987e+00 3.322601006629107179e+00 -1.689451587632107676e+00 1.611167039114900890e+00
5.764894371446926957e-02 2.330846059646936919e+00 3.322601006629107179e+00 -1.689451587632107676e+00 1.611167039114900890e+00
5.764894371446926957e-02 2.330846059646936919e+00 4.322601006629106735e+00 -1.689451587632107676e+00 1.611167039114900890e+00
5.764894371446926957e-02 2.330846059646936919e+00 1.704567006629107206e+00 -1.689451587632107676e+00 1.611167039114900890e+00
5.764894371446926957e-02 2.330846059646936919e+00 3.322601006629107179e+00 -1.689451587632107676e+00 1.611167039114900890e+00
5.764894371446926957e-02 2.330846059646936919e+00 2.704567031785106934e+00 -1.689451587632107676e+00 1.611167039114900890e+00
5.764894371446926957e-02 2.330846059646936919e+00 3.704567006629106984e+00 -1.689451587632107676e+00 1.611167039114900890e+00
5.764894371446926957e-02 2.330846059646936919e+00 3.226319018414091300e+00 -1.689451587632107676e+00 1.611167039114900890e+00
5.764894371446926957e-02 2.330846059646936919e+00 3.323595346300038056e+00 -1.689451587632107676e+00 1.611167039114900890e+00
5.764894371446926957e-02 2.330846059646936919e+00 3.469113567509291229e+00 -1.689451587632107676e+00 1.611167039114900890e+00
5.764894371446926957e-02 2.330846059646936919e+00 3.379178359182451796e+00 -1.689451587632107676e+00 1.611167039114900890e+00
5.764894371446926957e-02 2.330846059646936919e+00 3.350876460739500740e+00 -1.689451587632107676e+00 1.611167039114900890e+00
5.764894371446926957e-02 2.330846059646936919e+00 3.334015804458021925e+00 -1.689451587632107676e+00 1.611167039114900890e+00
5.764894371446926957e-02 2.330846059646936919e+00 3.327575607020810455e+00 -1.689451587632107676e+00 1.611167039114900890e+00
5.764894371446926957e-02 2.330846059646936919e+00 3.325117326347343027e+00 -1.689451587632107676e+00 1.611167039114900890e+00
5.764894371446926957e-02 2.330846059646936919e+00 3.324176690930786826e+00 -1.689451587632107676e+00 1.611167039114900890e+00
5.764894371446926957e-02 2.330846059646936919e+00 3.323215542353291418e+00 -1.689451587632107676e+00 1.611167039114900890e+00
5.764894371446926957e-02 2.330846059646936919e+00 3.323817400183266546e+00 -1.689451587632107676e+00 1.611167039114900890e+00
5.764894371446926957e-02 2.330846059646936919e+00 3.323450274105715252e+00 -1.689451587632107676e+00 1.611167039114900890e+00
5.764894371446926957e-02 2.330846059646936919e+00 3.323360614557168802e+00 -1.689451587632107676e+00 1.611167039114900890e+00
5.764894371446926957e-02 2.330846059646936919e+00 3.323464631865315599e+00 -1.689451587632107676e+00 1.611167039114900890e+00
5.764894371446926957e-02 2.330846059646936919e+00 3.323410606154051816e+00 -1.689451587632107676e+00 1.611167039114900890e+00
5.764894371446926957e-02 2.330846059646936919e+00 3.323435122296889865e+00 -1.689451587632107676e+00 1.611167039114900890e+00
5.764894371446926957e-02 2.330846059646936919e+00 3.323450274105715252e+00 -1.689451587632107676e+00 1.611167039114900890e+00
5.764894371446926957e-02 2.330846059646936919e+00 3.323450274105715252e+00 -6.894515876321076764e-01 1.611167039114900890e+00
5.764894371446926957e-02 2.330846059646936919e+00 3.323450274105715252e+00 -3.307485587632107649e+00 1.611167039114900890e+00
5.764894371446926957e-02 2.330846059646936919e+00 3.323450274105715252e+00 -1.689451587632107676e+00 1.611167039114900890e+00
5.764894371446926957e-02 2.330846059646936919e+00 3.323450274105715252e+00 -2.307485562476107699e+00 1.611167039114900890e+00
5.764894371446926957e-02 2.330846059646936919e+00 3.323450274105715252e+00 -1.307485587632107649e+00 1.611167039114900890e+00
5.764894371446926957e-02 2.330846059646936919e+00 3.323450274105715252e+00 -1.553760306247458756e+00 1.611167039114900890e+00
5.764894371446926957e-02 2.330846059646936919e+00 3.323450274105715252e+00 -1.925519552867370976e+00 1.611167039114900890e+00
5.764894371446926957e-02 2.330846059646936919e+00 3.323450274105715252e+00 -1.779621524041160363e+00 1.611167039114900890e+00
5.764894371446926957e-02 2.330846059646936919e+00 3.323450274105715252e+00 -1.637622131646738755e+00 1.611167039114900890e+00
5.764894371446926957e-02 2.330846059646936919e+00 3.323450274105715252e+00 -1.723893437562527886e+00 1.611167039114900890e+00
5.764894371446926957e-02 2.330846059646936919e+00 3.323450274105715252e+00 -1.669654497647200309e+00 1.611167039114900890e+00
5.764894371446926957e-02 2.330846059646936919e+00 3.323450274105715252e+00 -1.702607203282630488e+00 1.611167039114900890e+00
5.764894371446926957e-02 2.330846059646936919e+00 3.323450274105715252e+00 -1.681889772358932555e+00 1.611167039114900890e+00
5.764894371446926957e-02 2.330846059646936919e+00 3.323450274105715252e+00 -1.694476585519675282e+00 1.611167039114900890e+00
5.764894371446926957e-02 2.330846059646936919e+00 3.323450274105715252e+00 -1.684729696347319061e+00 1.611167039114900890e+00
5.764894371446926957e-02 2.330846059646936919e+00 3.323450274105715252e+00 -1.686533298273804604e+00 1.611167039114900890e+00
5.764894371446926957e-02 2.330846059646936919e+00 3.323450274105715252e+00 -1.683644941941170980e+00 1.611167039114900890e+00
5.764894371446926957e-02 2.330846059646936919e+00 3.323450274105715252e+00 -1.682974526836521711e+00 1.611167039114900890e+00
5.764894371446926957e-02 2.330846059646936919e+00 3.323450274105715252e+00 -1.684059281242669570e+00 1.611167039114900890e+00
5.764894371446926957e-02 2.330846059646936919e+00 3.323450274105715252e+00 -1.683388866165308473e+00 1.611167039114900890e+00
5.764894371446926957e-02 2.330846059646936919e+00 3.323450274105715252e+00 -1.683803205466807285e+00 1.611167039114900890e+00
5.764894371446926957e-02 2.330846059646936919e+00 3.323450274105715252e+00 -1.683547129701367773e+00 1.611167039114900890e+00
5.764894371446926957e-02 2.330846059646936919e+00 3.323450274105715252e+00 -1.683705393227004077e+00 1.611167039114900890e+00
5.764894371446926957e-02 2.330846059646936919e+00 3.323450274105715252e+00 -1.683644941941170980e+00 1.611167039114900890e+00
5.764894371446926957e-02 2.330846059646936919e+00 3.323450274105715252e+00 -1.683644941941170980e+00 2.611167039114900668e+00
5.764894371446926957e-02 2.330846059646936919e+00 3.323450274105715252e+00 -1.683644941941170980e+00 -6.866960885099082645e-03
5.764894371446926957e-02 2.330846059646936919e+00 3.323450274105715252e+00 -1.683644941941170980e+00 1.611167039114900890e+00
5.764894371446926957e-02 2.330846059646936919e+00 3.323450274105715252e+00 -1.683644941941170980e+00 9.931330642709008671e-01
5.764894371446926957e-02 2.330846059646936919e+00 3.323450274105715252e+00 -1.683644941941170980e+00 1.993133039114900917e+00
5.764894371446926957e-02 2.330846059646936919e+00 3.323450274105715252e+00 -1.683644941941170980e+00 1.569079197331738174e+00
5.764894371446926957e-02 2.330846059646936919e+00 3.323450274105715252e+00 -1.683644941941170980e+00 1.614951387507011393e+00
5.764894371446926957e-02 2.330846059646936919e+00 3.323450274105715252e+00 -1.683644941941170980e+00 1.591874358499710373e+00
5.764894371446926957e-02 2.330846059646936919e+00 3.323450274105715252e+00 -1.683644941941170980e+00 1.591306235936567504e+00
5.764894371446926957e-02 2.330846059646936919e+00 3.323450274105715252e+00 -1.683644941941170980e+00 1.601101660421715200e+00
5.764894371446926957e-02 2.330846059646936919e+00 3.323450274105715252e+00 -1.683644941941170980e+00 1.604946292859636525e+00
5.764894371446926957e-02 2.330846059646936919e+00 3.323450274105715252e+00 -1.683644941941170980e+00 1.597364248927751973e+00
5.764894371446926957e-02 2.330846059646936919e+00 3.323450274105715252e+00 -1.683644941941170980e+00 1.602570179295498276e+00
5.764894371446926957e-02 2.330846059646936919e+00 3.323450274105715252e+00 -1.683644941941170980e+00 1.599674096303012050e+00
5.764894371446926957e-02 2.330846059646936919e+00 3.323450274105715252e+00 -1.683644941941170980e+00 1.601662584701858627e+00
5.764894371446926957e-02 2.330846059646936919e+00 3.323450274105715252e+00 -1.683644941941170980e+00 1.600556379465550627e+00
5.764894371446926957e-02 2.330846059646936919e+00 3.323450274105715252e+00 -1.683644941941170980e+00 1.601315914425304410e+00
5.764894371446926957e-02 2.330846059646936919e+00 3.323450274105715252e+00 -1.683644941941170980e+00 1.600893381636012691e+00
5.764894371446926957e-02 2.330846059646936919e+00 3.323450274105715252e+00 -1.683644941941170980e+00 1.601202314218646894e+00
5.764894371446926957e-02 2.330846059646936919e+00 3.323450274105715252e+00 -1.683644941941170980e+00 1.601001006624783285e+00
2.416318270508128752e-01 2.331468757634288735e+00 3.324299541582323325e+00 -1.677838296250234285e+00 1.591036281728529511e+00
5.764894371446926957e-02 2.330846059646936919e+00 3.323450274105715252e+00 -1.683644941941170980e+00 1.601101660421715200e+00
1.057648943714469159e+00 2.330846059646936919e+00 3.323450274105715252e+00 -1.683644941941170980e+00 1.601101660421715200e+00
-1.560385056285530592e+00 2.330846059646936919e+00 3.323450274105715252e+00 -1.683644941941170980e+00 1.601101660421715200e+00
5.764894371446926957e-02 2.330846059646936919e+00 3.323450274105715252e+00 -1.683644941941170980e+00 1.601101660421715200e+00
-5.603850311295307529e-01 2.330846059646936919e+00 3.323450274105715252e+00 -1.683644941941170980e+00 1.601101660421715200e+00
4.396149437144692973e-01 2.330846059646936919e+00 3.323450274105715252e+00 -1.683644941941170980e+00 1.601101660421715200e+00
-1.734449852135488135e-01 2.330846059646936919e+00 3.323450274105715252e+00 -1.683644941941170980e+00 1.601101660421715200e+00
2.035469688704693025e-01 2.330846059646936919e+00 3.323450274105715252e+00 -1.683644941941170980e+00 1.601101660421715200e+00
-4.523347733874222287e-03 2.330846059646936919e+00 3.323450274105715252e+00 -1.683644941941170980e+00 1.601101660421715200e+00
1.133770287912059804e-01 2.330846059646936919e+00 3.323450274105715252e+00 -1.683644941941170980e+00 1.601101660421715200e+00
4.455085033691408292e-03 2.330846059646936919e+00 3.323450274105715252e+00 -1.683644941941170980e+00 1.601101660421715200e+00
2.668686809240429503e-02 2.330846059646936919e+00 3.323450274105715252e+00 -1.683644941941170980e+00 1.601101660421715200e+00
1.294687028149573566e-02 2.330846059646936919e+00 3.323450274105715252e+00 -1.683644941941170980e+00 1.601101660421715200e+00
1.025628983195435440e-03 2.330846059646936919e+00 3.323450274105715252e+00 -1.683644941941170980e+00 1.601101660421715200e+00
7.698658277654236992e-03 2.330846059646936919e+00 3.323450274105715252e+00 -1.683644941941170980e+00 1.601101660421715200e+00
3.145149423907665776e-03 2.330846059646936919e+00 3.323450274105715252e+00 -1.683644941941170980e+00 1.601101660421715200e+00
2.335564679250577702e-03 2.330846059646936919e+00 3.323450274105715252e+00 -1.683644941941170980e+00 1.601101660421715200e+00
3.690187376813279518e-03 2.330846059646936919e+00 3.323450274105715252e+00 -1.683644941941170980e+00 1.601101660421715200e+00
3.145149423907665776e-03 2.330846059646936919e+00 3.323450274105715252e+00 -1.683644941941170980e+00 1.601101660421715200e+00
3.145149423907665776e-03 3.330846059646936919e+00 3.323450274105715252e+00 -1.683644941941170980e+00 1.601101660421715200e+00
3.145149423907665776e-03 7.128120596469369463e-01 3.323450274105715252e+00 -1.683644941941170980e+00 1.601101660421715200e+00
3.145149423907665776e-03 2.330846059646936919e+00 3.323450274105715252e+00 -1.683644941941170980e+00 1.601101660421715200e+00
3.145149423907665776e-03 1.712812084802936896e+00 3.323450274105715252e+00 -1.683644941941170980e+00 1.601101660421715200e+00
3.145149423907665776e-03 2.712812059646936724e+00 3.323450274105715252e+00 -1.683644941941170980e+00 1.601101660421715200e+00
3.145149423907665776e-03 2.307704588621103614e+00 3.323450274105715252e+00 -1.683644941941170980e+00 1.601101660421715200e+00
3.145149423907665776e-03 2.080475878507693555e+00 3.323450274105715252e+00 -1.683644941941170980e+00 1.601101660421715200e+00
3.145149423907665776e-03 2.231176056457650603e+00 3.323450274105715252e+00 -1.683644941941170980e+00 1.601101660421715200e+00
3.145149423907665776e-03 2.270330177578222308e+00 3.323450274105715252e+00 -1.683644941941170980e+00 1.601101660421715200e+00
3.145149423907665776e-03 2.269725018747535294e+00 3.323450274105715252e+00 -1.683644941941170980e+00 1.601101660421715200e+00
3.145149423907665776e-03 2.286623381061066329e+00 3.323450274105715252e+00 -1.683644941941170980e+00 1.601101660421715200e+00
3.145149423907665776e-03 2.276553627339750641e+00 3.323450274105715252e+00 -1.683644941941170980e+00 1.601101660421715200e+00
3.145149423907665776e-03 2.273536557867154695e+00 3.323450274105715252e+00 -1.683644941941170980e+00 1.601101660421715200e+00
3.145149423907665776e-03 2.280399930889666749e+00 3.323450274105715252e+00 -1.683644941941170980e+00 1.601101660421715200e+00
3.145149423907665776e-03 2.278022784521497979e+00 3.323450274105715252e+00 -1.683644941941170980e+00 1.601101660421715200e+00
3.145149423907665776e-03 2.275401209381580969e+00 3.323450274105715252e+00 -1.683644941941170980e+00 1.601101660421715200e+00
3.145149423907665776e-03 2.277114795431833816e+00 3.323450274105715252e+00 -1.683644941941170980e+00 1.601101660421715200e+00
3.145149423907665776e-03 2.276010703006678515e+00 3.323450274105715252e+00 -1.683644941941170980e+00 1.601101660421715200e+00
3.145149423907665776e-03 2.276553627339750641e+00 3.323450274105715252e+00 -1.683644941941170980e+00 1.601101660421715200e+00
3.145149423907665776e-03 2.276553627339750641e+00 4.323450274105715252e+00 -1.683644941941170980e+00 1.601101660421715200e+00
3.145149423907665776e-03 2.276553627339750641e+00 1.705416274105715280e+00 -1.683644941941170980e+00 1.601101660421715200e+00
3.145149423907665776e-03 2.276553627339750641e+00 3.323450274105715252e+00 -1.683644941941170980e+00 1.601101660421715200e+00
3.145149423907665776e-03 2.276553627339750641e+00 2.705416299261715452e+00 -1.683644941941170980e+00 1.601101660421715200e+00
3.145149423907665776e-03 2.276553627339750641e+00 3.705416274105715502e+00 -1.683644941941170980e+00 1.601101660421715200e+00
3.145149423907665776e-03 2.276553627339750641e+00 3.297800412030775341e+00 -1.683644941941170980e+00 1.601101660421715200e+00
3.145149423907665776e-03 2.276553627339750641e+00 3.071529822012828426e+00 -1.683644941941170980e+00 1.601101660421715200e+00
3.145149423907665776e-03 2.276553627339750641e+00 3.160846661580817951e+00 -1.683644941941170980e+00 1.601101660421715200e+00
3.145149423907665776e-03 2.276553627339750641e+00 3.141866003817600284e+00 -1.683644941941170980e+00 1.601101660421715200e+00
3.145149423907665776e-03 2.276553627339750641e+00 3.213158337825186450e+00 -1.683644941941170980e+00 1.601101660421715200e+00
3.145149423907665776e-03 2.276553627339750641e+00 3.245304805354541244e+00 -1.683644941941170980e+00 1.601101660421715200e+00
3.145149423907665776e-03 2.276553627339750641e+00 3.193177056096830224e+00 -1.683644941941170980e+00 1.601101660421715200e+00
3.145149423907665776e-03 2.276553627339750641e+00 3.225437195441504201e+00 -1.683644941941170980e+00 1.601101660421715200e+00
3.145149423907665776e-03 2.276553627339750641e+00 3.205526167568533147e+00 -1.683644941941170980e+00 1.601101660421715200e+00
3.145149423907665776e-03 2.276553627339750641e+00 3.217848443953460702e+00 -1.683644941941170980e+00 1.601101660421715200e+00
3.145149423907665776e-03 2.276553627339750641e+00 3.210243108280933733e+00 -1.683644941941170980e+00 1.601101660421715200e+00
3.145149423907665776e-03 2.276553627339750641e+00 3.214949798902579037e+00 -1.683644941941170980e+00 1.601101660421715200e+00
3.145149423907665776e-03 2.276553627339750641e+00 3.212044819257086292e+00 -1.683644941941170980e+00 1.601101660421715200e+00
3.145149423907665776e-03 2.276553627339750641e+00 3.213158337825186450e+00 -1.683644941941170980e+00 1.601101660421715200e+00
3.145149423907665776e-03 2.276553627339750641e+00 3.213158337825186450e+00 -6.836449419411709805e-01 1.601101660421715200e+00
3.145149423907665776e-03 2.276553627339750641e+00 3.213158337825186450e+00 -3.301678941941171175e+00 1.601101660421715200e+00
3.145149423907665776e-03 2.276553627339750641e+00 3.213158337825186450e+00 -1.683644941941170980e+00 1.601101660421715200e+00
3.145149423907665776e-03 2.276553627339750641e+00 3.213158337825186450e+00 -2.301678916785171225e+00 1.601101660421715200e+00
3.145149423907665776e-03 2.276553627339750641e+00 3.213158337825186450e+00 -1.301678941941170953e+00 1.601101660421715200e+00
3.145149423907665776e-03 2.276553627339750641e+00 3.213158337825186450e+00 -1.612605127849803033e+00 1.601101660421715200e+00
3.145149423907665776e-03 2.276553627339750641e+00 3.213158337825186450e+00 -1.582890711712496179e+00 1.601101660421715200e+00
3.145149423907665776e-03 2.276553627339750641e+00 3.213158337825186450e+00 -1.475477376860022227e+00 1.601101660421715200e+00
3.145149423907665776e-03 2.276553627339750641e+00 3.213158337825186450e+00 -1.535521579463219766e+00 1.601101660421715200e+00
3.145149423907665776e-03 2.276553627339750641e+00 3.213158337825186450e+00 -1.586821451291252183e+00 1.601101660421715200e+00
3.145149423907665776e-03 2.276553627339750641e+00 3.213158337825186450e+00 -1.581883169400209566e+00 1.601101660421715200e+00
3.145149423907665776e-03 2.276553627339750641e+00 3.213158337825186450e+00 -1.584392120586435304e+00 1.601101660421715200e+00
3.145149423907665776e-03 2.276553627339750641e+00 3.213158337825186450e+00 -1.582890711712496179e+00 1.601101660421715200e+00
3.145149423907665776e-03 2.276553627339750641e+00 3.213158337825186450e+00 -1.582890711712496179e+00 2.601101660421715422e+00
3.145149423907665776e-03 2.276553627339750641e+00 3.213158337825186450e+00 -1.582890711712496179e+00 -1.693233957828477187e-02
3.145149423907665776e-03 2.276553627339750641e+00 3.213158337825186450e+00 -1.582890711712496179e+00 1.601101660421715200e+00
3.145149423907665776e-03 2.276553627339750641e+00 3.213158337825186450e+00 -1.582890711712496179e+00 9.830676855777151779e-01
3.145149423907665776e-03 2.276553627339750641e+00 3.213158337825186450e+00 -1.582890711712496179e+00 1.983067660421715228e+00
3.145149423907665776e-03 2.276553627339750641e+00 3.213158337825186450e+00 -1.582890711712496179e+00 1.539893712028268746e+00
3.145149423907665776e-03 2.276553627339750641e+00 3.213158337825186450e+00 -1.582890711712496179e+00 1.513566110137737342e+00
3.145149423907665776e-03 2.276553627339750641e+00 3.213158337825186450e+00 -1.582890711712496179e+00 1.310933748902243901e+00
3.145149423907665776e-03 2.276553627339750641e+00 3.213158337825186450e+00 -1.582890711712496179e+00 1.418865545416870155e+00
3.145149423907665776e-03 2.276553627339750641e+00 3.213158337825186450e+00 -1.582890711712496179e+00 1.477393714233566469e+00
3.145149423907665776e-03 2.276553627339750641e+00 3.213158337825186450e+00 -1.582890711712496179e+00 1.509932711502981917e+00
3.145149423907665776e-03 2.276553627339750641e+00 3.213158337825186450e+00 -1.582890711712496179e+00 1.524648727951965599e+00
3.145149423907665776e-03 2.276553627339750641e+00 3.213158337825186450e+00 -1.582890711712496179e+00 1.530471793539654790e+00
3.145149423907665776e-03 2.276553627339750641e+00 3.213158337825186450e+00 -1.582890711712496179e+00 1.534070646057076770e+00
3.145149423907665776e-03 2.276553627339750641e+00 3.213158337825186450e+00 -1.582890711712496179e+00 1.529765494860834352e+00
3.145149423907665776e-03 2.276553627339750641e+00 3.213158337825186450e+00 -1.582890711712496179e+00 1.531923569302816146e+00
3.145149423907665776e-03 2.276553627339750641e+00 3.213158337825186450e+00 -1.582890711712496179e+00 1.531178092218475451e+00
