-1.667125195870195142e+00 2.437234469186919661e-01 -2.398635545419102399e+00 -9.436038667268871194e-01 -2.102113147750888977e+00
-1.667125195870195142e+00 2.437234469186919661e-01 -2.398635545419102399e+00 -9.436038667268871194e-01 -2.102113147750888977e+00
-6.671251958701951423e-01 2.437234469186919661e-01 -2.398635545419102399e+00 -9.436038667268871194e-01 -2.102113147750888977e+00
9.509088041298046079e-01 2.437234469186919661e-01 -2.398635545419102399e+00 -9.436038667268871194e-01 -2.102113147750888977e+00
3.334599297675826968e+00 2.437234469186919661e-01 -2.398635545419102399e+00 -9.436038667268871194e-01 -2.102113147750888977e+00
9.509088041298046079e-01 2.437234469186919661e-01 -2.398635545419102399e+00 -9.436038667268871194e-01 -2.102113147750888977e+00
1.861397527187604872e+00 2.437234469186919661e-01 -2.398635545419102399e+00 -9.436038667268871194e-01 -2.102113147750888977e+00
2.424110514653909476e+00 2.437234469186919661e-01 -2.398635545419102399e+00 -9.436038667268871194e-01 -2.102113147750888977e+00
1.826112299947026951e+00 2.437234469186919661e-01 -2.398635545419102399e+00 -9.436038667268871194e-01 -2.102113147750888977e+00
1.491814321463705628e+00 2.437234469186919661e-01 -2.398635545419102399e+00 -9.436038667268871194e-01 -2.102113147750888977e+00
1.678396497073169957e+00 2.437234469186919661e-01 -2.398635545419102399e+00 -9.436038667268871194e-01 -2.102113147750888977e+00
1.769689885586511302e+00 2.437234469186919661e-01 -2.398635545419102399e+00 -9.436038667268871194e-01 -2.102113147750888977e+00
1.826112299947026951e+00 2.437234469186919661e-01 -2.398635545419102399e+00 -9.436038667268871194e-01 -2.102113147750888977e+00
1.826112299947026951e+00 1.243723446918691966e+00 -2.398635545419102399e+00 -9.436038667268871194e-01 -2.102113147750888977e+00
1.826112299947026951e+00 -1.374310553081308006e+00 -2.398635545419102399e+00 -9.436038667268871194e-01 -2.102113147750888977e+00
1.826112299947026951e+00 -1.736212448985120727e+00 -2.398635545419102399e+00 -9.436038667268871194e-01 -2.102113147750888977e+00
1.826112299947026951e+00 -2.321782021221950654e+00 -2.398635545419102399e+00 -9.436038667268871194e-01 -2.102113147750888977e+00
1.826112299947026951e+00 -1.736212448985120727e+00 -2.398635545419102399e+00 -9.436038667268871194e-01 -2.102113147750888977e+00
1.826112299947026951e+00 -1.959880116214133938e+00 -2.398635545419102399e+00 -9.436038667268871194e-01 -2.102113147750888977e+00
1.826112299947026951e+00 -1.597978229414324991e+00 -2.398635545419102399e+00 -9.436038667268871194e-01 -2.102113147750888977e+00
1.826112299947026951e+00 -1.794429319741347673e+00 -2.398635545419102399e+00 -9.436038667268871194e-01 -2.102113147750888977e+00
1.826112299947026951e+00 -1.716413090016082554e+00 -2.398635545419102399e+00 -9.436038667268871194e-01 -2.102113147750888977e+00
1.826112299947026951e+00 -1.758449314240393857e+00 -2.398635545419102399e+00 -9.436038667268871194e-01 -2.102113147750888977e+00
1.826112299947026951e+00 -1.736212448985120727e+00 -2.398635545419102399e+00 -9.436038667268871194e-01 -2.102113147750888977e+00
1.826112299947026951e+00 -1.736212448985120727e+00 -1.398635545419102399e+00 -9.436038667268871194e-01 -2.102113147750888977e+00
1.826112299947026951e+00 -1.736212448985120727e+00 -4.016669545419102150e+00 -9.436038667268871194e-01 -2.102113147750888977e+00
1.826112299947026951e+00 -1.736212448985120727e+00 -2.398635545419102399e+00 -9.436038667268871194e-01 -2.102113147750888977e+00
1.826112299947026951e+00 -1.736212448985120727e+00 -3.016669520263102200e+00 -9.436038667268871194e-01 -2.102113147750888977e+00
1.826112299947026951e+00 -1.736212448985120727e+00 -3.398635529871839367e+00 -9.436038667268871194e-01 -2.102113147750888977e+00
1.826112299947026951e+00 -1.736212448985120727e+00 -3.180222168510621561e+00 -9.436038667268871194e-01 -2.102113147750888977e+00
1.826112299947026951e+00 -1.736212448985120727e+00 -3.196877903703781776e+00 -9.436038667268871194e-01 -2.102113147750888977e+00
1.826112299947026951e+00 -1.736212448985120727e+00 -3.273942457140689655e+00 -9.436038667268871194e-01 -2.102113147750888977e+00
1.826112299947026951e+00 -1.736212448985120727e+00 -3.226313942921863909e+00 -9.436038667268871194e-01 -2.102113147750888977e+00
1.826112299947026951e+00 -1.736212448985120727e+00 -3.208121469859755770e+00 -9.436038667268871194e-01 -2.102113147750888977e+00
1.826112299947026951e+00 -1.736212448985120727e+00 -3.188895480110934599e+00 -9.436038667268871194e-01 -2.102113147750888977e+00
1.826112299947026951e+00 -1.736212448985120727e+00 -3.196877903703781776e+00 -9.436038667268871194e-01 -2.102113147750888977e+00
1.826112299947026951e+00 -1.736212448985120727e+00 -3.196877903703781776e+00 5.639613327311288060e-02 -2.102113147750888977e+00
1.826112299947026951e+00 -1.736212448985120727e+00 -3.196877903703781776e+00 1.674430133273112631e+00 -2.102113147750888977e+00
1.826112299947026951e+00 -1.736212448985120727e+00 -3.196877903703781776e+00 5.639613327311288060e-02 -2.102113147750888977e+00
1.826112299947026951e+00 -1.736212448985120727e+00 -3.196877903703781776e+00 6.744301081171126810e-01 -2.102113147750888977e+00
1.826112299947026951e+00 -1.736212448985120727e+00 -3.196877903703781776e+00 -3.255698667268871471e-01 -2.102113147750888977e+00
1.826112299947026951e+00 -1.736212448985120727e+00 -3.196877903703781776e+00 1.609857289614979869e-01 -2.102113147750888977e+00
1.826112299947026951e+00 -1.736212448985120727e+00 -3.196877903703781776e+00 1.039525136763390645e-01 -2.102113147750888977e+00
1.826112299947026951e+00 -1.736212448985120727e+00 -3.196877903703781776e+00 -8.950189188288715236e-02 -2.102113147750888977e+00
1.826112299947026951e+00 -1.736212448985120727e+00 -3.196877903703781776e+00 4.639613326311287089e-02 -2.102113147750888977e+00
1.826112299947026951e+00 -1.736212448985120727e+00 -3.196877903703781776e+00 7.456105367021148567e-02 -2.102113147750888977e+00
1.826112299947026951e+00 -1.736212448985120727e+00 -3.196877903703781776e+00 8.578759208291208971e-02 -2.102113147750888977e+00
1.826112299947026951e+00 -1.736212448985120727e+00 -3.196877903703781776e+00 8.578759208291208971e-02 -2.102113147750888977e+00
1.826112299947026951e+00 -1.736212448985120727e+00 -3.196877903703781776e+00 8.578759208291208971e-02 -1.102113147750888977e+00
1.826112299947026951e+00 -1.736212448985120727e+00 -3.196877903703781776e+00 8.578759208291208971e-02 -3.720147147750888728e+00
1.826112299947026951e+00 -1.736212448985120727e+00 -3.196877903703781776e+00 8.578759208291208971e-02 -2.102113147750888977e+00
1.826112299947026951e+00 -1.736212448985120727e+00 -3.196877903703781776e+00 8.578759208291208971e-02 -2.720147122594888778e+00
1.826112299947026951e+00 -1.736212448985120727e+00 -3.196877903703781776e+00 8.578759208291208971e-02 -1.720147147750888950e+00
1.826112299947026951e+00 -1.736212448985120727e+00 -3.196877903703781776e+00 8.578759208291208971e-02 -2.408361044698629438e+00
1.826112299947026951e+00 -1.736212448985120727e+00 -3.196877903703781776e+00 8.578759208291208971e-02 -2.405298565719151682e+00
1.826112299947026951e+00 -1.736212448985120727e+00 -3.196877903703781776e+00 8.578759208291208971e-02 -2.329774704044897060e+00
1.826112299947026951e+00 -1.736212448985120727e+00 -3.196877903703781776e+00 8.578759208291208971e-02 -2.376451018370883350e+00
1.826112299947026951e+00 -1.736212448985120727e+00 -3.196877903703781776e+00 8.578759208291208971e-02 -2.390976778414414472e+00
1.826112299947026951e+00 -1.736212448985120727e+00 -3.196877903703781776e+00 8.578759208291208971e-02 -2.388088142097779087e+00
1.826112299947026951e+00 -1.736212448985120727e+00 -3.196877903703781776e+00 8.578759208291208971e-02 -2.393865414731049857e+00
5.319349795764249045e+00 -3.716148344888933419e+00 -3.995120261988461152e+00 1.115179050892711299e+00 -2.679840409077939967e+00
1.826112299947026951e+00 -1.736212448985120727e+00 -3.196877903703781776e+00 8.578759208291208971e-02 -2.390976778414414472e+00
2.826112299947026951e+00 -1.736212448985120727e+00 -3.196877903703781776e+00 8.578759208291208971e-02 -2.390976778414414472e+00
2.080782999470269790e-01 -1.736212448985120727e+00 -3.196877903703781776e+00 8.578759208291208971e-02 -2.390976778414414472e+00
1.826112299947026951e+00 -1.736212448985120727e+00 -3.196877903703781776e+00 8.578759208291208971e-02 -2.390976778414414472e+00
1.208078325103026929e+00 -1.736212448985120727e+00 -3.196877903703781776e+00 8.578759208291208971e-02 -2.390976778414414472e+00
2.208078299947026757e+00 -1.736212448985120727e+00 -3.196877903703781776e+00 8.578759208291208971e-02 -2.390976778414414472e+00
1.621131739658655091e+00 -1.736212448985120727e+00 -3.196877903703781776e+00 8.578759208291208971e-02 -2.390976778414414472e+00
1.696236976190161672e+00 -1.736212448985120727e+00 -3.196877903703781776e+00 8.578759208291208971e-02 -2.390976778414414472e+00
1.463359379114499870e+00 -1.736212448985120727e+00 -3.196877903703781776e+00 8.578759208291208971e-02 -2.390976778414414472e+00
1.560868062191046235e+00 -1.736212448985120727e+00 -3.196877903703781776e+00 8.578759208291208971e-02 -2.390976778414414472e+00
1.649819386435648516e+00 -1.736212448985120727e+00 -3.196877903703781776e+00 8.578759208291208971e-02 -2.390976778414414472e+00
1.598113063831062330e+00 -1.736212448985120727e+00 -3.196877903703781776e+00 8.578759208291208971e-02 -2.390976778414414472e+00
1.632089445347476131e+00 -1.736212448985120727e+00 -3.196877903703781776e+00 8.578759208291208971e-02 -2.390976778414414472e+00
1.638861680025160972e+00 -1.736212448985120727e+00 -3.196877903703781776e+00 8.578759208291208971e-02 -2.390976778414414472e+00
1.629663570493886215e+00 -1.736212448985120727e+00 -3.196877903703781776e+00 8.578759208291208971e-02 -2.390976778414414472e+00
1.634676208738372605e+00 -1.736212448985120727e+00 -3.196877903703781776e+00 8.578759208291208971e-02 -2.390976778414414472e+00
1.632089445347476131e+00 -1.736212448985120727e+00 -3.196877903703781776e+00 8.578759208291208971e-02 -2.390976778414414472e+00
1.632089445347476131e+00 -7.362124489851207265e-01 -3.196877903703781776e+00 8.578759208291208971e-02 -2.390976778414414472e+00
1.632089445347476131e+00 -3.354246448985120921e+00 -3.196877903703781776e+00 8.578759208291208971e-02 -2.390976778414414472e+00
1.632089445347476131e+00 -1.736212448985120727e+00 -3.196877903703781776e+00 8.578759208291208971e-02 -2.390976778414414472e+00
1.632089445347476131e+00 -2.354246423829120971e+00 -3.196877903703781776e+00 8.578759208291208971e-02 -2.390976778414414472e+00
1.632089445347476131e+00 -1.354246448985120699e+00 -3.196877903703781776e+00 8.578759208291208971e-02 -2.390976778414414472e+00
1.632089445347476131e+00 -1.671725651284925673e+00 -3.196877903703781776e+00 8.578759208291208971e-02 -2.390976778414414472e+00
1.632089445347476131e+00 -1.657624013766605398e+00 -3.196877903703781776e+00 8.578759208291208971e-02 -2.390976778414414472e+00
1.632089445347476131e+00 -1.541744098857280809e+00 -3.196877903703781776e+00 8.578759208291208971e-02 -2.390976778414414472e+00
1.632089445347476131e+00 -1.613361826188350223e+00 -3.196877903703781776e+00 8.578759208291208971e-02 -2.390976778414414472e+00
1.632089445347476131e+00 -1.642670139241343419e+00 -3.196877903703781776e+00 8.578759208291208971e-02 -2.390976778414414472e+00
1.632089445347476131e+00 -1.654782472026984363e+00 -3.196877903703781776e+00 8.578759208291208971e-02 -2.390976778414414472e+00
1.632089445347476131e+00 -1.658409898128790472e+00 -3.196877903703781776e+00 8.578759208291208971e-02 -2.390976778414414472e+00
1.632089445347476131e+00 -1.656538641434489145e+00 -3.196877903703781776e+00 8.578759208291208971e-02 -2.390976778414414472e+00
1.632089445347476131e+00 -1.657624013766605398e+00 -3.196877903703781776e+00 8.578759208291208971e-02 -2.390976778414414472e+00
1.632089445347476131e+00 -1.657624013766605398e+00 -2.196877903703781776e+00 8.578759208291208971e-02 -2.390976778414414472e+00
1.632089445347476131e+00 -1.657624013766605398e+00 -4.814911903703781526e+00 8.578759208291208971e-02 -2.390976778414414472e+00
1.632089445347476131e+00 -1.657624013766605398e+00 -3.196877903703781776e+00 8.578759208291208971e-02 -2.390976778414414472e+00
1.632089445347476131e+00 -1.657624013766605398e+00 -3.814911878547781576e+00 8.578759208291208971e-02 -2.390976778414414472e+00
1.632089445347476131e+00 -1.657624013766605398e+00 -2.814911903703781526e+00 8.578759208291208971e-02 -2.390976778414414472e+00
1.632089445347476131e+00 -1.657624013766605398e+00 -3.357522042267118589e+00 8.578759208291208971e-02 -2.390976778414414472e+00
1.632089445347476131e+00 -1.657624013766605398e+00 -3.408109148706394809e+00 8.578759208291208971e-02 -2.390976778414414472e+00
1.632089445347476131e+00 -1.657624013766605398e+00 -3.563493960212990253e+00 8.578759208291208971e-02 -2.390976778414414472e+00
1.632089445347476131e+00 -1.657624013766605398e+00 -3.467460863618323064e+00 8.578759208291208971e-02 -2.390976778414414472e+00
1.632089445347476131e+00 -1.657624013766605398e+00 -3.430779485844444476e+00 8.578759208291208971e-02 -2.390976778414414472e+00
1.632089445347476131e+00 -1.657624013766605398e+00 -3.433118501675850975e+00 8.578759208291208971e-02 -2.390976778414414472e+00
1.632089445347476131e+00 -1.657624013766605398e+00 -3.446236116297569207e+00 8.578759208291208971e-02 -2.390976778414414472e+00
1.632089445347476131e+00 -1.657624013766605398e+00 -3.440437803267922590e+00 8.578759208291208971e-02 -2.390976778414414472e+00
1.632089445347476131e+00 -1.657624013766605398e+00 -3.454343248132688338e+00 8.578759208291208971e-02 -2.390976778414414472e+00
1.632089445347476131e+00 -1.657624013766605398e+00 -3.449332765016102531e+00 8.578759208291208971e-02 -2.390976778414414472e+00
1.632089445347476131e+00 -1.657624013766605398e+00 -3.443742534161631230e+00 8.578759208291208971e-02 -2.390976778414414472e+00
1.632089445347476131e+00 -1.657624013766605398e+00 -3.446236116297569207e+00 8.578759208291208971e-02 -2.390976778414414472e+00
1.632089445347476131e+00 -1.657624013766605398e+00 -3.446236116297569207e+00 1.085787592082912090e+00 -2.390976778414414472e+00
1.632089445347476131e+00 -1.657624013766605398e+00 -3.446236116297569207e+00 -1.532246407917087883e+00 -2.390976778414414472e+00
1.632089445347476131e+00 -1.657624013766605398e+00 -3.446236116297569207e+00 8.578759208291208971e-02 -2.390976778414414472e+00
1.632089445347476131e+00 -1.657624013766605398e+00 -3.446236116297569207e+00 -5.322463827610879328e-01 -2.390976778414414472e+00
1.632089445347476131e+00 -1.657624013766605398e+00 -3.446236116297569207e+00 4.677535920829121174e-01 -2.390976778414414472e+00
1.632089445347476131e+00 -1.657624013766605398e+00 -3.446236116297569207e+00 8.163131308310467293e-02 -2.390976778414414472e+00
1.632089445347476131e+00 -1.657624013766605398e+00 -3.446236116297569207e+00 2.656850612330601824e-01 -2.390976778414414472e+00
1.632089445347476131e+00 -1.657624013766605398e+00 -3.446236116297569207e+00 1.545023087843175602e-01 -2.390976778414414472e+00
1.632089445347476131e+00 -1.657624013766605398e+00 -3.446236116297569207e+00 1.120342775624811327e-01 -2.390976778414414472e+00
1.632089445347476131e+00 -1.657624013766605398e+00 -3.446236116297569207e+00 9.426821184968769973e-02 -2.390976778414414472e+00
1.632089445347476131e+00 -1.657624013766605398e+00 -3.446236116297569207e+00 9.046633938022559385e-02 -2.390976778414414472e+00
1.632089445347476131e+00 -1.657624013766605398e+00 -3.446236116297569207e+00 1.010542449057405534e-01 -2.390976778414414472e+00
1.632089445347476131e+00 -1.657624013766605398e+00 -3.446236116297569207e+00 9.105218207889287374e-02 -2.390976778414414472e+00
1.632089445347476131e+00 -1.657624013766605398e+00 -3.446236116297569207e+00 9.435301805735545055e-02 -2.390976778414414472e+00
1.632089445347476131e+00 -1.657624013766605398e+00 -3.446236116297569207e+00 9.303979782225628437e-02 -2.390976778414414472e+00
1.632089445347476131e+00 -1.657624013766605398e+00 -3.446236116297569207e+00 9.379899945728582822e-02 -2.390976778414414472e+00
1.632089445347476131e+00 -1.657624013766605398e+00 -3.446236116297569207e+00 9.408898866901152513e-02 -2.390976778414414472e+00
1.632089445347476131e+00 -1.657624013766605398e+00 -3.446236116297569207e+00 9.418340564201993503e-02 -2.390976778414414472e+00
1.632089445347476131e+00 -1.657624013766605398e+00 -3.446236116297569207e+00 9.418340564201993503e-02 -2.390976778414414472e+00
1.632089445347476131e+00 -1.657624013766605398e+00 -3.446236116297569207e+00 9.418340564201993503e-02 -1.390976778414414472e+00
1.632089445347476131e+00 -1.657624013766605398e+00 -3.446236116297569207e+00 9.418340564201993503e-02 -4.009010778414414666e+00
1.632089445347476131e+00 -1.657624013766605398e+00 -3.446236116297569207e+00 9.418340564201993503e-02 -2.390976778414414472e+00
1.632089445347476131e+00 -1.657624013766605398e+00 -3.446236116297569207e+00 9.418340564201993503e-02 -3.009010753258414717e+00
1.632089445347476131e+00 -1.657624013766605398e+00 -3.446236116297569207e+00 9.418340564201993503e-02 -2.009010778414414666e+00
1.632089445347476131e+00 -1.657624013766605398e+00 -3.446236116297569207e+00 9.418340564201993503e-02 -2.340783022608125652e+00
1.632089445347476131e+00 -1.657624013766605398e+00 -3.446236116297569207e+00 9.418340564201993503e-02 -2.234916907248439166e+00
1.632089445347476131e+00 -1.657624013766605398e+00 -3.446236116297569207e+00 9.418340564201993503e-02 -2.300345765988647706e+00
1.632089445347476131e+00 -1.657624013766605398e+00 -3.446236116297569207e+00 9.418340564201993503e-02 -2.308583445748549678e+00
1.632089445347476131e+00 -1.657624013766605398e+00 -3.446236116297569207e+00 9.418340564201993503e-02 -2.359955330738430668e+00
1.632089445347476131e+00 -1.657624013766605398e+00 -3.446236116297569207e+00 9.418340564201993503e-02 -2.334251669360837056e+00
1.632089445347476131e+00 -1.657624013766605398e+00 -3.446236116297569207e+00 9.418340564201993503e-02 -2.326594576232356992e+00
1.632089445347476131e+00 -1.657624013766605398e+00 -3.446236116297569207e+00 9.418340564201993503e-02 -2.332705500842491286e+00
1.632089445347476131e+00 -1.657624013766605398e+00 -3.446236116297569207e+00 9.418340564201993503e-02 -2.336746424235291109e+00
1.632089445347476131e+00 -1.657624013766605398e+00 -3.446236116297569207e+00 9.418340564201993503e-02 -2.338288267569369250e+00
1.632089445347476131e+00 -1.657624013766605398e+00 -3.446236116297569207e+00 9.418340564201993503e-02 -2.336121899115445100e+00
1.632089445347476131e+00 -1.657624013766605398e+00 -3.446236116297569207e+00 9.418340564201993503e-02 -2.335573350312455165e+00
1.632089445347476131e+00 -1.657624013766605398e+00 -3.446236116297569207e+00 9.418340564201993503e-02 -2.335019316021435642e+00
1.438066590747925311e+00 -1.579035578548090069e+00 -3.695594328891356639e+00 1.025792192011277804e-01 -2.280169922210495859e+00
1.632089445347476131e+00 -1.657624013766605398e+00 -3.446236116297569207e+00 9.418340564201993503e-02 -2.335573350312455165e+00
2.632089445347475909e+00 -1.657624013766605398e+00 -3.446236116297569207e+00 9.418340564201993503e-02 -2.335573350312455165e+00
1.405544534747615870e-02 -1.657624013766605398e+00 -3.446236116297569207e+00 9.418340564201993503e-02 -2.335573350312455165e+00
1.632089445347476131e+00 -1.657624013766605398e+00 -3.446236116297569207e+00 9.418340564201993503e-02 -2.335573350312455165e+00
1.014055470503476108e+00 -1.657624013766605398e+00 -3.446236116297569207e+00 9.418340564201993503e-02 -2.335573350312455165e+00
2.014055445347476159e+00 -1.657624013766605398e+00 -3.446236116297569207e+00 9.418340564201993503e-02 -2.335573350312455165e+00
1.776143236962483218e+00 -1.657624013766605398e+00 -3.446236116297569207e+00 9.418340564201993503e-02 -2.335573350312455165e+00
1.731758340937211260e+00 -1.657624013766605398e+00 -3.446236116297569207e+00 9.418340564201993503e-02 -2.335573350312455165e+00
1.777583774888633394e+00 -1.657624013766605398e+00 -3.446236116297569207e+00 9.418340564201993503e-02 -2.335573350312455165e+00
1.759189715767294215e+00 -1.657624013766605398e+00 -3.446236116297569207e+00 9.418340564201993503e-02 -2.335573350312455165e+00
1.769667568285641757e+00 -1.657624013766605398e+00 -3.446236116297569207e+00 9.418340564201993503e-02 -2.335573350312455165e+00
1.773669751700664765e+00 -1.657624013766605398e+00 -3.446236116297569207e+00 9.418340564201993503e-02 -2.335573350312455165e+00
1.776143236962483218e+00 -1.657624013766605398e+00 -3.446236116297569207e+00 9.418340564201993503e-02 -2.335573350312455165e+00
1.776143236962483218e+00 -6.576240137666053975e-01 -3.446236116297569207e+00 9.418340564201993503e-02 -2.335573350312455165e+00
1.776143236962483218e+00 -3.275658013766605592e+00 -3.446236116297569207e+00 9.418340564201993503e-02 -2.335573350312455165e+00
1.776143236962483218e+00 -1.657624013766605398e+00 -3.446236116297569207e+00 9.418340564201993503e-02 -2.335573350312455165e+00
1.776143236962483218e+00 -2.275657988610605642e+00 -3.446236116297569207e+00 9.418340564201993503e-02 -2.335573350312455165e+00
1.776143236962483218e+00 -1.275658013766605370e+00 -3.446236116297569207e+00 9.418340564201993503e-02 -2.335573350312455165e+00
1.776143236962483218e+00 -1.528048798895036198e+00 -3.446236116297569207e+00 9.418340564201993503e-02 -2.335573350312455165e+00
1.776143236962483218e+00 -1.487787071748403189e+00 -3.446236116297569207e+00 9.418340564201993503e-02 -2.335573350312455165e+00
1.776143236962483218e+00 -1.551049502602183772e+00 -3.446236116297569207e+00 9.418340564201993503e-02 -2.335573350312455165e+00
1.776143236962483218e+00 -1.569738199090008779e+00 -3.446236116297569207e+00 9.418340564201993503e-02 -2.335573350312455165e+00
1.776143236962483218e+00 -1.542264015809979405e+00 -3.446236116297569207e+00 9.418340564201993503e-02 -2.335573350312455165e+00
1.776143236962483218e+00 -1.558187949244852266e+00 -3.446236116297569207e+00 9.418340564201993503e-02 -2.335573350312455165e+00
1.776143236962483218e+00 -1.549983757480539515e+00 -3.446236116297569207e+00 9.418340564201993503e-02 -2.335573350312455165e+00
1.776143236962483218e+00 -1.553776146512497291e+00 -3.446236116297569207e+00 9.418340564201993503e-02 -2.335573350312455165e+00
1.776143236962483218e+00 -1.552115247723828029e+00 -3.446236116297569207e+00 9.418340564201993503e-02 -2.335573350312455165e+00
1.776143236962483218e+00 -1.551049502602183772e+00 -3.446236116297569207e+00 9.418340564201993503e-02 -2.335573350312455165e+00
1.776143236962483218e+00 -1.551049502602183772e+00 -2.446236116297569207e+00 9.418340564201993503e-02 -2.335573350312455165e+00
1.776143236962483218e+00 -1.551049502602183772e+00 -5.064270116297569402e+00 9.418340564201993503e-02 -2.335573350312455165e+00
1.776143236962483218e+00 -1.551049502602183772e+00 -3.446236116297569207e+00 9.418340564201993503e-02 -2.335573350312455165e+00
1.776143236962483218e+00 -1.551049502602183772e+00 -4.064270091141569452e+00 9.418340564201993503e-02 -2.335573350312455165e+00
1.776143236962483218e+00 -1.551049502602183772e+00 -3.064270116297569402e+00 9.418340564201993503e-02 -2.335573350312455165e+00
1.776143236962483218e+00 -1.551049502602183772e+00 -3.425566160217152767e+00 9.418340564201993503e-02 -2.335573350312455165e+00
1.776143236962483218e+00 -1.551049502602183772e+00 -3.682304081532832729e+00 9.418340564201993503e-02 -2.335573350312455165e+00
1.776143236962483218e+00 -1.551049502602183772e+00 -3.536406052706621672e+00 9.418340564201993503e-02 -2.335573350312455165e+00
1.776143236962483218e+00 -1.551049502602183772e+00 -3.480952204834239616e+00 9.418340564201993503e-02 -2.335573350312455165e+00
1.776143236962483218e+00 -1.551049502602183772e+00 -3.459496481771567211e+00 9.418340564201993503e-02 -2.335573350312455165e+00
1.776143236962483218e+00 -1.551049502602183772e+00 -3.443357381369941184e+00 9.418340564201993503e-02 -2.335573350312455165e+00
1.776143236962483218e+00 -1.551049502602183772e+00 -3.450817821869697877e+00 9.418340564201993503e-02 -2.335573350312455165e+00
1.776143236962483218e+00 -1.551049502602183772e+00 -3.446958873477056429e+00 9.418340564201993503e-02 -2.335573350312455165e+00
1.776143236962483218e+00 -1.551049502602183772e+00 -3.445148614724771186e+00 9.418340564201993503e-02 -2.335573350312455165e+00
1.776143236962483218e+00 -1.551049502602183772e+00 -3.445820727671813799e+00 9.418340564201993503e-02 -2.335573350312455165e+00
1.776143236962483218e+00 -1.551049502602183772e+00 -3.446512184966389114e+00 9.418340564201993503e-02 -2.335573350312455165e+00
1.776143236962483218e+00 -1.551049502602183772e+00 -3.446077451965743776e+00 9.418340564201993503e-02 -2.335573350312455165e+00
1.776143236962483218e+00 -1.551049502602183772e+00 -3.446341565142723606e+00 9.418340564201993503e-02 -2.335573350312455165e+00
1.776143236962483218e+00 -1.551049502602183772e+00 -3.446175511917399348e+00 9.418340564201993503e-02 -2.335573350312455165e+00
1.776143236962483218e+00 -1.551049502602183772e+00 -3.446276394171157609e+00 9.418340564201993503e-02 -2.335573350312455165e+00
1.776143236962483218e+00 -1.551049502602183772e+00 -3.446212967484893142e+00 9.418340564201993503e-02 -2.335573350312455165e+00
1.776143236962483218e+00 -1.551049502602183772e+00 -3.446251501075832113e+00 9.418340564201993503e-02 -2.335573350312455165e+00
1.776143236962483218e+00 -1.551049502602183772e+00 -3.446227274238186755e+00 9.418340564201993503e-02 -2.335573350312455165e+00
1.776143236962483218e+00 -1.551049502602183772e+00 -3.446241992759783379e+00 9.418340564201993503e-02 -2.335573350312455165e+00
1.776143236962483218e+00 -1.551049502602183772e+00 -3.446232738931515271e+00 9.418340564201993503e-02 -2.335573350312455165e+00
1.776143236962483218e+00 -1.551049502602183772e+00 -3.446238360906335174e+00 9.418340564201993503e-02 -2.335573350312455165e+00
1.776143236962483218e+00 -1.551049502602183772e+00 -3.446234826258566919e+00 9.418340564201993503e-02 -2.335573350312455165e+00
1.776143236962483218e+00 -1.551049502602183772e+00 -3.446236973661801262e+00 9.418340564201993503e-02 -2.335573350312455165e+00
1.776143236962483218e+00 -1.551049502602183772e+00 -3.446235623546531901e+00 9.418340564201993503e-02 -2.335573350312455165e+00
1.776143236962483218e+00 -1.551049502602183772e+00 -3.446236443781555359e+00 9.418340564201993503e-02 -2.335573350312455165e+00
1.776143236962483218e+00 -1.551049502602183772e+00 -3.446235928083426270e+00 9.418340564201993503e-02 -2.335573350312455165e+00
1.776143236962483218e+00 -1.551049502602183772e+00 -3.446236241385317367e+00 9.418340564201993503e-02 -2.335573350312455165e+00
1.776143236962483218e+00 -1.551049502602183772e+00 -3.446236044406166155e+00 9.418340564201993503e-02 -2.335573350312455165e+00
1.776143236962483218e+00 -1.551049502602183772e+00 -3.446236164076835973e+00 9.418340564201993503e-02 -2.335573350312455165e+00
1.776143236962483218e+00 -1.551049502602183772e+00 -3.446236088837497658e+00 9.418340564201993503e-02 -2.335573350312455165e+00
1.776143236962483218e+00 -1.551049502602183772e+00 -3.446236134547624452e+00 9.418340564201993503e-02 -2.335573350312455165e+00
1.776143236962483218e+00 -1.551049502602183772e+00 -3.446236105808755390e+00 9.418340564201993503e-02 -2.335573350312455165e+00
1.776143236962483218e+00 -1.551049502602183772e+00 -3.446236123268469953e+00 9.418340564201993503e-02 -2.335573350312455165e+00
1.776143236962483218e+00 -1.551049502602183772e+00 -3.446236112291198861e+00 9.418340564201993503e-02 -2.335573350312455165e+00
1.776143236962483218e+00 -1.551049502602183772e+00 -3.446236118960216199e+00 9.418340564201993503e-02 -2.335573350312455165e+00
1.776143236962483218e+00 -1.551049502602183772e+00 -3.446236114767271985e+00 9.418340564201993503e-02 -2.335573350312455165e+00
1.776143236962483218e+00 -1.551049502602183772e+00 -3.446236117314609881e+00 9.418340564201993503e-02 -2.335573350312455165e+00
1.776143236962483218e+00 -1.551049502602183772e+00 -3.446236115713047887e+00 9.418340564201993503e-02 -2.335573350312455165e+00
1.776143236962483218e+00 -1.551049502602183772e+00 -3.446236116686044237e+00 9.418340564201993503e-02 -2.335573350312455165e+00
1.776143236962483218e+00 -1.551049502602183772e+00 -3.446236116074302025e+00 9.418340564201993503e-02 -2.335573350312455165e+00
1.776143236962483218e+00 -1.551049502602183772e+00 -3.446236116445953623e+00 9.418340564201993503e-02 -2.335573350312455165e+00
1.776143236962483218e+00 -1.551049502602183772e+00 -3.446236116212288536e+00 9.418340564201993503e-02 -2.335573350312455165e+00
1.776143236962483218e+00 -1.551049502602183772e+00 -3.446236116354246981e+00 9.418340564201993503e-02 -2.335573350312455165e+00
1.776143236962483218e+00 -1.551049502602183772e+00 -3.446236116264994820e+00 9.418340564201993503e-02 -2.335573350312455165e+00
1.776143236962483218e+00 -1.551049502602183772e+00 -3.446236116319218112e+00 9.418340564201993503e-02 -2.335573350312455165e+00
1.776143236962483218e+00 -1.551049502602183772e+00 -3.446236116285127160e+00 9.418340564201993503e-02 -2.335573350312455165e+00
1.776143236962483218e+00 -1.551049502602183772e+00 -3.446236116307569208e+00 9.418340564201993503e-02 -2.335573350312455165e+00
1.776143236962483218e+00 -1.551049502602183772e+00 -3.446236116297569207e+00 9.418340564201993503e-02 -2.335573350312455165e+00
1.776143236962483218e+00 -1.551049502602183772e+00 -3.446236116297569207e+00 1.094183405642019880e+00 -2.335573350312455165e+00
1.776143236962483218e+00 -1.551049502602183772e+00 -3.446236116297569207e+00 -1.523850594357980093e+00 -2.335573350312455165e+00
1.776143236962483218e+00 -1.551049502602183772e+00 -3.446236116297569207e+00 9.418340564201993503e-02 -2.335573350312455165e+00
1.776143236962483218e+00 -1.551049502602183772e+00 -3.446236116297569207e+00 -5.238505692019801430e-01 -2.335573350312455165e+00
1.776143236962483218e+00 -1.551049502602183772e+00 -3.446236116297569207e+00 4.761494056420199628e-01 -2.335573350312455165e+00
1.776143236962483218e+00 -1.551049502602183772e+00 -3.446236116297569207e+00 3.341471266886432145e-01 -2.335573350312455165e+00
1.776143236962483218e+00 -1.551049502602183772e+00 -3.446236116297569207e+00 7.122173804860199020e-01 -2.335573350312455165e+00
1.776143236962483218e+00 -1.551049502602183772e+00 -3.446236116297569207e+00 5.663193457212832849e-01 -2.335573350312455165e+00
1.776143236962483218e+00 -1.551049502602183772e+00 -3.446236116297569207e+00 4.511171360106890349e-01 -2.335573350312455165e+00
1.776143236962483218e+00 -1.551049502602183772e+00 -3.446236116297569207e+00 4.064385694299844642e-01 -2.335573350312455165e+00
1.776143236962483218e+00 -1.551049502602183772e+00 -3.446236116297569207e+00 4.238997513221497981e-01 -2.335573350312455165e+00
1.776143236962483218e+00 -1.551049502602183772e+00 -3.446236116297569207e+00 3.788256962118453086e-01 -2.335573350312455165e+00
1.776143236962483218e+00 -1.551049502602183772e+00 -3.446236116297569207e+00 3.617600017253458922e-01 -2.335573350312455165e+00
1.776143236962483218e+00 -1.551049502602183772e+00 -3.446236116297569207e+00 3.590842357545126484e-01 -2.335573350312455165e+00
1.776143236962483218e+00 -1.551049502602183772e+00 -3.446236116297569207e+00 3.644357676961791359e-01 -2.335573350312455165e+00
1.776143236962483218e+00 -1.551049502602183772e+00 -3.446236116297569207e+00 3.617600017253458922e-01 -2.335573350312455165e+00
1.776143236962483218e+00 -1.551049502602183772e+00 -3.446236116297569207e+00 3.617600017253458922e-01 -1.335573350312455165e+00
1.776143236962483218e+00 -1.551049502602183772e+00 -3.446236116297569207e+00 3.617600017253458922e-01 -3.953607350312455360e+00
1.776143236962483218e+00 -1.551049502602183772e+00 -3.446236116297569207e+00 3.617600017253458922e-01 -2.335573350312455165e+00
1.776143236962483218e+00 -1.551049502602183772e+00 -3.446236116297569207e+00 3.617600017253458922e-01 -2.953607325156455410e+00
1.776143236962483218e+00 -1.551049502602183772e+00 -3.446236116297569207e+00 3.617600017253458922e-01 -1.953607350312455138e+00
1.776143236962483218e+00 -1.551049502602183772e+00 -3.446236116297569207e+00 3.617600017253458922e-01 -2.310593061419118577e+00
1.776143236962483218e+00 -1.551049502602183772e+00 -3.446236116297569207e+00 3.617600017253458922e-01 -2.479064695739702895e+00
1.776143236962483218e+00 -1.551049502602183772e+00 -3.446236116297569207e+00 3.617600017253458922e-01 -2.390382165559919336e+00
1.776143236962483218e+00 -1.551049502602183772e+00 -3.446236116297569207e+00 3.617600017253458922e-01 -2.338297845165123512e+00
1.776143236962483218e+00 -1.551049502602183772e+00 -3.446236116297569207e+00 3.617600017253458922e-01 -2.323893175844248482e+00
1.776143236962483218e+00 -1.551049502602183772e+00 -3.446236116297569207e+00 3.617600017253458922e-01 -2.331111920791532288e+00
1.776143236962483218e+00 -1.551049502602183772e+00 -3.446236116297569207e+00 3.617600017253458922e-01 -2.328354605658998100e+00
1.776143236962483218e+00 -1.551049502602183772e+00 -3.446236116297569207e+00 3.617600017253458922e-01 -2.332816035179920977e+00
1.776143236962483218e+00 -1.551049502602183772e+00 -3.446236116297569207e+00 3.617600017253458922e-01 -2.330058720159618790e+00
1.776143236962483218e+00 -1.551049502602183772e+00 -3.446236116297569207e+00 3.617600017253458922e-01 -2.331762834548007479e+00
1.776143236962483218e+00 -1.551049502602183772e+00 -3.446236116297569207e+00 3.617600017253458922e-01 -2.330709633958962801e+00
1.776143236962483218e+00 -1.551049502602183772e+00 -3.446236116297569207e+00 3.617600017253458922e-01 -2.331360547715437992e+00
1.776143236962483218e+00 -1.551049502602183772e+00 -3.446236116297569207e+00 3.617600017253458922e-01 -2.331156535096741589e+00
1.776143236962483218e+00 -1.551049502602183772e+00 -3.446236116297569207e+00 3.617600017253458922e-01 -2.330958260899242962e+00
1.776143236962483218e+00 -1.551049502602183772e+00 -3.446236116297569207e+00 3.617600017253458922e-01 -2.331053227937113892e+00
