-3.907447771681487048e-01 -1.370558528179373070e+00 5.441802231802750356e-02 1.381893447196604896e+00 1.725154105302349805e+00
-3.907447771681487048e-01 -1.370558528179373070e+00 5.441802231802750356e-02 1.381893447196604896e+00 1.725154105302349805e+00
6.092552228318512952e-01 -1.370558528179373070e+00 5.441802231802750356e-02 1.381893447196604896e+00 1.725154105302349805e+00
2.227289222831851045e+00 -1.370558528179373070e+00 5.441802231802750356e-02 1.381893447196604896e+00 1.725154105302349805e+00
6.092552228318512952e-01 -1.370558528179373070e+00 5.441802231802750356e-02 1.381893447196604896e+00 1.725154105302349805e+00
1.227289197675851096e+00 -1.370558528179373070e+00 5.441802231802750356e-02 1.381893447196604896e+00 1.725154105302349805e+00
2.272892228318512675e-01 -1.370558528179373070e+00 5.441802231802750356e-02 1.381893447196604896e+00 1.725154105302349805e+00
3.120220001731228709e-01 -1.370558528179373070e+00 5.441802231802750356e-02 1.381893447196604896e+00 1.725154105302349805e+00
-8.778752012148727246e-03 -1.370558528179373070e+00 5.441802231802750356e-02 1.381893447196604896e+00 1.725154105302349805e+00
1.371192827525880009e-01 -1.370558528179373070e+00 5.441802231802750356e-02 1.381893447196604896e+00 1.725154105302349805e+00
1.876989078487065754e-01 -1.370558528179373070e+00 5.441802231802750356e-02 1.381893447196604896e+00 1.725154105302349805e+00
2.596542628617873882e-01 -1.370558528179373070e+00 5.441802231802750356e-02 1.381893447196604896e+00 1.725154105302349805e+00
2.796569580116489151e-01 -1.370558528179373070e+00 5.441802231802750356e-02 1.381893447196604896e+00 1.725154105302349805e+00
2.531502724514880232e-01 -1.370558528179373070e+00 5.441802231802750356e-02 1.381893447196604896e+00 1.725154105302349805e+00
2.432722307724738409e-01 -1.370558528179373070e+00 5.441802231802750356e-02 1.381893447196604896e+00 1.725154105302349805e+00
2.531502724514880232e-01 -1.370558528179373070e+00 5.441802231802750356e-02 1.381893447196604896e+00 1.725154105302349805e+00
2.531502724514880232e-01 -3.705585281793730701e-01 5.441802231802750356e-02 1.381893447196604896e+00 1.725154105302349805e+00
2.531502724514880232e-01 -2.988592528179372820e+00 5.441802231802750356e-02 1.381893447196604896e+00 1.725154105302349805e+00
2.531502724514880232e-01 -1.370558528179373070e+00 5.441802231802750356e-02 1.381893447196604896e+00 1.725154105302349805e+00
2.531502724514880232e-01 -1.988592503023373093e+00 5.441802231802750356e-02 1.381893447196604896e+00 1.725154105302349805e+00
2.531502724514880232e-01 -9.885925281793730424e-01 5.441802231802750356e-02 1.381893447196604896e+00 1.725154105302349805e+00
2.531502724514880232e-01 -9.468533506189240612e-01 5.441802231802750356e-02 1.381893447196604896e+00 1.725154105302349805e+00
2.531502724514880232e-01 -9.924121881893730457e-01 5.441802231802750356e-02 1.381893447196604896e+00 1.725154105302349805e+00
2.531502724514880232e-01 -9.684210382333731104e-01 5.441802231802750356e-02 1.381893447196604896e+00 1.725154105302349805e+00
2.531502724514880232e-01 -9.808877048506592367e-01 5.441802231802750356e-02 1.381893447196604896e+00 1.725154105302349805e+00
2.531502724514880232e-01 -9.847728681693730390e-01 5.441802231802750356e-02 1.381893447196604896e+00 1.725154105302349805e+00
2.531502724514880232e-01 -9.885925281793730424e-01 5.441802231802750356e-02 1.381893447196604896e+00 1.725154105302349805e+00
2.531502724514880232e-01 -9.885925281793730424e-01 1.054418022318027504e+00 1.381893447196604896e+00 1.725154105302349805e+00
2.531502724514880232e-01 -9.885925281793730424e-01 -1.563615977681972469e+00 1.381893447196604896e+00 1.725154105302349805e+00
2.531502724514880232e-01 -9.885925281793730424e-01 5.441802231802750356e-02 1.381893447196604896e+00 1.725154105302349805e+00
2.531502724514880232e-01 -9.885925281793730424e-01 -5.636159525259725189e-01 1.381893447196604896e+00 1.725154105302349805e+00
2.531502724514880232e-01 -9.885925281793730424e-01 4.363840223180275313e-01 1.381893447196604896e+00 1.725154105302349805e+00
2.531502724514880232e-01 -9.885925281793730424e-01 -1.908473822264593611e-01 1.381893447196604896e+00 1.725154105302349805e+00
2.531502724514880232e-01 -9.885925281793730424e-01 -1.753951900002813646e-01 1.381893447196604896e+00 1.725154105302349805e+00
2.531502724514880232e-01 -9.885925281793730424e-01 -7.359507804342088622e-02 1.381893447196604896e+00 1.725154105302349805e+00
2.531502724514880232e-01 -9.885925281793730424e-01 -2.469842615075988623e-02 1.381893447196604896e+00 1.725154105302349805e+00
2.531502724514880232e-01 -9.885925281793730424e-01 -1.219191385018245921e-01 1.381893447196604896e+00 1.725154105302349805e+00
2.531502724514880232e-01 -9.885925281793730424e-01 -6.586395942741660181e-02 1.381893447196604896e+00 1.725154105302349805e+00
2.531502724514880232e-01 -9.885925281793730424e-01 -7.487520905703537455e-02 1.381893447196604896e+00 1.725154105302349805e+00
2.531502724514880232e-01 -9.885925281793730424e-01 -7.064205359014019692e-02 1.381893447196604896e+00 1.725154105302349805e+00
2.531502724514880232e-01 -9.885925281793730424e-01 -6.881698407518131722e-02 1.381893447196604896e+00 1.725154105302349805e+00
2.531502724514880232e-01 -9.885925281793730424e-01 -7.189265435922187475e-02 1.381893447196604896e+00 1.725154105302349805e+00
2.531502724514880232e-01 -9.885925281793730424e-01 -7.064205359014019692e-02 1.381893447196604896e+00 1.725154105302349805e+00
2.531502724514880232e-01 -9.885925281793730424e-01 -7.064205359014019692e-02 2.381893447196604896e+00 1.725154105302349805e+00
2.531502724514880232e-01 -9.885925281793730424e-01 -7.064205359014019692e-02 -2.361405528033950763e-01 1.725154105302349805e+00
2.531502724514880232e-01 -9.885925281793730424e-01 -7.064205359014019692e-02 1.381893447196604896e+00 1.725154105302349805e+00
2.531502724514880232e-01 -9.885925281793730424e-01 -7.064205359014019692e-02 7.638594723526048735e-01 1.725154105302349805e+00
2.531502724514880232e-01 -9.885925281793730424e-01 -7.064205359014019692e-02 1.763859447196604924e+00 1.725154105302349805e+00
2.531502724514880232e-01 -9.885925281793730424e-01 -7.064205359014019692e-02 1.294675927128870141e+00 1.725154105302349805e+00
2.531502724514880232e-01 -9.885925281793730424e-01 -7.064205359014019692e-02 1.452648069145564769e+00 1.725154105302349805e+00
2.531502724514880232e-01 -9.885925281793730424e-01 -7.064205359014019692e-02 1.356471153441219046e+00 1.725154105302349805e+00
2.531502724514880232e-01 -9.885925281793730424e-01 -7.064205359014019692e-02 1.408919307123961406e+00 1.725154105302349805e+00
2.531502724514880232e-01 -9.885925281793730424e-01 -7.064205359014019692e-02 1.384023750062711500e+00 1.725154105302349805e+00
2.531502724514880232e-01 -9.885925281793730424e-01 -7.064205359014019692e-02 1.393598716679284477e+00 1.725154105302349805e+00
2.531502724514880232e-01 -9.885925281793730424e-01 -7.064205359014019692e-02 1.387681061761377510e+00 1.725154105302349805e+00
2.531502724514880232e-01 -9.885925281793730424e-01 -7.064205359014019692e-02 1.385420718783004101e+00 1.725154105302349805e+00
2.531502724514880232e-01 -9.885925281793730424e-01 -7.064205359014019692e-02 1.383210046798156290e+00 1.725154105302349805e+00
2.531502724514880232e-01 -9.885925281793730424e-01 -7.064205359014019692e-02 1.382707150514750127e+00 1.725154105302349805e+00
2.531502724514880232e-01 -9.885925281793730424e-01 -7.064205359014019692e-02 1.383520853779305337e+00 1.725154105302349805e+00
2.531502724514880232e-01 -9.885925281793730424e-01 -7.064205359014019692e-02 1.383017957516368579e+00 1.725154105302349805e+00
2.531502724514880232e-01 -9.885925281793730424e-01 -7.064205359014019692e-02 1.383328764497517849e+00 1.725154105302349805e+00
2.531502724514880232e-01 -9.885925281793730424e-01 -7.064205359014019692e-02 1.383136675223548995e+00 1.725154105302349805e+00
2.531502724514880232e-01 -9.885925281793730424e-01 -7.064205359014019692e-02 1.383255392922910554e+00 1.725154105302349805e+00
2.531502724514880232e-01 -9.885925281793730424e-01 -7.064205359014019692e-02 1.383182021351289759e+00 1.725154105302349805e+00
2.531502724514880232e-01 -9.885925281793730424e-01 -7.064205359014019692e-02 1.383227367476044023e+00 1.725154105302349805e+00
2.531502724514880232e-01 -9.885925281793730424e-01 -7.064205359014019692e-02 1.383196880792140648e+00 1.725154105302349805e+00
2.531502724514880232e-01 -9.885925281793730424e-01 -7.064205359014019692e-02 1.383210046798156290e+00 1.725154105302349805e+00
2.531502724514880232e-01 -9.885925281793730424e-01 -7.064205359014019692e-02 1.383210046798156290e+00 2.725154105302349805e+00
2.531502724514880232e-01 -9.885925281793730424e-01 -7.064205359014019692e-02 1.383210046798156290e+00 1.071201053023498329e-01
2.531502724514880232e-01 -9.885925281793730424e-01 -7.064205359014019692e-02 1.383210046798156290e+00 1.725154105302349805e+00
2.531502724514880232e-01 -9.885925281793730424e-01 -7.064205359014019692e-02 1.383210046798156290e+00 1.107120130458349783e+00
2.531502724514880232e-01 -9.885925281793730424e-01 -7.064205359014019692e-02 1.383210046798156290e+00 2.107120105302350055e+00
2.531502724514880232e-01 -9.885925281793730424e-01 -7.064205359014019692e-02 1.383210046798156290e+00 1.768398800615270217e+00
2.531502724514880232e-01 -9.885925281793730424e-01 -7.064205359014019692e-02 1.383210046798156290e+00 1.858452130877314534e+00
2.531502724514880232e-01 -9.885925281793730424e-01 -7.064205359014019692e-02 1.383210046798156290e+00 1.802796110962142206e+00
2.531502724514880232e-01 -9.885925281793730424e-01 -7.064205359014019692e-02 1.383210046798156290e+00 1.751880797325375161e+00
2.531502724514880232e-01 -9.885925281793730424e-01 -7.064205359014019692e-02 1.383210046798156290e+00 1.766657910231044015e+00
2.531502724514880232e-01 -9.885925281793730424e-01 -7.064205359014019692e-02 1.383210046798156290e+00 1.768831247578399379e+00
2.531502724514880232e-01 -9.885925281793730424e-01 -7.064205359014019692e-02 1.383210046798156290e+00 1.767733839678768959e+00
2.531502724514880232e-01 -9.885925281793730424e-01 -7.064205359014019692e-02 1.383210046798156290e+00 1.767308042325004713e+00
8.970453220711247511e-01 -6.066265281793730146e-01 -1.957021294983078974e-01 1.384526646399707683e+00 1.810313574055188113e+00
2.531502724514880232e-01 -9.885925281793730424e-01 -7.064205359014019692e-02 1.383210046798156290e+00 1.767733839678768959e+00
1.253150272451488023e+00 -9.885925281793730424e-01 -7.064205359014019692e-02 1.383210046798156290e+00 1.767733839678768959e+00
-1.364883727548511949e+00 -9.885925281793730424e-01 -7.064205359014019692e-02 1.383210046798156290e+00 1.767733839678768959e+00
2.531502724514880232e-01 -9.885925281793730424e-01 -7.064205359014019692e-02 1.383210046798156290e+00 1.767733839678768959e+00
-3.648837023925119993e-01 -9.885925281793730424e-01 -7.064205359014019692e-02 1.383210046798156290e+00 1.767733839678768959e+00
6.351162724514880509e-01 -9.885925281793730424e-01 -7.064205359014019692e-02 1.383210046798156290e+00 1.767733839678768959e+00
3.000503073556756162e-01 -9.885925281793730424e-01 -7.064205359014019692e-02 1.383210046798156290e+00 1.767733839678768959e+00
4.013198422072705718e-01 -9.885925281793730424e-01 -7.064205359014019692e-02 1.383210046798156290e+00 1.767733839678768959e+00
3.387318265047999377e-01 -9.885925281793730424e-01 -7.064205359014019692e-02 1.383210046798156290e+00 1.767733839678768959e+00
2.821360886234627330e-01 -9.885925281793730424e-01 -7.064205359014019692e-02 1.383210046798156290e+00 1.767733839678768959e+00
2.918056285665328597e-01 -9.885925281793730424e-01 -7.064205359014019692e-02 1.383210046798156290e+00 1.767733839678768959e+00
3.148253324989900293e-01 -9.885925281793730424e-01 -7.064205359014019692e-02 1.383210046798156290e+00 1.767733839678768959e+00
3.056938646095668788e-01 -9.885925281793730424e-01 -7.064205359014019692e-02 1.383210046798156290e+00 1.767733839678768959e+00
2.969011203773019303e-01 -9.885925281793730424e-01 -7.064205359014019692e-02 1.383210046798156290e+00 1.767733839678768959e+00
3.022059543457154551e-01 -9.885925281793730424e-01 -7.064205359014019692e-02 1.383210046798156290e+00 1.767733839678768959e+00
2.988474250022941647e-01 -9.885925281793730424e-01 -7.064205359014019692e-02 1.383210046798156290e+00 1.767733839678768959e+00
3.008736912138731956e-01 -9.885925281793730424e-01 -7.064205359014019692e-02 1.383210046798156290e+00 1.767733839678768959e+00
2.995813069966337672e-01 -9.885925281793730424e-01 -7.064205359014019692e-02 1.383210046798156290e+00 1.767733839678768959e+00
3.000503073556756162e-01 -9.885925281793730424e-01 -7.064205359014019692e-02 1.383210046798156290e+00 1.767733839678768959e+00
3.000503073556756162e-01 1.140747182062695764e-02 -7.064205359014019692e-02 1.383210046798156290e+00 1.767733839678768959e+00
3.000503073556756162e-01 -2.606626528179373015e+00 -7.064205359014019692e-02 1.383210046798156290e+00 1.767733839678768959e+00
3.000503073556756162e-01 -9.885925281793730424e-01 -7.064205359014019692e-02 1.383210046798156290e+00 1.767733839678768959e+00
3.000503073556756162e-01 -1.606626503023373065e+00 -7.064205359014019692e-02 1.383210046798156290e+00 1.767733839678768959e+00
3.000503073556756162e-01 -6.066265281793730146e-01 -7.064205359014019692e-02 1.383210046798156290e+00 1.767733839678768959e+00
3.000503073556756162e-01 -1.049002078867557364e+00 -7.064205359014019692e-02 1.383210046798156290e+00 1.767733839678768959e+00
3.000503073556756162e-01 -9.035525146802072527e-01 -7.064205359014019692e-02 1.383210046798156290e+00 1.767733839678768959e+00
3.000503073556756162e-01 -9.561101343831507338e-01 -7.064205359014019692e-02 1.383210046798156290e+00 1.767733839678768959e+00
3.000503073556756162e-01 -1.011666922617536102e+00 -7.064205359014019692e-02 1.383210046798156290e+00 1.767733839678768959e+00
3.000503073556756162e-01 -1.025927682909731686e+00 -7.064205359014019692e-02 1.383210046798156290e+00 1.767733839678768959e+00
3.000503073556756162e-01 -1.013008914129740701e+00 -7.064205359014019692e-02 1.383210046798156290e+00 1.767733839678768959e+00
3.000503073556756162e-01 -1.002853288471568627e+00 -7.064205359014019692e-02 1.383210046798156290e+00 1.767733839678768959e+00
3.000503073556756162e-01 -1.008300414037337500e+00 -7.064205359014019692e-02 1.383210046798156290e+00 1.767733839678768959e+00
3.000503073556756162e-01 -1.010381030801192015e+00 -7.064205359014019692e-02 1.383210046798156290e+00 1.767733839678768959e+00
3.000503073556756162e-01 -1.009586305938369399e+00 -7.064205359014019692e-02 1.383210046798156290e+00 1.767733839678768959e+00
3.000503073556756162e-01 -1.010598915837410017e+00 -7.064205359014019692e-02 1.383210046798156290e+00 1.767733839678768959e+00
3.000503073556756162e-01 -1.010109715705870936e+00 -7.064205359014019692e-02 1.383210046798156290e+00 1.767733839678768959e+00
3.000503073556756162e-01 -1.010381030801192015e+00 -7.064205359014019692e-02 1.383210046798156290e+00 1.767733839678768959e+00
3.000503073556756162e-01 -1.010381030801192015e+00 9.293579464098598031e-01 1.383210046798156290e+00 1.767733839678768959e+00
3.000503073556756162e-01 -1.010381030801192015e+00 -1.688676053590140169e+00 1.383210046798156290e+00 1.767733839678768959e+00
3.000503073556756162e-01 -1.010381030801192015e+00 -7.064205359014019692e-02 1.383210046798156290e+00 1.767733839678768959e+00
3.000503073556756162e-01 -1.010381030801192015e+00 -6.886760284341402194e-01 1.383210046798156290e+00 1.767733839678768959e+00
3.000503073556756162e-01 -1.010381030801192015e+00 3.113239464098598308e-01 1.383210046798156290e+00 1.767733839678768959e+00
3.000503073556756162e-01 -1.010381030801192015e+00 -1.228290041406105287e-01 1.383210046798156290e+00 1.767733839678768959e+00
3.000503073556756162e-01 -1.010381030801192015e+00 6.875325068678542206e-02 1.383210046798156290e+00 1.767733839678768959e+00
3.000503073556756162e-01 -1.010381030801192015e+00 -1.739778679670002381e-02 1.383210046798156290e+00 1.767733839678768959e+00
3.000503073556756162e-01 -1.010381030801192015e+00 -5.030455398011703105e-02 1.383210046798156290e+00 1.767733839678768959e+00
3.000503073556756162e-01 -1.010381030801192015e+00 -9.057569434410114861e-02 1.383210046798156290e+00 1.767733839678768959e+00
3.000503073556756162e-01 -1.010381030801192015e+00 -7.139960051299709676e-02 1.383210046798156290e+00 1.767733839678768959e+00
3.000503073556756162e-01 -1.010381030801192015e+00 -6.287382021409808341e-02 1.383210046798156290e+00 1.767733839678768959e+00
3.000503073556756162e-01 -1.010381030801192015e+00 -6.767485256042689301e-02 1.383210046798156290e+00 1.767733839678768959e+00
3.000503073556756162e-01 -1.010381030801192015e+00 -6.950868368162473054e-02 1.383210046798156290e+00 1.767733839678768959e+00
3.000503073556756162e-01 -1.010381030801192015e+00 -7.020914481966417098e-02 1.383210046798156290e+00 1.767733839678768959e+00
3.000503073556756162e-01 -1.010381030801192015e+00 -7.093141075807615770e-02 1.383210046798156290e+00 1.767733839678768959e+00
3.000503073556756162e-01 -1.010381030801192015e+00 -7.047669715871655860e-02 1.383210046798156290e+00 1.767733839678768959e+00
3.000503073556756162e-01 -1.010381030801192015e+00 -7.075257819014801886e-02 1.383210046798156290e+00 1.767733839678768959e+00
3.000503073556756162e-01 -1.010381030801192015e+00 -7.057889305545503311e-02 1.383210046798156290e+00 1.767733839678768959e+00
3.000503073556756162e-01 -1.010381030801192015e+00 -7.068427022950678207e-02 1.383210046798156290e+00 1.767733839678768959e+00
3.000503073556756162e-01 -1.010381030801192015e+00 -7.061792841334864346e-02 1.383210046798156290e+00 1.767733839678768959e+00
3.000503073556756162e-01 -1.010381030801192015e+00 -7.065817891101248971e-02 1.383210046798156290e+00 1.767733839678768959e+00
3.000503073556756162e-01 -1.010381030801192015e+00 -7.063283859286183242e-02 1.383210046798156290e+00 1.767733839678768959e+00
3.000503073556756162e-01 -1.010381030801192015e+00 -7.064821291445250173e-02 1.383210046798156290e+00 1.767733839678768959e+00
3.000503073556756162e-01 -1.010381030801192015e+00 -7.063853377448976734e-02 1.383210046798156290e+00 1.767733839678768959e+00
3.000503073556756162e-01 -1.010381030801192015e+00 -7.064440624261046631e-02 1.383210046798156290e+00 1.767733839678768959e+00
3.000503073556756162e-01 -1.010381030801192015e+00 -7.064070914023547199e-02 1.383210046798156290e+00 1.767733839678768959e+00
3.000503073556756162e-01 -1.010381030801192015e+00 -7.064295222339365965e-02 1.383210046798156290e+00 1.767733839678768959e+00
3.000503073556756162e-01 -1.010381030801192015e+00 -7.064154005598788366e-02 1.383210046798156290e+00 1.767733839678768959e+00
3.000503073556756162e-01 -1.010381030801192015e+00 -7.064239683748949061e-02 1.383210046798156290e+00 1.767733839678768959e+00
3.000503073556756162e-01 -1.010381030801192015e+00 -7.064185743755417579e-02 1.383210046798156290e+00 1.767733839678768959e+00
3.000503073556756162e-01 -1.010381030801192015e+00 -7.064218469895722219e-02 1.383210046798156290e+00 1.767733839678768959e+00
3.000503073556756162e-01 -1.010381030801192015e+00 -7.064197866652152658e-02 1.383210046798156290e+00 1.767733839678768959e+00
3.000503073556756162e-01 -1.010381030801192015e+00 -7.064210366925059714e-02 1.383210046798156290e+00 1.767733839678768959e+00
3.000503073556756162e-01 -1.010381030801192015e+00 -7.064202497186526652e-02 1.383210046798156290e+00 1.767733839678768959e+00
3.000503073556756162e-01 -1.010381030801192015e+00 -7.064207271865767523e-02 1.383210046798156290e+00 1.767733839678768959e+00
3.000503073556756162e-01 -1.010381030801192015e+00 -7.064204265893218870e-02 1.383210046798156290e+00 1.767733839678768959e+00
3.000503073556756162e-01 -1.010381030801192015e+00 -7.064206089658350840e-02 1.383210046798156290e+00 1.767733839678768959e+00
3.000503073556756162e-01 -1.010381030801192015e+00 -7.064204941479039490e-02 1.383210046798156290e+00 1.767733839678768959e+00
3.000503073556756162e-01 -1.010381030801192015e+00 -7.064205638095312489e-02 1.383210046798156290e+00 1.767733839678768959e+00
3.000503073556756162e-01 -1.010381030801192015e+00 -7.064205199529853541e-02 1.383210046798156290e+00 1.767733839678768959e+00
3.000503073556756162e-01 -1.010381030801192015e+00 -7.064205465613584978e-02 1.383210046798156290e+00 1.767733839678768959e+00
3.000503073556756162e-01 -1.010381030801192015e+00 -7.064205298096490337e-02 1.383210046798156290e+00 1.767733839678768959e+00
3.000503073556756162e-01 -1.010381030801192015e+00 -7.064205399731429691e-02 1.383210046798156290e+00 1.767733839678768959e+00
3.000503073556756162e-01 -1.010381030801192015e+00 -7.064205335745595005e-02 1.383210046798156290e+00 1.767733839678768959e+00
3.000503073556756162e-01 -1.010381030801192015e+00 -7.064205374566685791e-02 1.383210046798156290e+00 1.767733839678768959e+00
3.000503073556756162e-01 -1.010381030801192015e+00 -7.064205350126272209e-02 1.383210046798156290e+00 1.767733839678768959e+00
3.000503073556756162e-01 -1.010381030801192015e+00 -7.064205364954609379e-02 1.383210046798156290e+00 1.767733839678768959e+00
3.000503073556756162e-01 -1.010381030801192015e+00 -7.064205368626096104e-02 1.383210046798156290e+00 1.767733839678768959e+00
3.000503073556756162e-01 -1.010381030801192015e+00 -7.064205362685506417e-02 1.383210046798156290e+00 1.767733839678768959e+00
3.000503073556756162e-01 -1.010381030801192015e+00 -7.064205366356991755e-02 1.383210046798156290e+00 1.767733839678768959e+00
3.000503073556756162e-01 -1.010381030801192015e+00 -7.064205363895204037e-02 1.383210046798156290e+00 1.767733839678768959e+00
3.000503073556756162e-01 -1.010381030801192015e+00 -7.064205364954609379e-02 1.383210046798156290e+00 1.767733839678768959e+00
3.000503073556756162e-01 -1.010381030801192015e+00 -7.064205364954609379e-02 2.383210046798156512e+00 1.767733839678768959e+00
3.000503073556756162e-01 -1.010381030801192015e+00 -7.064205364954609379e-02 -2.348239532018436826e-01 1.767733839678768959e+00
3.000503073556756162e-01 -1.010381030801192015e+00 -7.064205364954609379e-02 1.383210046798156290e+00 1.767733839678768959e+00
3.000503073556756162e-01 -1.010381030801192015e+00 -7.064205364954609379e-02 7.651760719541562672e-01 1.767733839678768959e+00
3.000503073556756162e-01 -1.010381030801192015e+00 -7.064205364954609379e-02 1.765176046798156317e+00 1.767733839678768959e+00
3.000503073556756162e-01 -1.010381030801192015e+00 -7.064205364954609379e-02 1.171643163601394866e+00 1.767733839678768959e+00
3.000503073556756162e-01 -1.010381030801192015e+00 -7.064205364954609379e-02 1.224460632741205313e+00 1.767733839678768959e+00
3.000503073556756162e-01 -1.010381030801192015e+00 -7.064205364954609379e-02 1.199178633722379539e+00 1.767733839678768959e+00
3.000503073556756162e-01 -1.010381030801192015e+00 -7.064205364954609379e-02 1.285097511430882689e+00 1.767733839678768959e+00
3.000503073556756162e-01 -1.010381030801192015e+00 -7.064205364954609379e-02 1.247621858746786661e+00 1.767733839678768959e+00
3.000503073556756162e-01 -1.010381030801192015e+00 -7.064205364954609379e-02 1.214803768703980547e+00 1.767733839678768959e+00
3.000503073556756162e-01 -1.010381030801192015e+00 -7.064205364954609379e-02 1.233307433593653357e+00 1.767733839678768959e+00
3.000503073556756162e-01 -1.010381030801192015e+00 -7.064205364954609379e-02 1.220772039012362864e+00 1.767733839678768959e+00
3.000503073556756162e-01 -1.010381030801192015e+00 -7.064205364954609379e-02 1.227839809875611587e+00 1.767733839678768959e+00
3.000503073556756162e-01 -1.010381030801192015e+00 -7.064205364954609379e-02 1.222873138590635955e+00 1.767733839678768959e+00
3.000503073556756162e-01 -1.010381030801192015e+00 -7.064205364954609379e-02 1.226048126891774892e+00 1.767733839678768959e+00
3.000503073556756162e-01 -1.010381030801192015e+00 -7.064205364954609379e-02 1.224460632741205313e+00 1.767733839678768959e+00
3.000503073556756162e-01 -1.010381030801192015e+00 -7.064205364954609379e-02 1.224460632741205313e+00 2.767733839678768959e+00
3.000503073556756162e-01 -1.010381030801192015e+00 -7.064205364954609379e-02 1.224460632741205313e+00 1.496998396787689867e-01
3.000503073556756162e-01 -1.010381030801192015e+00 -7.064205364954609379e-02 1.224460632741205313e+00 1.767733839678768959e+00
3.000503073556756162e-01 -1.010381030801192015e+00 -7.064205364954609379e-02 1.224460632741205313e+00 1.149699864834768936e+00
3.000503073556756162e-01 -1.010381030801192015e+00 -7.064205364954609379e-02 1.224460632741205313e+00 2.149699839678769209e+00
3.000503073556756162e-01 -1.010381030801192015e+00 -7.064205364954609379e-02 1.224460632741205313e+00 1.753117448978003701e+00
3.000503073556756162e-01 -1.010381030801192015e+00 -7.064205364954609379e-02 1.224460632741205313e+00 1.901563115663703618e+00
3.000503073556756162e-01 -1.010381030801192015e+00 -7.064205364954609379e-02 1.224460632741205313e+00 1.818852072909630468e+00
3.000503073556756162e-01 -1.010381030801192015e+00 -7.064205364954609379e-02 1.224460632741205313e+00 1.793827009036522480e+00
3.000503073556756162e-01 -1.010381030801192015e+00 -7.064205364954609379e-02 1.224460632741205313e+00 1.850444879066232673e+00
3.000503073556756162e-01 -1.010381030801192015e+00 -7.064205364954609379e-02 1.224460632741205313e+00 1.833589849141946226e+00
3.000503073556756162e-01 -1.010381030801192015e+00 -7.064205364954609379e-02 1.224460632741205313e+00 1.834311942935735740e+00
3.000503073556756162e-01 -1.010381030801192015e+00 -7.064205364954609379e-02 1.224460632741205313e+00 1.827960519705593478e+00
3.000503073556756162e-01 -1.010381030801192015e+00 -7.064205364954609379e-02 1.224460632741205313e+00 1.831439636694460305e+00
3.000503073556756162e-01 -1.010381030801192015e+00 -7.064205364954609379e-02 1.224460632741205313e+00 1.832768541094229819e+00
