0.000000000000000000e+00 0.000000000000000000e+00 0.000000000000000000e+00 0.000000000000000000e+00 0.000000000000000000e+00
0.000000000000000000e+00 0.000000000000000000e+00 0.000000000000000000e+00 0.000000000000000000e+00 0.000000000000000000e+00
1.000000000000000000e+00 0.000000000000000000e+00 0.000000000000000000e+00 0.000000000000000000e+00 0.000000000000000000e+00
2.618033999999999750e+00 0.000000000000000000e+00 0.000000000000000000e+00 0.000000000000000000e+00 0.000000000000000000e+00
1.000000000000000000e+00 0.000000000000000000e+00 0.000000000000000000e+00 0.000000000000000000e+00 0.000000000000000000e+00
1.618033974843999800e+00 0.000000000000000000e+00 0.000000000000000000e+00 0.000000000000000000e+00 0.000000000000000000e+00
1.999999984452736523e+00 0.000000000000000000e+00 0.000000000000000000e+00 0.000000000000000000e+00 0.000000000000000000e+00
1.601853635085559890e+00 0.000000000000000000e+00 0.000000000000000000e+00 0.000000000000000000e+00 0.000000000000000000e+00
1.371966009506468964e+00 0.000000000000000000e+00 0.000000000000000000e+00 0.000000000000000000e+00 0.000000000000000000e+00
1.551251459762656326e+00 0.000000000000000000e+00 0.000000000000000000e+00 0.000000000000000000e+00 0.000000000000000000e+00
1.585835098724704295e+00 0.000000000000000000e+00 0.000000000000000000e+00 0.000000000000000000e+00 0.000000000000000000e+00
1.601853635085559890e+00 0.000000000000000000e+00 0.000000000000000000e+00 0.000000000000000000e+00 0.000000000000000000e+00
1.601853635085559890e+00 1.000000000000000000e+00 0.000000000000000000e+00 0.000000000000000000e+00 0.000000000000000000e+00
1.601853635085559890e+00 2.618033999999999750e+00 0.000000000000000000e+00 0.000000000000000000e+00 0.000000000000000000e+00
1.601853635085559890e+00 1.000000000000000000e+00 0.000000000000000000e+00 0.000000000000000000e+00 0.000000000000000000e+00
1.601853635085559890e+00 1.618033974843999800e+00 0.000000000000000000e+00 0.000000000000000000e+00 0.000000000000000000e+00
1.601853635085559890e+00 6.180339999999999723e-01 0.000000000000000000e+00 0.000000000000000000e+00 0.000000000000000000e+00
1.601853635085559890e+00 7.946872496474929326e-01 0.000000000000000000e+00 0.000000000000000000e+00 0.000000000000000000e+00
1.601853635085559890e+00 8.026341221539678994e-01 0.000000000000000000e+00 0.000000000000000000e+00 0.000000000000000000e+00
1.601853635085559890e+00 7.239258902048452127e-01 0.000000000000000000e+00 0.000000000000000000e+00 0.000000000000000000e+00
1.601853635085559890e+00 7.676588162266225757e-01 0.000000000000000000e+00 0.000000000000000000e+00 0.000000000000000000e+00
1.601853635085559890e+00 7.857867812827780130e-01 0.000000000000000000e+00 0.000000000000000000e+00 0.000000000000000000e+00
1.601853635085559890e+00 7.946872496474929326e-01 0.000000000000000000e+00 0.000000000000000000e+00 0.000000000000000000e+00
1.601853635085559890e+00 7.946872496474929326e-01 1.000000000000000000e+00 0.000000000000000000e+00 0.000000000000000000e+00
1.601853635085559890e+00 7.946872496474929326e-01 -1.618033999999999972e+00 0.000000000000000000e+00 0.000000000000000000e+00
1.601853635085559890e+00 7.946872496474929326e-01 0.000000000000000000e+00 0.000000000000000000e+00 0.000000000000000000e+00
1.601853635085559890e+00 7.946872496474929326e-01 -6.180339748440000225e-01 0.000000000000000000e+00 0.000000000000000000e+00
1.601853635085559890e+00 7.946872496474929326e-01 -9.999999844527367454e-01 0.000000000000000000e+00 0.000000000000000000e+00
1.601853635085559890e+00 7.946872496474929326e-01 -3.329127884539229698e-01 0.000000000000000000e+00 0.000000000000000000e+00
1.601853635085559890e+00 7.946872496474929326e-01 -7.639320036702107464e-01 0.000000000000000000e+00 0.000000000000000000e+00
1.601853635085559890e+00 7.946872496474929326e-01 -5.091273757633278940e-01 0.000000000000000000e+00 0.000000000000000000e+00
1.601853635085559890e+00 7.946872496474929326e-01 -6.737620613226323885e-01 0.000000000000000000e+00 0.000000000000000000e+00
1.601853635085559890e+00 7.946872496474929326e-01 -5.764353568195520472e-01 0.000000000000000000e+00 0.000000000000000000e+00
1.601853635085559890e+00 7.946872496474929326e-01 -6.393202091238973095e-01 0.000000000000000000e+00 0.000000000000000000e+00
1.601853635085559890e+00 7.946872496474929326e-01 -6.021447171116737218e-01 0.000000000000000000e+00 0.000000000000000000e+00
1.601853635085559890e+00 7.946872496474929326e-01 -6.242143146024400346e-01 0.000000000000000000e+00 0.000000000000000000e+00
1.601853635085559890e+00 7.946872496474929326e-01 -6.118536350855600103e-01 0.000000000000000000e+00 0.000000000000000000e+00
1.601853635085559890e+00 7.946872496474929326e-01 -6.118536350855600103e-01 0.000000000000000000e+00 0.000000000000000000e+00
1.601853635085559890e+00 7.946872496474929326e-01 -6.118536350855600103e-01 1.000000000000000000e+00 0.000000000000000000e+00
1.601853635085559890e+00 7.946872496474929326e-01 -6.118536350855600103e-01 -1.618033999999999972e+00 0.000000000000000000e+00
1.601853635085559890e+00 7.946872496474929326e-01 -6.118536350855600103e-01 0.000000000000000000e+00 0.000000000000000000e+00
1.601853635085559890e+00 7.946872496474929326e-01 -6.118536350855600103e-01 -6.180339748440000225e-01 0.000000000000000000e+00
1.601853635085559890e+00 7.946872496474929326e-01 -6.118536350855600103e-01 3.819660000000000277e-01 0.000000000000000000e+00
1.601853635085559890e+00 7.946872496474929326e-01 -6.118536350855600103e-01 -5.638083756650479755e-02 0.000000000000000000e+00
1.601853635085559890e+00 7.946872496474929326e-01 -6.118536350855600103e-01 7.467435544934711289e-02 0.000000000000000000e+00
1.601853635085559890e+00 7.946872496474929326e-01 -6.118536350855600103e-01 -1.596176000629708630e-02 0.000000000000000000e+00
1.601853635085559890e+00 7.946872496474929326e-01 -6.118536350855600103e-01 2.852306485356531987e-02 0.000000000000000000e+00
1.601853635085559890e+00 7.946872496474929326e-01 -6.118536350855600103e-01 1.089484098985693192e-02 0.000000000000000000e+00
1.601853635085559890e+00 7.946872496474929326e-01 -6.118536350855600103e-01 1.762822314618216896e-02 0.000000000000000000e+00
1.601853635085559890e+00 7.946872496474929326e-01 -6.118536350855600103e-01 1.054512318675896940e-02 0.000000000000000000e+00
1.601853635085559890e+00 7.946872496474929326e-01 -6.118536350855600103e-01 6.517244663605393021e-03 0.000000000000000000e+00
1.601853635085559890e+00 7.946872496474929326e-01 -6.118536350855600103e-01 8.718117865881143749e-03 0.000000000000000000e+00
1.601853635085559890e+00 7.946872496474929326e-01 -6.118536350855600103e-01 9.625434773397691796e-03 0.000000000000000000e+00
1.601853635085559890e+00 7.946872496474929326e-01 -6.118536350855600103e-01 8.630936677222332543e-03 0.000000000000000000e+00
1.601853635085559890e+00 7.946872496474929326e-01 -6.118536350855600103e-01 9.064682075777609135e-03 0.000000000000000000e+00
1.601853635085559890e+00 7.946872496474929326e-01 -6.118536350855600103e-01 8.850493610878456402e-03 0.000000000000000000e+00
1.601853635085559890e+00 7.946872496474929326e-01 -6.118536350855600103e-01 8.718117865881143749e-03 0.000000000000000000e+00
1.601853635085559890e+00 7.946872496474929326e-01 -6.118536350855600103e-01 8.718117865881143749e-03 1.000000000000000000e+00
1.601853635085559890e+00 7.946872496474929326e-01 -6.118536350855600103e-01 8.718117865881143749e-03 -1.618033999999999972e+00
1.601853635085559890e+00 7.946872496474929326e-01 -6.118536350855600103e-01 8.718117865881143749e-03 0.000000000000000000e+00
1.601853635085559890e+00 7.946872496474929326e-01 -6.118536350855600103e-01 8.718117865881143749e-03 -6.180339748440000225e-01
1.601853635085559890e+00 7.946872496474929326e-01 -6.118536350855600103e-01 8.718117865881143749e-03 3.819660000000000277e-01
1.601853635085559890e+00 7.946872496474929326e-01 -6.118536350855600103e-01 8.718117865881143749e-03 -7.755603362830054692e-02
1.601853635085559890e+00 7.946872496474929326e-01 -6.118536350855600103e-01 8.718117865881143749e-03 -3.147272175364464880e-02
1.601853635085559890e+00 7.946872496474929326e-01 -6.118536350855600103e-01 8.718117865881143749e-03 1.458980251560000330e-01
1.601853635085559890e+00 7.946872496474929326e-01 -6.118536350855600103e-01 8.718117865881143749e-03 5.572808507673671086e-02
1.601853635085559890e+00 7.946872496474929326e-01 -6.118536350855600103e-01 8.718117865881143749e-03 2.128623374442081481e-02
1.601853635085559890e+00 7.946872496474929326e-01 -6.118536350855600103e-01 8.718117865881143749e-03 -4.137187902259644237e-03
1.601853635085559890e+00 7.946872496474929326e-01 -6.118536350855600103e-01 8.718117865881143749e-03 -3.058109980474739420e-03
1.601853635085559890e+00 7.946872496474929326e-01 -6.118536350855600103e-01 8.718117865881143749e-03 -1.457843242533777076e-02
1.601853635085559890e+00 7.946872496474929326e-01 -6.118536350855600103e-01 8.718117865881143749e-03 -2.103147654291383575e-02
1.601853635085559890e+00 7.946872496474929326e-01 -6.118536350855600103e-01 8.718117865881143749e-03 -1.594874101995618493e-02
1.601853635085559890e+00 7.946872496474929326e-01 -6.118536350855600103e-01 8.718117865881143749e-03 -1.443264809108439281e-02
1.601853635085559890e+00 7.946872496474929326e-01 -6.118536350855600103e-01 8.718117865881143749e-03 -1.510184371798978763e-02
1.601853635085559890e+00 7.946872496474929326e-01 -6.118536350855600103e-01 8.718117865881143749e-03 -1.477835774314689189e-02
1.601853635085559890e+00 7.946872496474929326e-01 -6.118536350855600103e-01 8.718117865881143749e-03 -1.492614133057836023e-02
3.203707270171119781e+00 1.589374499294985865e+00 -1.223707270171120021e+00 1.743623573176228750e-02 -2.955671548629378378e-02
1.601853635085559890e+00 7.946872496474929326e-01 -6.118536350855600103e-01 8.718117865881143749e-03 -1.477835774314689189e-02
2.601853635085559890e+00 7.946872496474929326e-01 -6.118536350855600103e-01 8.718117865881143749e-03 -1.477835774314689189e-02
-1.618036491444008185e-02 7.946872496474929326e-01 -6.118536350855600103e-01 8.718117865881143749e-03 -1.477835774314689189e-02
1.601853635085559890e+00 7.946872496474929326e-01 -6.118536350855600103e-01 8.718117865881143749e-03 -1.477835774314689189e-02
9.838196602415598679e-01 7.946872496474929326e-01 -6.118536350855600103e-01 8.718117865881143749e-03 -1.477835774314689189e-02
1.983819635085559918e+00 7.946872496474929326e-01 -6.118536350855600103e-01 8.718117865881143749e-03 -1.477835774314689189e-02
1.521709284466912671e+00 7.946872496474929326e-01 -6.118536350855600103e-01 8.718117865881143749e-03 -1.477835774314689189e-02
1.316253736260051710e+00 7.946872496474929326e-01 -6.118536350855600103e-01 8.718117865881143749e-03 -1.477835774314689189e-02
1.482923453270046155e+00 7.946872496474929326e-01 -6.118536350855600103e-01 8.718117865881143749e-03 -1.477835774314689189e-02
1.523392548906162602e+00 7.946872496474929326e-01 -6.118536350855600103e-01 8.718117865881143749e-03 -1.477835774314689189e-02
1.553362016149762326e+00 7.946872496474929326e-01 -6.118536350855600103e-01 8.718117865881143749e-03 -1.477835774314689189e-02
1.538487963986159501e+00 7.946872496474929326e-01 -6.118536350855600103e-01 8.718117865881143749e-03 -1.477835774314689189e-02
1.539121620707153415e+00 7.946872496474929326e-01 -6.118536350855600103e-01 8.718117865881143749e-03 -1.477835774314689189e-02
1.537854307265165366e+00 7.946872496474929326e-01 -6.118536350855600103e-01 8.718117865881143749e-03 -1.477835774314689189e-02
1.538487963986159501e+00 7.946872496474929326e-01 -6.118536350855600103e-01 8.718117865881143749e-03 -1.477835774314689189e-02
1.538487963986159501e+00 1.794687249647493044e+00 -6.118536350855600103e-01 8.718117865881143749e-03 -1.477835774314689189e-02
1.538487963986159501e+00 -8.233467503525070397e-01 -6.118536350855600103e-01 8.718117865881143749e-03 -1.477835774314689189e-02
1.538487963986159501e+00 7.946872496474929326e-01 -6.118536350855600103e-01 8.718117865881143749e-03 -1.477835774314689189e-02
1.538487963986159501e+00 1.766532748034929101e-01 -6.118536350855600103e-01 8.718117865881143749e-03 -1.477835774314689189e-02
1.538487963986159501e+00 1.176653249647492849e+00 -6.118536350855600103e-01 8.718117865881143749e-03 -1.477835774314689189e-02
1.538487963986159501e+00 7.702150689027125186e-01 -6.118536350855600103e-01 8.718117865881143749e-03 -1.477835774314689189e-02
1.538487963986159501e+00 7.355054856452739598e-01 -6.118536350855600103e-01 8.718117865881143749e-03 -1.477835774314689189e-02
1.538487963986159501e+00 7.812302930419238178e-01 -6.118536350855600103e-01 8.718117865881143749e-03 -1.477835774314689189e-02
1.538487963986159501e+00 7.569571882242017713e-01 -6.118536350855600103e-01 8.718117865881143749e-03 -1.477835774314689189e-02
1.538487963986159501e+00 7.651510092514643979e-01 -6.118536350855600103e-01 8.718117865881143749e-03 -1.477835774314689189e-02
1.538487963986159501e+00 7.744225100062704925e-01 -6.118536350855600103e-01 8.718117865881143749e-03 -1.477835774314689189e-02
1.538487963986159501e+00 7.682807702939639105e-01 -6.118536350855600103e-01 8.718117865881143749e-03 -1.477835774314689189e-02
1.538487963986159501e+00 7.715511690245967502e-01 -6.118536350855600103e-01 8.718117865881143749e-03 -1.477835774314689189e-02
1.538487963986159501e+00 7.694762326003231623e-01 -6.118536350855600103e-01 8.718117865881143749e-03 -1.477835774314689189e-02
1.538487963986159501e+00 7.690196066450123435e-01 -6.118536350855600103e-01 8.718117865881143749e-03 -1.477835774314689189e-02
1.538487963986159501e+00 7.697584429474015888e-01 -6.118536350855600103e-01 8.718117865881143749e-03 -1.477835774314689189e-02
1.538487963986159501e+00 7.694762326003231623e-01 -6.118536350855600103e-01 8.718117865881143749e-03 -1.477835774314689189e-02
1.538487963986159501e+00 7.694762326003231623e-01 3.881463649144399897e-01 8.718117865881143749e-03 -1.477835774314689189e-02
1.538487963986159501e+00 7.694762326003231623e-01 -2.229887635085559872e+00 8.718117865881143749e-03 -1.477835774314689189e-02
1.538487963986159501e+00 7.694762326003231623e-01 -6.118536350855600103e-01 8.718117865881143749e-03 -1.477835774314689189e-02
1.538487963986159501e+00 7.694762326003231623e-01 -1.229887609929559922e+00 8.718117865881143749e-03 -1.477835774314689189e-02
1.538487963986159501e+00 7.694762326003231623e-01 -2.298876350855599826e-01 8.718117865881143749e-03 -1.477835774314689189e-02
1.538487963986159501e+00 7.694762326003231623e-01 -8.108127973904621921e-01 8.718117865881143749e-03 -1.477835774314689189e-02
1.538487963986159501e+00 7.694762326003231623e-01 -4.659556099295599774e-01 8.718117865881143749e-03 -1.477835774314689189e-02
1.538487963986159501e+00 7.694762326003231623e-01 -3.860597239608384301e-01 8.718117865881143749e-03 -1.477835774314689189e-02
1.538487963986159501e+00 7.694762326003231623e-01 -4.074117496093543345e-01 8.718117865881143749e-03 -1.477835774314689189e-02
1.538487963986159501e+00 7.694762326003231623e-01 -3.264072958615038544e-01 8.718117865881143749e-03 -1.477835774314689189e-02
1.538487963986159501e+00 7.694762326003231623e-01 -3.632745246094479796e-01 8.718117865881143749e-03 -1.477835774314689189e-02
1.538487963986159501e+00 7.694762326003231623e-01 -3.773565525053852454e-01 8.718117865881143749e-03 -1.477835774314689189e-02
1.538487963986159501e+00 7.694762326003231623e-01 -3.942154717896995120e-01 8.718117865881143749e-03 -1.477835774314689189e-02
1.538487963986159501e+00 7.694762326003231623e-01 -3.827354083726848266e-01 8.718117865881143749e-03 -1.477835774314689189e-02
1.538487963986159501e+00 7.694762326003231623e-01 -3.891749423360372218e-01 8.718117865881143749e-03 -1.477835774314689189e-02
1.538487963986159501e+00 7.694762326003231623e-01 -3.860597239608384301e-01 8.718117865881143749e-03 -1.477835774314689189e-02
1.538487963986159501e+00 7.694762326003231623e-01 -3.860597239608384301e-01 1.008718117865881059e+00 -1.477835774314689189e-02
1.538487963986159501e+00 7.694762326003231623e-01 -3.860597239608384301e-01 -1.609315882134118914e+00 -1.477835774314689189e-02
1.538487963986159501e+00 7.694762326003231623e-01 -3.860597239608384301e-01 8.718117865881143749e-03 -1.477835774314689189e-02
1.538487963986159501e+00 7.694762326003231623e-01 -3.860597239608384301e-01 -6.093158569781188527e-01 -1.477835774314689189e-02
1.538487963986159501e+00 7.694762326003231623e-01 -3.860597239608384301e-01 3.906841178658811975e-01 -1.477835774314689189e-02
1.538487963986159501e+00 7.694762326003231623e-01 -3.860597239608384301e-01 -5.531322947370684306e-02 -1.477835774314689189e-02
1.538487963986159501e+00 7.694762326003231623e-01 -3.860597239608384301e-01 8.857053631049578712e-02 -1.477835774314689189e-02
1.538487963986159501e+00 7.694762326003231623e-01 -3.860597239608384301e-01 7.849431933263978714e-03 -1.477835774314689189e-02
1.538487963986159501e+00 7.694762326003231623e-01 -3.860597239608384301e-01 3.921902672949682117e-02 -1.477835774314689189e-02
1.538487963986159501e+00 7.694762326003231623e-01 -3.860597239608384301e-01 2.036842802088097149e-02 -1.477835774314689189e-02
1.538487963986159501e+00 7.694762326003231623e-01 -3.860597239608384301e-01 1.316814023454580818e-02 -1.477835774314689189e-02
1.538487963986159501e+00 7.694762326003231623e-01 -3.860597239608384301e-01 1.041787510995051055e-02 -1.477835774314689189e-02
1.538487963986159501e+00 7.694762326003231623e-01 -3.860597239608384301e-01 9.367367341369343958e-03 -1.477835774314689189e-02
1.538487963986159501e+00 7.694762326003231623e-01 -3.860597239608384301e-01 8.386309374943095446e-03 -1.477835774314689189e-02
1.538487963986159501e+00 7.694762326003231623e-01 -3.860597239608384301e-01 8.966109091035468978e-03 -1.477835774314689189e-02
1.538487963986159501e+00 7.694762326003231623e-01 -3.860597239608384301e-01 8.872980629729956478e-03 -1.477835774314689189e-02
1.538487963986159501e+00 7.694762326003231623e-01 -3.860597239608384301e-01 8.847187359503502768e-03 -1.477835774314689189e-02
1.538487963986159501e+00 7.694762326003231623e-01 -3.860597239608384301e-01 8.797887201302544841e-03 -1.477835774314689189e-02
1.538487963986159501e+00 7.694762326003231623e-01 -3.860597239608384301e-01 8.767418027328974933e-03 -1.477835774314689189e-02
1.538487963986159501e+00 7.694762326003231623e-01 -3.860597239608384301e-01 8.816718185529932861e-03 -1.477835774314689189e-02
1.538487963986159501e+00 7.694762326003231623e-01 -3.860597239608384301e-01 8.786249012796556665e-03 -1.477835774314689189e-02
1.538487963986159501e+00 7.694762326003231623e-01 -3.860597239608384301e-01 8.805079997023942950e-03 -1.477835774314689189e-02
1.538487963986159501e+00 7.694762326003231623e-01 -3.860597239608384301e-01 8.793441808991666123e-03 -1.477835774314689189e-02
1.538487963986159501e+00 7.694762326003231623e-01 -3.860597239608384301e-01 8.800634604713064232e-03 -1.477835774314689189e-02
1.538487963986159501e+00 7.694762326003231623e-01 -3.860597239608384301e-01 8.796189212583127581e-03 -1.477835774314689189e-02
1.538487963986159501e+00 7.694762326003231623e-01 -3.860597239608384301e-01 8.798936615993646973e-03 -1.477835774314689189e-02
1.538487963986159501e+00 7.694762326003231623e-01 -3.860597239608384301e-01 8.799744813494773249e-03 -1.477835774314689189e-02
1.538487963986159501e+00 7.694762326003231623e-01 -3.860597239608384301e-01 8.798936615993646973e-03 -1.477835774314689189e-02
1.538487963986159501e+00 7.694762326003231623e-01 -3.860597239608384301e-01 8.798936615993646973e-03 9.852216422568531584e-01
1.538487963986159501e+00 7.694762326003231623e-01 -3.860597239608384301e-01 8.798936615993646973e-03 -1.632812357743146814e+00
1.538487963986159501e+00 7.694762326003231623e-01 -3.860597239608384301e-01 8.798936615993646973e-03 -1.477835774314689189e-02
1.538487963986159501e+00 7.694762326003231623e-01 -3.860597239608384301e-01 8.798936615993646973e-03 -6.328123325871468641e-01
1.538487963986159501e+00 7.694762326003231623e-01 -3.860597239608384301e-01 8.798936615993646973e-03 3.671876422568531306e-01
1.538487963986159501e+00 7.694762326003231623e-01 -3.860597239608384301e-01 8.798936615993646973e-03 -1.287980062270380199e-02
1.538487963986159501e+00 7.694762326003231623e-01 -3.860597239608384301e-01 8.798936615993646973e-03 1.385957953790633579e-01
1.538487963986159501e+00 7.694762326003231623e-01 -3.860597239608384301e-01 8.798936615993646973e-03 4.497872687970719957e-02
1.538487963986159501e+00 7.694762326003231623e-01 -3.860597239608384301e-01 8.798936615993646973e-03 1.277588600542096768e-02
1.538487963986159501e+00 7.694762326003231623e-01 -3.860597239608384301e-01 8.798936615993646973e-03 -1.845836209844973000e-03
1.538487963986159501e+00 7.694762326003231623e-01 -3.860597239608384301e-01 8.798936615993646973e-03 -8.665201371781765943e-03
1.538487963986159501e+00 7.694762326003231623e-01 -3.860597239608384301e-01 8.798936615993646973e-03 -1.164319595973200422e-02
1.538487963986159501e+00 7.694762326003231623e-01 -3.860597239608384301e-01 8.798936615993646973e-03 -1.100010830959894867e-02
1.538487963986159501e+00 7.694762326003231623e-01 -3.860597239608384301e-01 8.798936615993646973e-03 -1.061610481004359591e-02
1.538487963986159501e+00 7.694762326003231623e-01 -3.860597239608384301e-01 8.798936615993646973e-03 -1.124574592696967260e-02
1.538487963986159501e+00 7.694762326003231623e-01 -3.860597239608384301e-01 8.798936615993646973e-03 -1.085343202888778939e-02
1.538487963986159501e+00 7.694762326003231623e-01 -3.860597239608384301e-01 8.798936615993646973e-03 -1.109393352775557562e-02
1.538487963986159501e+00 7.694762326003231623e-01 -3.860597239608384301e-01 8.798936615993646973e-03 -1.094408295736083031e-02
1.538487963986159501e+00 7.694762326003231623e-01 -3.860597239608384301e-01 8.798936615993646973e-03 -1.103789081393442839e-02
1.475122292886759112e+00 7.442652155531533920e-01 -1.602658128361168499e-01 8.879755366106150197e-03 -7.221858876051005446e-03
1.538487963986159501e+00 7.694762326003231623e-01 -3.860597239608384301e-01 8.798936615993646973e-03 -1.100010830959894867e-02
2.538487963986159279e+00 7.694762326003231623e-01 -3.860597239608384301e-01 8.798936615993646973e-03 -1.100010830959894867e-02
-7.954603601384047096e-02 7.694762326003231623e-01 -3.860597239608384301e-01 8.798936615993646973e-03 -1.100010830959894867e-02
1.538487963986159501e+00 7.694762326003231623e-01 -3.860597239608384301e-01 8.798936615993646973e-03 -1.100010830959894867e-02
9.204539891421594788e-01 7.694762326003231623e-01 -3.860597239608384301e-01 8.798936615993646973e-03 -1.100010830959894867e-02
1.920453963986159529e+00 7.694762326003231623e-01 -3.860597239608384301e-01 8.798936615993646973e-03 -1.100010830959894867e-02
1.546717913559622737e+00 7.694762326003231623e-01 -3.860597239608384301e-01 8.798936615993646973e-03 -1.100010830959894867e-02
1.650557650876457894e+00 7.694762326003231623e-01 -3.860597239608384301e-01 8.798936615993646973e-03 -1.100010830959894867e-02
1.586381162663585087e+00 7.694762326003231623e-01 -3.860597239608384301e-01 8.798936615993646973e-03 -1.100010830959894867e-02
1.555923989776609950e+00 7.694762326003231623e-01 -3.860597239608384301e-01 8.798936615993646973e-03 -1.100010830959894867e-02
1.545120415783503898e+00 7.694762326003231623e-01 -3.860597239608384301e-01 8.798936615993646973e-03 -1.100010830959894867e-02
1.546800213065357532e+00 7.694762326003231623e-01 -3.860597239608384301e-01 8.798936615993646973e-03 -1.100010830959894867e-02
1.546107723724069682e+00 7.694762326003231623e-01 -3.860597239608384301e-01 8.798936615993646973e-03 -1.100010830959894867e-02
1.546484841788895892e+00 7.694762326003231623e-01 -3.860597239608384301e-01 8.798936615993646973e-03 -1.100010830959894867e-02
1.546628888067645313e+00 7.694762326003231623e-01 -3.860597239608384301e-01 8.798936615993646973e-03 -1.100010830959894867e-02
1.546717913559622737e+00 7.694762326003231623e-01 -3.860597239608384301e-01 8.798936615993646973e-03 -1.100010830959894867e-02
1.546717913559622737e+00 1.769476232600323051e+00 -3.860597239608384301e-01 8.798936615993646973e-03 -1.100010830959894867e-02
1.546717913559622737e+00 -8.485577673996768100e-01 -3.860597239608384301e-01 8.798936615993646973e-03 -1.100010830959894867e-02
1.546717913559622737e+00 7.694762326003231623e-01 -3.860597239608384301e-01 8.798936615993646973e-03 -1.100010830959894867e-02
1.546717913559622737e+00 1.514422577563231398e-01 -3.860597239608384301e-01 8.798936615993646973e-03 -1.100010830959894867e-02
1.546717913559622737e+00 1.151442232600323301e+00 -3.860597239608384301e-01 8.798936615993646973e-03 -1.100010830959894867e-02
1.546717913559622737e+00 7.353142404684536171e-01 -3.860597239608384301e-01 8.798936615993646973e-03 -1.100010830959894867e-02
1.546717913559622737e+00 8.736730822333607094e-01 -3.860597239608384301e-01 8.798936615993646973e-03 -1.100010830959894867e-02
1.546717913559622737e+00 8.092758864672560115e-01 -3.860597239608384301e-01 8.798936615993646973e-03 -1.100010830959894867e-02
1.546717913559622737e+00 7.775360989764401598e-01 -3.860597239608384301e-01 8.798936615993646973e-03 -1.100010830959894867e-02
1.546717913559622737e+00 7.564275131136815045e-01 -3.860597239608384301e-01 8.798936615993646973e-03 -1.100010830959894867e-02
1.546717913559622737e+00 7.644920654128886106e-01 -3.860597239608384301e-01 8.798936615993646973e-03 -1.100010830959894867e-02
1.546717913559622737e+00 7.725548275205430526e-01 -3.860597239608384301e-01 8.798936615993646973e-03 -1.100010830959894867e-02
1.546717913559622737e+00 7.675724501964075186e-01 -3.860597239608384301e-01 8.798936615993646973e-03 -1.100010830959894867e-02
1.546717913559622737e+00 7.689712513588848886e-01 -3.860597239608384301e-01 8.798936615993646973e-03 -1.100010830959894867e-02
1.546717913559622737e+00 7.706521511876198716e-01 -3.860597239608384301e-01 8.798936615993646973e-03 -1.100010830959894867e-02
1.546717913559622737e+00 7.699253935194385612e-01 -3.860597239608384301e-01 8.798936615993646973e-03 -1.100010830959894867e-02
1.546717913559622737e+00 7.692833469354559695e-01 -3.860597239608384301e-01 8.798936615993646973e-03 -1.100010830959894867e-02
1.546717913559622737e+00 7.696477967999539871e-01 -3.860597239608384301e-01 8.798936615993646973e-03 -1.100010830959894867e-02
1.546717913559622737e+00 7.694025568344564636e-01 -3.860597239608384301e-01 8.798936615993646973e-03 -1.100010830959894867e-02
1.546717913559622737e+00 7.695417642913993106e-01 -3.860597239608384301e-01 8.798936615993646973e-03 -1.100010830959894867e-02
1.546717913559622737e+00 7.694480909627381404e-01 -3.860597239608384301e-01 8.798936615993646973e-03 -1.100010830959894867e-02
1.546717913559622737e+00 7.695012634782367744e-01 -3.860597239608384301e-01 8.798936615993646973e-03 -1.100010830959894867e-02
1.546717913559622737e+00 7.694654834515813890e-01 -3.860597239608384301e-01 8.798936615993646973e-03 -1.100010830959894867e-02
1.546717913559622737e+00 7.694857935446363095e-01 -3.860597239608384301e-01 8.798936615993646973e-03 -1.100010830959894867e-02
1.546717913559622737e+00 7.694721267909748752e-01 -3.860597239608384301e-01 8.798936615993646973e-03 -1.100010830959894867e-02
1.546717913559622737e+00 7.694798845559787104e-01 -3.860597239608384301e-01 8.798936615993646973e-03 -1.100010830959894867e-02
1.546717913559622737e+00 7.694746643207496239e-01 -3.860597239608384301e-01 8.798936615993646973e-03 -1.100010830959894867e-02
1.546717913559622737e+00 7.694776275232170226e-01 -3.860597239608384301e-01 8.798936615993646973e-03 -1.100010830959894867e-02
1.546717913559622737e+00 7.694756335708475836e-01 -3.860597239608384301e-01 8.798936615993646973e-03 -1.100010830959894867e-02
1.546717913559622737e+00 7.694767654134412327e-01 -3.860597239608384301e-01 8.798936615993646973e-03 -1.100010830959894867e-02
1.546717913559622737e+00 7.694760037914304407e-01 -3.860597239608384301e-01 8.798936615993646973e-03 -1.100010830959894867e-02
1.546717913559622737e+00 7.694764361168185962e-01 -3.860597239608384301e-01 8.798936615993646973e-03 -1.100010830959894867e-02
1.546717913559622737e+00 7.694761452031056992e-01 -3.860597239608384301e-01 8.798936615993646973e-03 -1.100010830959894867e-02
1.546717913559622737e+00 7.694763103367048274e-01 -3.860597239608384301e-01 8.798936615993646973e-03 -1.100010830959894867e-02
1.546717913559622737e+00 7.694763583804318241e-01 -3.860597239608384301e-01 8.798936615993646973e-03 -1.100010830959894867e-02
1.546717913559622737e+00 7.694762806440500480e-01 -3.860597239608384301e-01 8.798936615993646973e-03 -1.100010830959894867e-02
1.546717913559622737e+00 7.694763286877750463e-01 -3.860597239608384301e-01 8.798936615993646973e-03 -1.100010830959894867e-02
1.546717913559622737e+00 7.694762989951202670e-01 -3.860597239608384301e-01 8.798936615993646973e-03 -1.100010830959894867e-02
1.546717913559622737e+00 7.694763173461897088e-01 -3.860597239608384301e-01 8.798936615993646973e-03 -1.100010830959894867e-02
1.546717913559622737e+00 7.694763060046051484e-01 -3.860597239608384301e-01 8.798936615993646973e-03 -1.100010830959894867e-02
1.546717913559622737e+00 7.694763130140898078e-01 -3.860597239608384301e-01 8.798936615993646973e-03 -1.100010830959894867e-02
1.546717913559622737e+00 7.694763086819901288e-01 -3.860597239608384301e-01 8.798936615993646973e-03 -1.100010830959894867e-02
1.546717913559622737e+00 7.694763113593748871e-01 -3.860597239608384301e-01 8.798936615993646973e-03 -1.100010830959894867e-02
1.546717913559622737e+00 7.694763095493410976e-01 -3.860597239608384301e-01 8.798936615993646973e-03 -1.100010830959894867e-02
1.546717913559622737e+00 7.694763103367048274e-01 -3.860597239608384301e-01 8.798936615993646973e-03 -1.100010830959894867e-02
1.546717913559622737e+00 7.694763103367048274e-01 6.139402760391615699e-01 8.798936615993646973e-03 -1.100010830959894867e-02
1.546717913559622737e+00 7.694763103367048274e-01 -2.004093723960838513e+00 8.798936615993646973e-03 -1.100010830959894867e-02
1.546717913559622737e+00 7.694763103367048274e-01 -3.860597239608384301e-01 8.798936615993646973e-03 -1.100010830959894867e-02
1.546717913559622737e+00 7.694763103367048274e-01 -1.004093698804838564e+00 8.798936615993646973e-03 -1.100010830959894867e-02
1.546717913559622737e+00 7.694763103367048274e-01 -4.093723960838402398e-03 8.798936615993646973e-03 -1.100010830959894867e-02
1.546717913559622737e+00 7.694763103367048274e-01 -4.334607793706451995e-01 8.798936615993646973e-03 -1.100010830959894867e-02
1.546717913559622737e+00 7.694763103367048274e-01 -2.401616988048383972e-01 8.798936615993646973e-03 -1.100010830959894867e-02
1.546717913559622737e+00 7.694763103367048274e-01 -3.303316388841017193e-01 8.798936615993646973e-03 -1.100010830959894867e-02
1.546717913559622737e+00 7.694763103367048274e-01 -3.647734902164176396e-01 8.798936615993646973e-03 -1.100010830959894867e-02
1.546717913559622737e+00 7.694763103367048274e-01 -4.041653154915006985e-01 8.798936615993646973e-03 -1.100010830959894867e-02
1.546717913559622737e+00 7.694763103367048274e-01 -4.153551866475619914e-01 8.798936615993646973e-03 -1.100010830959894867e-02
1.546717913559622737e+00 7.694763103367048274e-01 -3.972495951168997230e-01 8.798936615993646973e-03 -1.100010830959894867e-02
1.546717913559622737e+00 7.694763103367048274e-01 -4.084394658174967940e-01 8.798936615993646973e-03 -1.100010830959894867e-02
1.546717913559622737e+00 7.694763103367048274e-01 -4.015237454428958741e-01 8.798936615993646973e-03 -1.100010830959894867e-02
1.546717913559622737e+00 7.694763103367048274e-01 -3.998911653394764398e-01 8.798936615993646973e-03 -1.100010830959894867e-02
1.546717913559622737e+00 7.694763103367048274e-01 -4.025327353880812642e-01 8.798936615993646973e-03 -1.100010830959894867e-02
1.546717913559622737e+00 7.694763103367048274e-01 -4.009001553511131744e-01 8.798936615993646973e-03 -1.100010830959894867e-02
1.546717913559622737e+00 7.694763103367048274e-01 -4.019091452962985644e-01 8.798936615993646973e-03 -1.100010830959894867e-02
1.546717913559622737e+00 7.694763103367048274e-01 -4.012855552298980055e-01 8.798936615993646973e-03 -1.100010830959894867e-02
1.546717913559622737e+00 7.694763103367048274e-01 -4.016783856677164088e-01 8.798936615993646973e-03 -1.100010830959894867e-02
1.546717913559622737e+00 7.694763103367048274e-01 -4.015237454428958741e-01 8.798936615993646973e-03 -1.100010830959894867e-02
1.546717913559622737e+00 7.694763103367048274e-01 -4.015237454428958741e-01 1.008798936615993735e+00 -1.100010830959894867e-02
1.546717913559622737e+00 7.694763103367048274e-01 -4.015237454428958741e-01 -1.609235063384006237e+00 -1.100010830959894867e-02
1.546717913559622737e+00 7.694763103367048274e-01 -4.015237454428958741e-01 8.798936615993646973e-03 -1.100010830959894867e-02
1.546717913559622737e+00 7.694763103367048274e-01 -4.015237454428958741e-01 -6.092350382280063981e-01 -1.100010830959894867e-02
1.546717913559622737e+00 7.694763103367048274e-01 -4.015237454428958741e-01 3.907649366159936521e-01 -1.100010830959894867e-02
1.546717913559622737e+00 7.694763103367048274e-01 -4.015237454428958741e-01 4.594375164002621748e-02 -1.100010830959894867e-02
1.546717913559622737e+00 7.694763103367048274e-01 -4.015237454428958741e-01 1.619275358787525543e-01 -1.100010830959894867e-02
1.546717913559622737e+00 7.694763103367048274e-01 -4.015237454428958741e-01 9.024561377055556610e-02 -1.100010830959894867e-02
1.546717913559622737e+00 7.694763103367048274e-01 -4.015237454428958741e-01 8.931700547270733648e-02 -1.100010830959894867e-02
1.546717913559622737e+00 7.694763103367048274e-01 -4.015237454428958741e-01 6.251085991348009907e-02 -1.100010830959894867e-02
1.546717913559622737e+00 7.694763103367048274e-01 -4.015237454428958741e-01 3.175569522455658905e-02 -1.100010830959894867e-02
1.546717913559622737e+00 7.694763103367048274e-01 -4.015237454428958741e-01 5.227182371880430278e-02 -1.100010830959894867e-02
1.546717913559622737e+00 7.694763103367048274e-01 -4.015237454428958741e-01 4.052439648323494237e-02 -1.100010830959894867e-02
1.546717913559622737e+00 7.694763103367048274e-01 -4.015237454428958741e-01 4.631519980026654187e-02 -1.100010830959894867e-02
1.546717913559622737e+00 7.694763103367048274e-01 -4.015237454428958741e-01 4.368883324012266811e-02 -1.100010830959894867e-02
1.546717913559622737e+00 7.694763103367048274e-01 -4.015237454428958741e-01 4.508244947848865508e-02 -1.100010830959894867e-02
1.546717913559622737e+00 7.694763103367048274e-01 -4.015237454428958741e-01 4.557230347978589308e-02 -1.100010830959894867e-02
1.546717913559622737e+00 7.694763103367048274e-01 -4.015237454428958741e-01 4.594375164002621748e-02 -1.100010830959894867e-02
1.546717913559622737e+00 7.694763103367048274e-01 -4.015237454428958741e-01 4.594375164002621748e-02 9.889998916904010340e-01
1.546717913559622737e+00 7.694763103367048274e-01 -4.015237454428958741e-01 4.594375164002621748e-02 -1.629034108309598938e+00
1.546717913559622737e+00 7.694763103367048274e-01 -4.015237454428958741e-01 4.594375164002621748e-02 -1.100010830959894867e-02
1.546717913559622737e+00 7.694763103367048274e-01 -4.015237454428958741e-01 4.594375164002621748e-02 -6.290340831535989885e-01
1.546717913559622737e+00 7.694763103367048274e-01 -4.015237454428958741e-01 4.594375164002621748e-02 3.709658916904010617e-01
1.546717913559622737e+00 7.694763103367048274e-01 -4.015237454428958741e-01 4.594375164002621748e-02 3.936198167269941428e-02
1.546717913559622737e+00 7.694763103367048274e-01 -4.015237454428958741e-01 4.594375164002621748e-02 -9.750764624446378592e-02
1.546717913559622737e+00 7.694763103367048274e-01 -4.015237454428958741e-01 4.594375164002621748e-02 -1.094764305399792241e-02
1.546717913559622737e+00 7.694763103367048274e-01 -4.015237454428958741e-01 4.594375164002621748e-02 1.415515035442432151e-02
1.546717913559622737e+00 7.694763103367048274e-01 -4.015237454428958741e-01 4.594375164002621748e-02 -1.359229466956511645e-03
1.546717913559622737e+00 7.694763103367048274e-01 -4.015237454428958741e-01 4.594375164002621748e-02 -6.148353358933332340e-03
1.546717913559622737e+00 7.694763103367048274e-01 -4.015237454428958741e-01 4.594375164002621748e-02 4.566736135897040208e-03
1.546717913559622737e+00 7.694763103367048274e-01 -4.015237454428958741e-01 4.594375164002621748e-02 8.229184361291032312e-03
1.546717913559622737e+00 7.694763103367048274e-01 -4.015237454428958741e-01 4.594375164002621748e-02 2.303218758437480460e-03
1.546717913559622737e+00 7.694763103367048274e-01 -4.015237454428958741e-01 4.594375164002621748e-02 2.586099833047859550e-03
1.546717913559622737e+00 7.694763103367048274e-01 -4.015237454428958741e-01 4.594375164002621748e-02 9.042880595766383811e-04
1.546717913559622737e+00 7.694763103367048274e-01 -4.015237454428958741e-01 4.594375164002621748e-02 1.768874795116399945e-03
1.546717913559622737e+00 7.694763103367048274e-01 -4.015237454428958741e-01 4.594375164002621748e-02 2.099117532143580239e-03
1.546717913559622737e+00 7.694763103367048274e-01 -4.015237454428958741e-01 4.594375164002621748e-02 2.436252039117844242e-03
1.554947863133085972e+00 7.694763880730864924e-01 -4.169877669249533181e-01 8.308856666405878277e-02 1.560654582647390959e-02
1.546717913559622737e+00 7.694763103367048274e-01 -4.015237454428958741e-01 4.594375164002621748e-02 2.303218758437480460e-03
2.546717913559622737e+00 7.694763103367048274e-01 -4.015237454428958741e-01 4.594375164002621748e-02 2.303218758437480460e-03
-7.131608644037723543e-02 7.694763103367048274e-01 -4.015237454428958741e-01 4.594375164002621748e-02 2.303218758437480460e-03
1.546717913559622737e+00 7.694763103367048274e-01 -4.015237454428958741e-01 4.594375164002621748e-02 2.303218758437480460e-03
9.286839387156227144e-01 7.694763103367048274e-01 -4.015237454428958741e-01 4.594375164002621748e-02 2.303218758437480460e-03
1.928683913559622765e+00 7.694763103367048274e-01 -4.015237454428958741e-01 4.594375164002621748e-02 2.303218758437480460e-03
1.575351107225056113e+00 7.694763103367048274e-01 -4.015237454428958741e-01 4.594375164002621748e-02 2.303218758437480460e-03
1.310649948324359437e+00 7.694763103367048274e-01 -4.015237454428958741e-01 4.594375164002621748e-02 2.303218758437480460e-03
1.454706173518225842e+00 7.694763103367048274e-01 -4.015237454428958741e-01 4.594375164002621748e-02 2.303218758437480460e-03
1.516345473342826988e+00 7.694763103367048274e-01 -4.015237454428958741e-01 4.594375164002621748e-02 2.303218758437480460e-03
1.540155658363878910e+00 7.694763103367048274e-01 -4.015237454428958741e-01 4.594375164002621748e-02 2.303218758437480460e-03
1.540526488889275347e+00 7.694763103367048274e-01 -4.015237454428958741e-01 4.594375164002621748e-02 2.303218758437480460e-03
1.543417798278912345e+00 7.694763103367048274e-01 -4.015237454428958741e-01 4.594375164002621748e-02 2.303218758437480460e-03
1.541630870771597328e+00 7.694763103367048274e-01 -4.015237454428958741e-01 4.594375164002621748e-02 2.303218758437480460e-03
1.541580000333717226e+00 7.694763103367048274e-01 -4.015237454428958741e-01 4.594375164002621748e-02 2.303218758437480460e-03
1.541681741209477652e+00 7.694763103367048274e-01 -4.015237454428958741e-01 4.594375164002621748e-02 2.303218758437480460e-03
1.541630870771597328e+00 7.694763103367048274e-01 -4.015237454428958741e-01 4.594375164002621748e-02 2.303218758437480460e-03
1.541630870771597328e+00 1.769476310336704827e+00 -4.015237454428958741e-01 4.594375164002621748e-02 2.303218758437480460e-03
1.541630870771597328e+00 -8.485576896632951449e-01 -4.015237454428958741e-01 4.594375164002621748e-02 2.303218758437480460e-03
1.541630870771597328e+00 7.694763103367048274e-01 -4.015237454428958741e-01 4.594375164002621748e-02 2.303218758437480460e-03
1.541630870771597328e+00 1.514423354927048049e-01 -4.015237454428958741e-01 4.594375164002621748e-02 2.303218758437480460e-03
1.541630870771597328e+00 1.151442310336704855e+00 -4.015237454428958741e-01 4.594375164002621748e-02 2.303218758437480460e-03
1.541630870771597328e+00 8.244345054346753354e-01 -4.015237454428958741e-01 4.594375164002621748e-02 2.303218758437480460e-03
1.541630870771597328e+00 9.153163860418424003e-01 -4.015237454428958741e-01 4.594375164002621748e-02 2.303218758437480460e-03
1.541630870771597328e+00 8.591482938426725502e-01 -4.015237454428958741e-01 4.594375164002621748e-02 2.303218758437480460e-03
1.541630870771597328e+00 8.034423434858839475e-01 -4.015237454428958741e-01 4.594375164002621748e-02 2.303218758437480460e-03
1.541630870771597328e+00 7.904684736680246404e-01 -4.015237454428958741e-01 4.594375164002621748e-02 2.303218758437480460e-03
1.541630870771597328e+00 8.040290321452394640e-01 -4.015237454428958741e-01 4.594375164002621748e-02 2.303218758437480460e-03
1.541630870771597328e+00 7.971120071191537537e-01 -4.015237454428958741e-01 4.594375164002621748e-02 2.303218758437480460e-03
1.541630870771597328e+00 7.945744032209597352e-01 -4.015237454428958741e-01 4.594375164002621748e-02 2.303218758437480460e-03
1.541630870771597328e+00 7.990978430049874293e-01 -4.015237454428958741e-01 4.594375164002621748e-02 2.303218758437480460e-03
1.541630870771597328e+00 7.995685608308258363e-01 -4.015237454428958741e-01 4.594375164002621748e-02 2.303218758437480460e-03
1.541630870771597328e+00 7.988016276683046479e-01 -4.015237454428958741e-01 4.594375164002621748e-02 2.303218758437480460e-03
1.541630870771597328e+00 7.990978430049874293e-01 -4.015237454428958741e-01 4.594375164002621748e-02 2.303218758437480460e-03
1.541630870771597328e+00 7.990978430049874293e-01 5.984762545571040704e-01 4.594375164002621748e-02 2.303218758437480460e-03
1.541630870771597328e+00 7.990978430049874293e-01 -2.019557745442895680e+00 4.594375164002621748e-02 2.303218758437480460e-03
1.541630870771597328e+00 7.990978430049874293e-01 -4.015237454428958741e-01 4.594375164002621748e-02 2.303218758437480460e-03
1.541630870771597328e+00 7.990978430049874293e-01 -1.019557720286895952e+00 4.594375164002621748e-02 2.303218758437480460e-03
1.541630870771597328e+00 7.990978430049874293e-01 -1.401523729895632675e+00 4.594375164002621748e-02 2.303218758437480460e-03
1.541630870771597328e+00 7.990978430049874293e-01 -7.738131075324528041e-01 4.594375164002621748e-02 2.303218758437480460e-03
1.541630870771597328e+00 7.990978430049874293e-01 -1.165455749113106565e+00 4.594375164002621748e-02 2.303218758437480460e-03
1.541630870771597328e+00 7.990978430049874293e-01 -9.256916335315321653e-01 4.594375164002621748e-02 2.303218758437480460e-03
1.541630870771597328e+00 7.990978430049874293e-01 -1.075285806765528207e+00 4.594375164002621748e-02 2.303218758437480460e-03
1.541630870771597328e+00 7.990978430049874293e-01 -9.837040665932965666e-01 4.594375164002621748e-02 2.303218758437480460e-03
1.541630870771597328e+00 7.990978430049874293e-01 -1.030789760768565211e+00 4.594375164002621748e-02 2.303218758437480460e-03
1.541630870771597328e+00 7.990978430049874293e-01 -1.013377380528455829e+00 4.594375164002621748e-02 2.303218758437480460e-03
1.541630870771597328e+00 7.990978430049874293e-01 -1.002043183497898893e+00 4.594375164002621748e-02 2.303218758437480460e-03
1.541630870771597328e+00 7.990978430049874293e-01 -1.013377380528455829e+00 4.594375164002621748e-02 2.303218758437480460e-03
1.541630870771597328e+00 7.990978430049874293e-01 -1.013377380528455829e+00 1.045943751640026287e+00 2.303218758437480460e-03
1.541630870771597328e+00 7.990978430049874293e-01 -1.013377380528455829e+00 -1.572090248359973685e+00 2.303218758437480460e-03
1.541630870771597328e+00 7.990978430049874293e-01 -1.013377380528455829e+00 4.594375164002621748e-02 2.303218758437480460e-03
1.541630870771597328e+00 7.990978430049874293e-01 -1.013377380528455829e+00 -5.720902232039738466e-01 2.303218758437480460e-03
1.541630870771597328e+00 7.990978430049874293e-01 -1.013377380528455829e+00 4.279097516400262591e-01 2.303218758437480460e-03
1.541630870771597328e+00 7.990978430049874293e-01 -1.013377380528455829e+00 -3.195278280239878532e-02 2.303218758437480460e-03
1.541630870771597328e+00 7.990978430049874293e-01 -1.013377380528455829e+00 1.826199895267530127e-01 2.303218758437480460e-03
1.541630870771597328e+00 7.990978430049874293e-01 -1.013377380528455829e+00 6.838263663087376654e-02 2.303218758437480460e-03
1.541630870771597328e+00 7.990978430049874293e-01 -1.013377380528455829e+00 2.785273276946986093e-02 2.303218758437480460e-03
1.541630870771597328e+00 7.990978430049874293e-01 -1.013377380528455829e+00 5.145087731289599287e-02 2.303218758437480460e-03
1.541630870771597328e+00 7.990978430049874293e-01 -1.013377380528455829e+00 3.903359752611528649e-02 2.303218758437480460e-03
1.541630870771597328e+00 7.990978430049874293e-01 -1.013377380528455829e+00 4.330430771375211318e-02 2.303218758437480460e-03
1.541630870771597328e+00 7.990978430049874293e-01 -1.013377380528455829e+00 4.167304162622122859e-02 2.303218758437480460e-03
1.541630870771597328e+00 7.990978430049874293e-01 -1.013377380528455829e+00 4.333070216301485728e-02 2.303218758437480460e-03
1.541630870771597328e+00 7.990978430049874293e-01 -1.013377380528455829e+00 4.250094521354193244e-02 2.303218758437480460e-03
1.541630870771597328e+00 7.990978430049874293e-01 -1.013377380528455829e+00 4.299745055299683538e-02 2.303218758437480460e-03
1.541630870771597328e+00 7.990978430049874293e-01 -1.013377380528455829e+00 4.318709871148706386e-02 2.303218758437480460e-03
1.541630870771597328e+00 7.990978430049874293e-01 -1.013377380528455829e+00 4.325953785999293866e-02 2.303218758437480460e-03
1.541630870771597328e+00 7.990978430049874293e-01 -1.013377380528455829e+00 4.330430771375211318e-02 2.303218758437480460e-03
1.541630870771597328e+00 7.990978430049874293e-01 -1.013377380528455829e+00 4.330430771375211318e-02 1.002303218758437531e+00
1.541630870771597328e+00 7.990978430049874293e-01 -1.013377380528455829e+00 4.330430771375211318e-02 -1.615730781241562442e+00
1.541630870771597328e+00 7.990978430049874293e-01 -1.013377380528455829e+00 4.330430771375211318e-02 2.303218758437480460e-03
1.541630870771597328e+00 7.990978430049874293e-01 -1.013377380528455829e+00 4.330430771375211318e-02 -6.157307560855624917e-01
1.541630870771597328e+00 7.990978430049874293e-01 -1.013377380528455829e+00 4.330430771375211318e-02 3.842692187584375030e-01
1.541630870771597328e+00 7.990978430049874293e-01 -1.013377380528455829e+00 4.330430771375211318e-02 5.751638939358739988e-02
1.541630870771597328e+00 7.990978430049874293e-01 -1.013377380528455829e+00 4.330430771375211318e-02 4.703842807640451484e-02
1.541630870771597328e+00 7.990978430049874293e-01 -1.013377380528455829e+00 4.330430771375211318e-02 3.006741337569233258e-02
1.541630870771597328e+00 7.990978430049874293e-01 -1.013377380528455829e+00 4.330430771375211318e-02 4.055607747523228696e-02
1.541630870771597328e+00 7.990978430049874293e-01 -1.013377380528455829e+00 4.330430771375211318e-02 5.104065304888358995e-02
1.541630870771597328e+00 7.990978430049874293e-01 -1.013377380528455829e+00 4.330430771375211318e-02 5.351416415752472538e-02
1.541630870771597328e+00 7.990978430049874293e-01 -1.013377380528455829e+00 4.330430771375211318e-02 4.951193918504565028e-02
1.541630870771597328e+00 7.990978430049874293e-01 -1.013377380528455829e+00 4.330430771375211318e-02 5.198545019300680747e-02
1.541630870771597328e+00 7.990978430049874293e-01 -1.013377380528455829e+00 4.330430771375211318e-02 5.045673632916886781e-02
