2.968280718299971532e+00 -8.854325881808122745e-02 -2.047078495549279786e+00 -2.714127508791006171e+00 4.888508424667881158e-02
2.968280718299971532e+00 -8.854325881808122745e-02 -2.047078495549279786e+00 -2.714127508791006171e+00 4.888508424667881158e-02
3.968280718299971532e+00 -8.854325881808122745e-02 -2.047078495549279786e+00 -2.714127508791006171e+00 4.888508424667881158e-02
1.350246718299971560e+00 -8.854325881808122745e-02 -2.047078495549279786e+00 -2.714127508791006171e+00 4.888508424667881158e-02
1.124160562092416882e+00 -8.854325881808122745e-02 -2.047078495549279786e+00 -2.714127508791006171e+00 4.888508424667881158e-02
1.350246718299971560e+00 -8.854325881808122745e-02 -2.047078495549279786e+00 -2.714127508791006171e+00 4.888508424667881158e-02
1.968280693143971583e+00 -8.854325881808122745e-02 -2.047078495549279786e+00 -2.714127508791006171e+00 4.888508424667881158e-02
2.350246702752708305e+00 -8.854325881808122745e-02 -2.047078495549279786e+00 -2.714127508791006171e+00 4.888508424667881158e-02
2.282965052039590326e+00 -8.854325881808122745e-02 -2.047078495549279786e+00 -2.714127508791006171e+00 4.888508424667881158e-02
2.456280561463061840e+00 -8.854325881808122745e-02 -2.047078495549279786e+00 -2.714127508791006171e+00 4.888508424667881158e-02
2.390748031628867398e+00 -8.854325881808122745e-02 -2.047078495549279786e+00 -2.714127508791006171e+00 4.888508424667881158e-02
2.324547399756421662e+00 -8.854325881808122745e-02 -2.047078495549279786e+00 -2.714127508791006171e+00 4.888508424667881158e-02
2.365716833338219249e+00 -8.854325881808122745e-02 -2.047078495549279786e+00 -2.714127508791006171e+00 4.888508424667881158e-02
2.340430442784428688e+00 -8.854325881808122745e-02 -2.047078495549279786e+00 -2.714127508791006171e+00 4.888508424667881158e-02
2.356427042918181058e+00 -8.854325881808122745e-02 -2.047078495549279786e+00 -2.714127508791006171e+00 4.888508424667881158e-02
2.350246702752708305e+00 -8.854325881808122745e-02 -2.047078495549279786e+00 -2.714127508791006171e+00 4.888508424667881158e-02
2.350246702752708305e+00 9.114567411819187726e-01 -2.047078495549279786e+00 -2.714127508791006171e+00 4.888508424667881158e-02
2.350246702752708305e+00 -1.706577258818081200e+00 -2.047078495549279786e+00 -2.714127508791006171e+00 4.888508424667881158e-02
2.350246702752708305e+00 -8.854325881808122745e-02 -2.047078495549279786e+00 -2.714127508791006171e+00 4.888508424667881158e-02
2.350246702752708305e+00 -7.065772336620812499e-01 -2.047078495549279786e+00 -2.714127508791006171e+00 4.888508424667881158e-02
2.350246702752708305e+00 -1.088543243270817973e+00 -2.047078495549279786e+00 -2.714127508791006171e+00 4.888508424667881158e-02
2.350246702752708305e+00 -5.695031801725080056e-01 -2.047078495549279786e+00 -2.714127508791006171e+00 4.888508424667881158e-02
2.350246702752708305e+00 -7.903558380991341226e-01 -2.047078495549279786e+00 -2.714127508791006171e+00 4.888508424667881158e-02
2.350246702752708305e+00 -9.042532885029415102e-01 -2.047078495549279786e+00 -2.714127508791006171e+00 4.888508424667881158e-02
2.350246702752708305e+00 -8.338607916400748721e-01 -2.047078495549279786e+00 -2.714127508791006171e+00 4.888508424667881158e-02
2.350246702752708305e+00 -7.583552596767307863e-01 -2.047078495549279786e+00 -2.714127508791006171e+00 4.888508424667881158e-02
2.350246702752708305e+00 -8.069732511833530575e-01 -2.047078495549279786e+00 -2.714127508791006171e+00 4.888508424667881158e-02
2.350246702752708305e+00 -7.781327051614423951e-01 -2.047078495549279786e+00 -2.714127508791006171e+00 4.888508424667881158e-02
2.350246702752708305e+00 -7.973739639019447045e-01 -2.047078495549279786e+00 -2.714127508791006171e+00 4.888508424667881158e-02
2.350246702752708305e+00 -7.903558380991341226e-01 -2.047078495549279786e+00 -2.714127508791006171e+00 4.888508424667881158e-02
2.350246702752708305e+00 -7.903558380991341226e-01 -1.047078495549279786e+00 -2.714127508791006171e+00 4.888508424667881158e-02
2.350246702752708305e+00 -7.903558380991341226e-01 5.709555044507199639e-01 -2.714127508791006171e+00 4.888508424667881158e-02
2.350246702752708305e+00 -7.903558380991341226e-01 -2.290777744219023582e-01 -2.714127508791006171e+00 4.888508424667881158e-02
2.350246702752708305e+00 -7.903558380991341226e-01 -1.047078495549279786e+00 -2.714127508791006171e+00 4.888508424667881158e-02
2.350246702752708305e+00 -7.903558380991341226e-01 -1.429044495549279814e+00 -2.714127508791006171e+00 4.888508424667881158e-02
2.350246702752708305e+00 -7.903558380991341226e-01 -7.346300321031398184e-01 -2.714127508791006171e+00 4.888508424667881158e-02
2.350246702752708305e+00 -7.903558380991341226e-01 -1.030817103298629300e+00 -2.714127508791006171e+00 4.888508424667881158e-02
2.350246702752708305e+00 -7.903558380991341226e-01 -1.192976520705279819e+00 -2.714127508791006171e+00 4.888508424667881158e-02
2.350246702752708305e+00 -7.903558380991341226e-01 -1.112149741866142794e+00 -2.714127508791006171e+00 4.888508424667881158e-02
2.350246702752708305e+00 -7.903558380991341226e-01 -1.071933499219946739e+00 -2.714127508791006171e+00 4.888508424667881158e-02
2.350246702752708305e+00 -7.903558380991341226e-01 -1.057078495559279796e+00 -2.714127508791006171e+00 4.888508424667881158e-02
2.350246702752708305e+00 -7.903558380991341226e-01 -1.047078495549279786e+00 -2.714127508791006171e+00 4.888508424667881158e-02
2.350246702752708305e+00 -7.903558380991341226e-01 -1.047078495549279786e+00 -1.714127508791006171e+00 4.888508424667881158e-02
2.350246702752708305e+00 -7.903558380991341226e-01 -1.047078495549279786e+00 -4.332161508791005922e+00 4.888508424667881158e-02
2.350246702752708305e+00 -7.903558380991341226e-01 -1.047078495549279786e+00 -3.944652736322781461e+00 4.888508424667881158e-02
2.350246702752708305e+00 -7.903558380991341226e-01 -1.047078495549279786e+00 -3.944652736322781461e+00 4.888508424667881158e-02
2.350246702752708305e+00 -7.903558380991341226e-01 -1.047078495549279786e+00 -3.474633937263379213e+00 4.888508424667881158e-02
2.350246702752708305e+00 -7.903558380991341226e-01 -1.047078495549279786e+00 -3.765121535721257739e+00 4.888508424667881158e-02
2.350246702752708305e+00 -7.903558380991341226e-01 -1.047078495549279786e+00 -3.791518486802041288e+00 4.888508424667881158e-02
2.350246702752708305e+00 -7.903558380991341226e-01 -1.047078495549279786e+00 -3.654165149688695990e+00 4.888508424667881158e-02
2.350246702752708305e+00 -7.903558380991341226e-01 -1.047078495549279786e+00 -3.722739968773944419e+00 4.888508424667881158e-02
2.350246702752708305e+00 -7.903558380991341226e-01 -1.047078495549279786e+00 -3.748933218120660271e+00 4.888508424667881158e-02
2.350246702752708305e+00 -7.903558380991341226e-01 -1.047078495549279786e+00 -3.775631476000560482e+00 4.888508424667881158e-02
2.350246702752708305e+00 -7.903558380991341226e-01 -1.047078495549279786e+00 -3.765121535721257739e+00 4.888508424667881158e-02
2.350246702752708305e+00 -7.903558380991341226e-01 -1.047078495549279786e+00 -3.765121535721257739e+00 1.048885084246678812e+00
2.350246702752708305e+00 -7.903558380991341226e-01 -1.047078495549279786e+00 -3.765121535721257739e+00 -1.569148915753321161e+00
2.350246702752708305e+00 -7.903558380991341226e-01 -1.047078495549279786e+00 -3.765121535721257739e+00 4.888508424667881158e-02
2.350246702752708305e+00 -7.903558380991341226e-01 -1.047078495549279786e+00 -3.765121535721257739e+00 -5.691488905973212109e-01
2.350246702752708305e+00 -7.903558380991341226e-01 -1.047078495549279786e+00 -3.765121535721257739e+00 4.308510842466788393e-01
2.350246702752708305e+00 -7.903558380991341226e-01 -1.047078495549279786e+00 -3.765121535721257739e+00 4.880815518179210111e-02
2.350246702752708305e+00 -7.903558380991341226e-01 -1.047078495549279786e+00 -3.765121535721257739e+00 2.397985154748157044e-01
2.350246702752708305e+00 -7.903558380991341226e-01 -1.047078495549279786e+00 -3.765121535721257739e+00 1.218075239191653558e-01
2.350246702752708305e+00 -7.903558380991341226e-01 -1.047078495549279786e+00 -3.765121535721257739e+00 7.673897683861981289e-02
2.350246702752708305e+00 -7.903558380991341226e-01 -1.047078495549279786e+00 -3.765121535721257739e+00 5.952432418445215145e-02
2.350246702752708305e+00 -7.903558380991341226e-01 -1.047078495549279786e+00 -3.765121535721257739e+00 5.294891216875034085e-02
2.350246702752708305e+00 -7.903558380991341226e-01 -1.047078495549279786e+00 -3.765121535721257739e+00 5.043732834276078852e-02
2.350246702752708305e+00 -7.903558380991341226e-01 -1.047078495549279786e+00 -3.765121535721257739e+00 4.947798871508286150e-02
2.350246702752708305e+00 -7.903558380991341226e-01 -1.047078495549279786e+00 -3.765121535721257739e+00 4.911155359485723515e-02
2.350246702752708305e+00 -7.903558380991341226e-01 -1.047078495549279786e+00 -3.765121535721257739e+00 4.897158783772512930e-02
2.350246702752708305e+00 -7.903558380991341226e-01 -1.047078495549279786e+00 -3.765121535721257739e+00 4.891812567733640899e-02
2.350246702752708305e+00 -7.903558380991341226e-01 -1.047078495549279786e+00 -3.765121535721257739e+00 4.885569995948029626e-02
2.350246702752708305e+00 -7.903558380991341226e-01 -1.047078495549279786e+00 -3.765121535721257739e+00 4.889770494978137177e-02
2.350246702752708305e+00 -7.903558380991341226e-01 -1.047078495549279786e+00 -3.765121535721257739e+00 4.887386044803474633e-02
2.350246702752708305e+00 -7.903558380991341226e-01 -1.047078495549279786e+00 -3.765121535721257739e+00 4.888990492616008404e-02
2.350246702752708305e+00 -7.903558380991341226e-01 -1.047078495549279786e+00 -3.765121535721257739e+00 4.888079713720593078e-02
2.350246702752708305e+00 -7.903558380991341226e-01 -1.047078495549279786e+00 -3.765121535721257739e+00 4.888692558233755786e-02
2.350246702752708305e+00 -7.903558380991341226e-01 -1.047078495549279786e+00 -3.765121535721257739e+00 4.888344671662189084e-02
2.350246702752708305e+00 -7.903558380991341226e-01 -1.047078495549279786e+00 -3.765121535721257739e+00 4.888578757429504207e-02
2.350246702752708305e+00 -7.903558380991341226e-01 -1.047078495549279786e+00 -3.765121535721257739e+00 4.888445876587309280e-02
2.350246702752708305e+00 -7.903558380991341226e-01 -1.047078495549279786e+00 -3.765121535721257739e+00 4.888535289391507388e-02
2.350246702752708305e+00 -7.903558380991341226e-01 -1.047078495549279786e+00 -3.765121535721257739e+00 4.888484533427737283e-02
2.350246702752708305e+00 -7.903558380991341226e-01 -1.047078495549279786e+00 -3.765121535721257739e+00 4.888518686078905523e-02
2.350246702752708305e+00 -7.903558380991341226e-01 -1.047078495549279786e+00 -3.765121535721257739e+00 4.888499299026448364e-02
2.350246702752708305e+00 -7.903558380991341226e-01 -1.047078495549279786e+00 -3.765121535721257739e+00 4.888512344178004565e-02
2.350246702752708305e+00 -7.903558380991341226e-01 -1.047078495549279786e+00 -3.765121535721257739e+00 4.888504938983125742e-02
2.350246702752708305e+00 -7.903558380991341226e-01 -1.047078495549279786e+00 -3.765121535721257739e+00 4.888509921787485141e-02
2.350246702752708305e+00 -7.903558380991341226e-01 -1.047078495549279786e+00 -3.765121535721257739e+00 4.888507093254818026e-02
2.350246702752708305e+00 -7.903558380991341226e-01 -1.047078495549279786e+00 -3.765121535721257739e+00 4.888508996516667537e-02
2.350246702752708305e+00 -7.903558380991341226e-01 -1.047078495549279786e+00 -3.765121535721257739e+00 4.888507916113359053e-02
2.350246702752708305e+00 -7.903558380991341226e-01 -1.047078495549279786e+00 -3.765121535721257739e+00 4.888508643094674477e-02
2.350246702752708305e+00 -7.903558380991341226e-01 -1.047078495549279786e+00 -3.765121535721257739e+00 4.888508230417344669e-02
2.350246702752708305e+00 -7.903558380991341226e-01 -1.047078495549279786e+00 -3.765121535721257739e+00 4.888508508099490002e-02
2.350246702752708305e+00 -7.903558380991341226e-01 -1.047078495549279786e+00 -3.765121535721257739e+00 4.888508350470780611e-02
2.350246702752708305e+00 -7.903558380991341226e-01 -1.047078495549279786e+00 -3.765121535721257739e+00 4.888508456535919228e-02
2.350246702752708305e+00 -7.903558380991341226e-01 -1.047078495549279786e+00 -3.765121535721257739e+00 4.888508396327111150e-02
2.350246702752708305e+00 -7.903558380991341226e-01 -1.047078495549279786e+00 -3.765121535721257739e+00 4.888508436840387911e-02
2.350246702752708305e+00 -7.903558380991341226e-01 -1.047078495549279786e+00 -3.765121535721257739e+00 4.888508413842670985e-02
2.350246702752708305e+00 -7.903558380991341226e-01 -1.047078495549279786e+00 -3.765121535721257739e+00 4.888508429317364734e-02
2.350246702752708305e+00 -7.903558380991341226e-01 -1.047078495549279786e+00 -3.765121535721257739e+00 4.888508420533018567e-02
2.350246702752708305e+00 -7.903558380991341226e-01 -1.047078495549279786e+00 -3.765121535721257739e+00 4.888508426443825827e-02
2.350246702752708305e+00 -7.903558380991341226e-01 -1.047078495549279786e+00 -3.765121535721257739e+00 4.888508423088504251e-02
1.732212687205445079e+00 -1.492168417380187018e+00 -4.707849554927978630e-02 -4.816115562651509308e+00 4.888508424667881158e-02
2.350246702752708305e+00 -7.903558380991341226e-01 -1.047078495549279786e+00 -3.765121535721257739e+00 4.888508424667881158e-02
3.350246702752708305e+00 -7.903558380991341226e-01 -1.047078495549279786e+00 -3.765121535721257739e+00 4.888508424667881158e-02
7.322127027527083332e-01 -7.903558380991341226e-01 -1.047078495549279786e+00 -3.765121535721257739e+00 4.888508424667881158e-02
2.350246702752708305e+00 -7.903558380991341226e-01 -1.047078495549279786e+00 -3.765121535721257739e+00 4.888508424667881158e-02
1.732212727908708283e+00 -7.903558380991341226e-01 -1.047078495549279786e+00 -3.765121535721257739e+00 4.888508424667881158e-02
2.732212702752708111e+00 -7.903558380991341226e-01 -1.047078495549279786e+00 -3.765121535721257739e+00 4.888508424667881158e-02
2.199440326860302886e+00 -7.903558380991341226e-01 -1.047078495549279786e+00 -3.765121535721257739e+00 4.888508424667881158e-02
2.136875054482848313e+00 -7.903558380991341226e-01 -1.047078495549279786e+00 -3.765121535721257739e+00 4.888508424667881158e-02
2.181021840413470692e+00 -7.903558380991341226e-01 -1.047078495549279786e+00 -3.765121535721257739e+00 4.888508424667881158e-02
2.168955313881048674e+00 -7.903558380991341226e-01 -1.047078495549279786e+00 -3.765121535721257739e+00 4.888508424667881158e-02
2.188057076007621227e+00 -7.903558380991341226e-01 -1.047078495549279786e+00 -3.765121535721257739e+00 4.888508424667881158e-02
2.176412837539987599e+00 -7.903558380991341226e-01 -1.047078495549279786e+00 -3.765121535721257739e+00 4.888508424667881158e-02
2.183709061212426139e+00 -7.903558380991341226e-01 -1.047078495549279786e+00 -3.765121535721257739e+00 4.888508424667881158e-02
2.179261358021897799e+00 -7.903558380991341226e-01 -1.047078495549279786e+00 -3.765121535721257739e+00 4.888508424667881158e-02
2.181021840413470692e+00 -7.903558380991341226e-01 -1.047078495549279786e+00 -3.765121535721257739e+00 4.888508424667881158e-02
2.181021840413470692e+00 2.096441619008658774e-01 -1.047078495549279786e+00 -3.765121535721257739e+00 4.888508424667881158e-02
2.181021840413470692e+00 -2.408389838099134206e+00 -1.047078495549279786e+00 -3.765121535721257739e+00 4.888508424667881158e-02
2.181021840413470692e+00 -7.903558380991341226e-01 -1.047078495549279786e+00 -3.765121535721257739e+00 4.888508424667881158e-02
2.181021840413470692e+00 -1.408389812943134256e+00 -1.047078495549279786e+00 -3.765121535721257739e+00 4.888508424667881158e-02
2.181021840413470692e+00 -4.083898380991340948e-01 -1.047078495549279786e+00 -3.765121535721257739e+00 4.888508424667881158e-02
2.181021840413470692e+00 -8.273994801098769614e-01 -1.047078495549279786e+00 -3.765121535721257739e+00 4.888508424667881158e-02
2.181021840413470692e+00 -8.000657016147979528e-01 -1.047078495549279786e+00 -3.765121535721257739e+00 4.888508424667881158e-02
2.181021840413470692e+00 -8.075911681609672099e-01 -1.047078495549279786e+00 -3.765121535721257739e+00 4.888508424667881158e-02
2.181021840413470692e+00 -7.963568638871739713e-01 -1.047078495549279786e+00 -3.765121535721257739e+00 4.888508424667881158e-02
2.181021840413470692e+00 -8.029401739695720686e-01 -1.047078495549279786e+00 -3.765121535721257739e+00 4.888508424667881158e-02
2.181021840413470692e+00 -7.986490517033283387e-01 -1.047078495549279786e+00 -3.765121535721257739e+00 4.888508424667881158e-02
2.181021840413470692e+00 -8.011636523222616102e-01 -1.047078495549279786e+00 -3.765121535721257739e+00 4.888508424667881158e-02
2.181021840413470692e+00 -7.995245895147136128e-01 -1.047078495549279786e+00 -3.765121535721257739e+00 4.888508424667881158e-02
2.181021840413470692e+00 -8.004850814547250781e-01 -1.047078495549279786e+00 -3.765121535721257739e+00 4.888508424667881158e-02
2.181021840413470692e+00 -7.998590151903771650e-01 -1.047078495549279786e+00 -3.765121535721257739e+00 4.888508424667881158e-02
2.181021840413470692e+00 -8.002258904547355778e-01 -1.047078495549279786e+00 -3.765121535721257739e+00 4.888508424667881158e-02
2.181021840413470692e+00 -7.999686029696413403e-01 -1.047078495549279786e+00 -3.765121535721257739e+00 4.888508424667881158e-02
2.181021840413470692e+00 -8.000657016147979528e-01 -1.047078495549279786e+00 -3.765121535721257739e+00 4.888508424667881158e-02
2.181021840413470692e+00 -8.000657016147979528e-01 -4.707849554927978630e-02 -3.765121535721257739e+00 4.888508424667881158e-02
2.181021840413470692e+00 -8.000657016147979528e-01 1.570955504450719964e+00 -3.765121535721257739e+00 4.888508424667881158e-02
2.181021840413470692e+00 -8.000657016147979528e-01 -4.707849554927978630e-02 -3.765121535721257739e+00 4.888508424667881158e-02
2.181021840413470692e+00 -8.000657016147979528e-01 5.709554792947200141e-01 -3.765121535721257739e+00 4.888508424667881158e-02
2.181021840413470692e+00 -8.000657016147979528e-01 -4.290444955492798140e-01 -3.765121535721257739e+00 4.888508424667881158e-02
2.181021840413470692e+00 -8.000657016147979528e-01 5.588585618198127491e-02 -3.765121535721257739e+00 4.888508424667881158e-02
2.181021840413470692e+00 -8.000657016147979528e-01 -4.658731201234722619e-04 -3.765121535721257739e+00 4.888508424667881158e-02
2.181021840413470692e+00 -8.000657016147979528e-01 1.000025311416807838e-02 -3.765121535721257739e+00 4.888508424667881158e-02
2.181021840413470692e+00 -8.000657016147979528e-01 -1.093199935441502291e-02 -3.765121535721257739e+00 4.888508424667881158e-02
2.181021840413470692e+00 -8.000657016147979528e-01 -4.658731201234722619e-04 -3.765121535721257739e+00 4.888508424667881158e-02
2.181021840413470692e+00 -8.000657016147979528e-01 -4.658731201234722619e-04 -2.765121535721257739e+00 4.888508424667881158e-02
2.181021840413470692e+00 -8.000657016147979528e-01 -4.658731201234722619e-04 -5.383155535721257934e+00 4.888508424667881158e-02
2.181021840413470692e+00 -8.000657016147979528e-01 -4.658731201234722619e-04 -3.765121535721257739e+00 4.888508424667881158e-02
2.181021840413470692e+00 -8.000657016147979528e-01 -4.658731201234722619e-04 -4.383155510565257984e+00 4.888508424667881158e-02
2.181021840413470692e+00 -8.000657016147979528e-01 -4.658731201234722619e-04 -3.383155535721257934e+00 4.888508424667881158e-02
2.181021840413470692e+00 -8.000657016147979528e-01 -4.658731201234722619e-04 -3.727219951765398775e+00 4.888508424667881158e-02
2.181021840413470692e+00 -8.000657016147979528e-01 -4.658731201234722619e-04 -4.001189500956520817e+00 4.888508424667881158e-02
2.181021840413470692e+00 -8.000657016147979528e-01 -4.658731201234722619e-04 -3.851384475172518140e+00 4.888508424667881158e-02
2.181021840413470692e+00 -8.000657016147979528e-01 -4.658731201234722619e-04 -3.799014188681916870e+00 4.888508424667881158e-02
2.181021840413470692e+00 -8.000657016147979528e-01 -4.658731201234722619e-04 -3.750644419303974075e+00 4.888508424667881158e-02
2.181021840413470692e+00 -8.000657016147979528e-01 -4.658731201234722619e-04 -3.778067376802028754e+00 4.888508424667881158e-02
2.181021840413470692e+00 -8.000657016147979528e-01 -4.658731201234722619e-04 -3.759591769471813727e+00 4.888508424667881158e-02
2.181021840413470692e+00 -8.000657016147979528e-01 -4.658731201234722619e-04 -3.770066406855515417e+00 4.888508424667881158e-02
2.181021840413470692e+00 -8.000657016147979528e-01 -4.658731201234722619e-04 -3.763009353026022463e+00 4.888508424667881158e-02
2.181021840413470692e+00 -8.000657016147979528e-01 -4.658731201234722619e-04 -3.767010308368925475e+00 4.888508424667881158e-02
2.181021840413470692e+00 -8.000657016147979528e-01 -4.658731201234722619e-04 -3.764314753745889419e+00 4.888508424667881158e-02
2.181021840413470692e+00 -8.000657016147979528e-01 -4.658731201234722619e-04 -3.765842982654396653e+00 4.888508424667881158e-02
2.181021840413470692e+00 -8.000657016147979528e-01 -4.658731201234722619e-04 -3.764813372437254113e+00 4.888508424667881158e-02
2.181021840413470692e+00 -8.000657016147979528e-01 -4.658731201234722619e-04 -3.765397103920521182e+00 4.888508424667881158e-02
2.181021840413470692e+00 -8.000657016147979528e-01 -4.658731201234722619e-04 -3.765003827824319860e+00 4.888508424667881158e-02
2.181021840413470692e+00 -8.000657016147979528e-01 -4.658731201234722619e-04 -3.765226793404057748e+00 4.888508424667881158e-02
2.181021840413470692e+00 -8.000657016147979528e-01 -4.658731201234722619e-04 -3.765076575306696149e+00 4.888508424667881158e-02
2.181021840413470692e+00 -8.000657016147979528e-01 -4.658731201234722619e-04 -3.765161740577326110e+00 4.888508424667881158e-02
2.181021840413470692e+00 -8.000657016147979528e-01 -4.658731201234722619e-04 -3.765104362371549218e+00 4.888508424667881158e-02
2.181021840413470692e+00 -8.000657016147979528e-01 -4.658731201234722619e-04 -3.765136892609310948e+00 4.888508424667881158e-02
2.181021840413470692e+00 -8.000657016147979528e-01 -4.658731201234722619e-04 -3.765114976085563114e+00 4.888508424667881158e-02
2.181021840413470692e+00 -8.000657016147979528e-01 -4.658731201234722619e-04 -3.765127401530359741e+00 4.888508424667881158e-02
2.181021840413470692e+00 -8.000657016147979528e-01 -4.658731201234722619e-04 -3.765119030163449843e+00 4.888508424667881158e-02
2.181021840413470692e+00 -8.000657016147979528e-01 -4.658731201234722619e-04 -3.765123776260897337e+00 4.888508424667881158e-02
2.181021840413470692e+00 -8.000657016147979528e-01 -4.658731201234722619e-04 -3.765120578683363917e+00 4.888508424667881158e-02
2.181021840413470692e+00 -8.000657016147979528e-01 -4.658731201234722619e-04 -3.765122391531221524e+00 4.888508424667881158e-02
2.181021840413470692e+00 -8.000657016147979528e-01 -4.658731201234722619e-04 -3.765121170165321551e+00 4.888508424667881158e-02
2.181021840413470692e+00 -8.000657016147979528e-01 -4.658731201234722619e-04 -3.765121862611566339e+00 4.888508424667881158e-02
2.181021840413470692e+00 -8.000657016147979528e-01 -4.658731201234722619e-04 -3.765121396091319017e+00 4.888508424667881158e-02
2.181021840413470692e+00 -8.000657016147979528e-01 -4.658731201234722619e-04 -3.765121660582241514e+00 4.888508424667881158e-02
2.181021840413470692e+00 -8.000657016147979528e-01 -4.658731201234722619e-04 -3.765121482387368435e+00 4.888508424667881158e-02
2.181021840413470692e+00 -8.000657016147979528e-01 -4.658731201234722619e-04 -3.765121583413908013e+00 4.888508424667881158e-02
2.181021840413470692e+00 -8.000657016147979528e-01 -4.658731201234722619e-04 -3.765121515349525438e+00 4.888508424667881158e-02
2.181021840413470692e+00 -8.000657016147979528e-01 -4.658731201234722619e-04 -3.765121553938228782e+00 4.888508424667881158e-02
2.181021840413470692e+00 -8.000657016147979528e-01 -4.658731201234722619e-04 -3.765121565196936082e+00 4.888508424667881158e-02
2.181021840413470692e+00 -8.000657016147979528e-01 -4.658731201234722619e-04 -3.765121546979965039e+00 4.888508424667881158e-02
2.181021840413470692e+00 -8.000657016147979528e-01 -4.658731201234722619e-04 -3.765121558238671895e+00 4.888508424667881158e-02
2.181021840413470692e+00 -8.000657016147979528e-01 -4.658731201234722619e-04 -3.765121551280408596e+00 4.888508424667881158e-02
2.181021840413470692e+00 -8.000657016147979528e-01 -4.658731201234722619e-04 -3.765121555580851709e+00 4.888508424667881158e-02
2.181021840413470692e+00 -8.000657016147979528e-01 -4.658731201234722619e-04 -3.765121552923031967e+00 4.888508424667881158e-02
2.181021840413470692e+00 -8.000657016147979528e-01 -4.658731201234722619e-04 -3.765121554565654893e+00 4.888508424667881158e-02
2.181021840413470692e+00 -8.000657016147979528e-01 -4.658731201234722619e-04 -3.765121553550458078e+00 4.888508424667881158e-02
2.181021840413470692e+00 -8.000657016147979528e-01 -4.658731201234722619e-04 -3.765121554177884189e+00 4.888508424667881158e-02
2.181021840413470692e+00 -8.000657016147979528e-01 -4.658731201234722619e-04 -3.765121553746058947e+00 4.888508424667881158e-02
2.181021840413470692e+00 -8.000657016147979528e-01 -4.658731201234722619e-04 -3.765121553938228782e+00 4.888508424667881158e-02
2.181021840413470692e+00 -8.000657016147979528e-01 -4.658731201234722619e-04 -3.765121553938228782e+00 1.048885084246678812e+00
2.181021840413470692e+00 -8.000657016147979528e-01 -4.658731201234722619e-04 -3.765121553938228782e+00 -1.569148915753321161e+00
2.181021840413470692e+00 -8.000657016147979528e-01 -4.658731201234722619e-04 -3.765121553938228782e+00 4.888508424667881158e-02
2.181021840413470692e+00 -8.000657016147979528e-01 -4.658731201234722619e-04 -3.765121553938228782e+00 -5.691488905973212109e-01
2.181021840413470692e+00 -8.000657016147979528e-01 -4.658731201234722619e-04 -3.765121553938228782e+00 4.308510842466788393e-01
2.181021840413470692e+00 -8.000657016147979528e-01 -4.658731201234722619e-04 -3.765121553938228782e+00 1.502819683539070167e-02
2.181021840413470692e+00 -8.000657016147979528e-01 -4.658731201234722619e-04 -3.765121553938228782e+00 -2.081075885429325423e-01
2.181021840413470692e+00 -8.000657016147979528e-01 -4.658731201234722619e-04 -3.765121553938228782e+00 -7.324163886672094281e-02
2.181021840413470692e+00 -8.000657016147979528e-01 -4.658731201234722619e-04 -3.765121553938228782e+00 -2.231022082878134083e-02
2.181021840413470692e+00 -8.000657016147979528e-01 -4.658731201234722619e-04 -3.765121553938228782e+00 7.661907938775608384e-04
2.181021840413470692e+00 -8.000657016147979528e-01 -4.658731201234722619e-04 -3.765121553938228782e+00 1.219406034765688901e-02
2.181021840413470692e+00 -8.000657016147979528e-01 -4.658731201234722619e-04 -3.765121553938228782e+00 2.796037669233077810e-02
2.181021840413470692e+00 -8.000657016147979528e-01 -4.658731201234722619e-04 -3.765121553938228782e+00 1.996784984662667434e-02
2.181021840413470692e+00 -8.000657016147979528e-01 -4.658731201234722619e-04 -3.765121553938228782e+00 1.691497633748045848e-02
2.181021840413470692e+00 -8.000657016147979528e-01 -4.658731201234722619e-04 -3.765121553938228782e+00 1.394565305771696545e-02
2.181021840413470692e+00 -8.000657016147979528e-01 -4.658731201234722619e-04 -3.765121553938228782e+00 1.574888245468591963e-02
2.181021840413470692e+00 -8.000657016147979528e-01 -4.658731201234722619e-04 -3.765121553938228782e+00 1.461470191880777370e-02
2.181021840413470692e+00 -8.000657016147979528e-01 -4.658731201234722619e-04 -3.765121553938228782e+00 1.536676571950358616e-02
2.011796978074233078e+00 -8.097755651304617830e-01 1.046146749309032842e+00 -3.765121572155199825e+00 -1.882869057589740824e-02
2.181021840413470692e+00 -8.000657016147979528e-01 -4.658731201234722619e-04 -3.765121553938228782e+00 1.502819683539070167e-02
3.181021840413470692e+00 -8.000657016147979528e-01 -4.658731201234722619e-04 -3.765121553938228782e+00 1.502819683539070167e-02
5.629878404134707193e-01 -8.000657016147979528e-01 -4.658731201234722619e-04 -3.765121553938228782e+00 1.502819683539070167e-02
2.181021840413470692e+00 -8.000657016147979528e-01 -4.658731201234722619e-04 -3.765121553938228782e+00 1.502819683539070167e-02
1.562987865569470669e+00 -8.000657016147979528e-01 -4.658731201234722619e-04 -3.765121553938228782e+00 1.502819683539070167e-02
2.562987840413470941e+00 -8.000657016147979528e-01 -4.658731201234722619e-04 -3.765121553938228782e+00 1.502819683539070167e-02
2.179319595910577778e+00 -8.000657016147979528e-01 -4.658731201234722619e-04 -3.765121553938228782e+00 1.502819683539070167e-02
2.369519404717944866e+00 -8.000657016147979528e-01 -4.658731201234722619e-04 -3.765121553938228782e+00 1.502819683539070167e-02
2.253021501060593401e+00 -8.000657016147979528e-01 -4.658731201234722619e-04 -3.765121553938228782e+00 1.502819683539070167e-02
2.208523262792209785e+00 -8.000657016147979528e-01 -4.658731201234722619e-04 -3.765121553938228782e+00 1.502819683539070167e-02
2.191526448713787989e+00 -8.000657016147979528e-01 -4.658731201234722619e-04 -3.765121553938228782e+00 1.502819683539070167e-02
2.185034243627509642e+00 -8.000657016147979528e-01 -4.658731201234722619e-04 -3.765121553938228782e+00 1.502819683539070167e-02
2.185585929708486752e+00 -8.000657016147979528e-01 -4.658731201234722619e-04 -3.765121553938228782e+00 1.502819683539070167e-02
2.187855005990865465e+00 -8.000657016147979528e-01 -4.658731201234722619e-04 -3.765121553938228782e+00 1.502819683539070167e-02
2.187586534242904168e+00 -8.000657016147979528e-01 -4.658731201234722619e-04 -3.765121553938228782e+00 1.502819683539070167e-02
2.189257372281969261e+00 -8.000657016147979528e-01 -4.658731201234722619e-04 -3.765121553938228782e+00 1.502819683539070167e-02
2.188390662233613337e+00 -8.000657016147979528e-01 -4.658731201234722619e-04 -3.765121553938228782e+00 1.502819683539070167e-02
2.188059608463282846e+00 -8.000657016147979528e-01 -4.658731201234722619e-04 -3.765121553938228782e+00 1.502819683539070167e-02
2.188129986153781292e+00 -8.000657016147979528e-01 -4.658731201234722619e-04 -3.765121553938228782e+00 1.502819683539070167e-02
2.187989230772784843e+00 -8.000657016147979528e-01 -4.658731201234722619e-04 -3.765121553938228782e+00 1.502819683539070167e-02
2.188059608463282846e+00 -8.000657016147979528e-01 -4.658731201234722619e-04 -3.765121553938228782e+00 1.502819683539070167e-02
2.188059608463282846e+00 1.999342983852020472e-01 -4.658731201234722619e-04 -3.765121553938228782e+00 1.502819683539070167e-02
2.188059608463282846e+00 -2.418099701614798036e+00 -4.658731201234722619e-04 -3.765121553938228782e+00 1.502819683539070167e-02
2.188059608463282846e+00 -8.000657016147979528e-01 -4.658731201234722619e-04 -3.765121553938228782e+00 1.502819683539070167e-02
2.188059608463282846e+00 -1.418099676458798086e+00 -4.658731201234722619e-04 -3.765121553938228782e+00 1.502819683539070167e-02
2.188059608463282846e+00 -4.180997016147979251e-01 -4.658731201234722619e-04 -3.765121553938228782e+00 1.502819683539070167e-02
2.188059608463282846e+00 -8.105080593147294676e-01 -4.658731201234722619e-04 -3.765121553938228782e+00 1.502819683539070167e-02
2.188059608463282846e+00 -9.030690699059471527e-01 -4.658731201234722619e-04 -3.765121553938228782e+00 1.502819683539070167e-02
2.188059608463282846e+00 -8.458632182862145799e-01 -4.658731201234722619e-04 -3.765121553938228782e+00 1.502819683539070167e-02
2.188059608463282846e+00 -8.140835717492039825e-01 -4.658731201234722619e-04 -3.765121553938228782e+00 1.502819683539070167e-02
2.188059608463282846e+00 -8.059739052106217327e-01 -4.658731201234722619e-04 -3.765121553938228782e+00 1.502819683539070167e-02
2.188059608463282846e+00 -8.087761666081998424e-01 -4.658731201234722619e-04 -3.765121553938228782e+00 1.502819683539070167e-02
2.188059608463282846e+00 -8.118737834972760137e-01 -4.658731201234722619e-04 -3.765121553938228782e+00 1.502819683539070167e-02
2.188059608463282846e+00 -8.098465351851872329e-01 -4.658731201234722619e-04 -3.765121553938228782e+00 1.502819683539070167e-02
2.188059608463282846e+00 -8.110297195178400864e-01 -4.658731201234722619e-04 -3.765121553938228782e+00 1.502819683539070167e-02
2.188059608463282846e+00 -8.113521232598092103e-01 -4.658731201234722619e-04 -3.765121553938228782e+00 1.502819683539070167e-02
2.188059608463282846e+00 -8.115513797340734303e-01 -4.658731201234722619e-04 -3.765121553938228782e+00 1.502819683539070167e-02
2.188059608463282846e+00 -8.112289759921041954e-01 -4.658731201234722619e-04 -3.765121553938228782e+00 1.502819683539070167e-02
2.188059608463282846e+00 -8.113521232598092103e-01 -4.658731201234722619e-04 -3.765121553938228782e+00 1.502819683539070167e-02
2.188059608463282846e+00 -8.113521232598092103e-01 9.995341268798765277e-01 -3.765121553938228782e+00 1.502819683539070167e-02
2.188059608463282846e+00 -8.113521232598092103e-01 -1.618499873120123445e+00 -3.765121553938228782e+00 1.502819683539070167e-02
2.188059608463282846e+00 -8.113521232598092103e-01 -4.658731201234722619e-04 -3.765121553938228782e+00 1.502819683539070167e-02
2.188059608463282846e+00 -8.113521232598092103e-01 -6.184998479641234947e-01 -3.765121553938228782e+00 1.502819683539070167e-02
2.188059608463282846e+00 -8.113521232598092103e-01 -1.000465857572860218e+00 -3.765121553938228782e+00 1.502819683539070167e-02
2.188059608463282846e+00 -8.113521232598092103e-01 -3.256389059831094057e-01 -3.765121553938228782e+00 1.502819683539070167e-02
2.188059608463282846e+00 -8.113521232598092103e-01 -7.643978767903342186e-01 -3.765121553938228782e+00 1.502819683539070167e-02
2.188059608463282846e+00 -8.113521232598092103e-01 -5.066369253994034150e-01 -3.765121553938228782e+00 1.502819683539070167e-02
2.188059608463282846e+00 -8.113521232598092103e-01 -6.742279344427558607e-01 -3.765121553938228782e+00 1.502819683539070167e-02
2.188059608463282846e+00 -8.113521232598092103e-01 -5.757720148837676133e-01 -3.765121553938228782e+00 1.502819683539070167e-02
2.188059608463282846e+00 -8.113521232598092103e-01 -5.865685192516564284e-01 -3.765121553938228782e+00 1.502819683539070167e-02
2.188059608463282846e+00 -8.113521232598092103e-01 -5.700189534561311833e-01 -3.765121553938228782e+00 1.502819683539070167e-02
2.188059608463282846e+00 -8.113521232598092103e-01 -5.757720148837676133e-01 -3.765121553938228782e+00 1.502819683539070167e-02
2.188059608463282846e+00 -8.113521232598092103e-01 -5.757720148837676133e-01 -2.765121553938228782e+00 1.502819683539070167e-02
2.188059608463282846e+00 -8.113521232598092103e-01 -5.757720148837676133e-01 -5.383155553938228977e+00 1.502819683539070167e-02
2.188059608463282846e+00 -8.113521232598092103e-01 -5.757720148837676133e-01 -3.765121553938228782e+00 1.502819683539070167e-02
2.188059608463282846e+00 -8.113521232598092103e-01 -5.757720148837676133e-01 -4.383155528782229027e+00 1.502819683539070167e-02
2.188059608463282846e+00 -8.113521232598092103e-01 -5.757720148837676133e-01 -3.383155553938228977e+00 1.502819683539070167e-02
2.188059608463282846e+00 -8.113521232598092103e-01 -5.757720148837676133e-01 -3.749145080761925541e+00 1.502819683539070167e-02
2.188059608463282846e+00 -8.113521232598092103e-01 -5.757720148837676133e-01 -4.001189519173491860e+00 1.502819683539070167e-02
2.188059608463282846e+00 -8.113521232598092103e-01 -5.757720148837676133e-01 -3.855291490347281247e+00 1.502819683539070167e-02
2.188059608463282846e+00 -8.113521232598092103e-01 -5.757720148837676133e-01 -3.808927400444351186e+00 1.502819683539070167e-02
2.188059608463282846e+00 -8.113521232598092103e-01 -5.757720148837676133e-01 -3.781853897904786432e+00 1.502819683539070167e-02
2.188059608463282846e+00 -8.113521232598092103e-01 -5.757720148837676133e-01 -3.803546621323497412e+00 1.502819683539070167e-02
2.188059608463282846e+00 -8.113521232598092103e-01 -5.757720148837676133e-01 -3.786325633854428663e+00 1.502819683539070167e-02
2.188059608463282846e+00 -8.113521232598092103e-01 -5.757720148837676133e-01 -3.781686574455120908e+00 1.502819683539070167e-02
2.188059608463282846e+00 -8.113521232598092103e-01 -5.757720148837676133e-01 -3.783561948998527491e+00 1.502819683539070167e-02
2.188059608463282846e+00 -8.113521232598092103e-01 -5.757720148837676133e-01 -3.782506315348858283e+00 1.502819683539070167e-02
2.188059608463282846e+00 -8.113521232598092103e-01 -5.757720148837676133e-01 -3.782103099186228778e+00 1.502819683539070167e-02
2.188059608463282846e+00 -8.113521232598092103e-01 -5.757720148837676133e-01 -3.781853897904786432e+00 1.502819683539070167e-02
2.188059608463282846e+00 -8.113521232598092103e-01 -5.757720148837676133e-01 -3.781853897904786432e+00 1.015028196835390695e+00
2.188059608463282846e+00 -8.113521232598092103e-01 -5.757720148837676133e-01 -3.781853897904786432e+00 -1.603005803164609278e+00
2.188059608463282846e+00 -8.113521232598092103e-01 -5.757720148837676133e-01 -3.781853897904786432e+00 1.502819683539070167e-02
2.188059608463282846e+00 -8.113521232598092103e-01 -5.757720148837676133e-01 -3.781853897904786432e+00 -6.030057780086093278e-01
2.188059608463282846e+00 -8.113521232598092103e-01 -5.757720148837676133e-01 -3.781853897904786432e+00 3.969941968353907225e-01
2.188059608463282846e+00 -8.113521232598092103e-01 -5.757720148837676133e-01 -3.781853897904786432e+00 5.017204081575479813e-02
2.188059608463282846e+00 -8.113521232598092103e-01 -5.757720148837676133e-01 -3.781853897904786432e+00 8.637562839678095128e-02
2.188059608463282846e+00 -8.113521232598092103e-01 -5.757720148837676133e-01 -3.781853897904786432e+00 2.050213605090029922e-01
2.188059608463282846e+00 -8.113521232598092103e-01 -5.757720148837676133e-01 -3.781853897904786432e+00 1.316942641087579524e-01
2.188059608463282846e+00 -8.113521232598092103e-01 -5.757720148837676133e-01 -3.781853897904786432e+00 9.732458237883109819e-02
2.188059608463282846e+00 -8.113521232598092103e-01 -5.757720148837676133e-01 -3.781853897904786432e+00 8.566215407116706260e-02
2.188059608463282846e+00 -8.113521232598092103e-01 -5.757720148837676133e-01 -3.781853897904786432e+00 9.055775655348871633e-02
2.188059608463282846e+00 -8.113521232598092103e-01 -5.757720148837676133e-01 -3.781853897904786432e+00 8.797305916028599904e-02
2.188059608463282846e+00 -8.113521232598092103e-01 -5.757720148837676133e-01 -3.781853897904786432e+00 8.708910272239486772e-02
