1.282166709105228009e+00 -1.848554570183267298e+00 -1.971456745438234792e+00 2.093325221405550884e+00 -1.282269802735144903e+00
1.282166709105228009e+00 -1.848554570183267298e+00 -1.971456745438234792e+00 2.093325221405550884e+00 -1.282269802735144903e+00
2.282166709105228009e+00 -1.848554570183267298e+00 -1.971456745438234792e+00 2.093325221405550884e+00 -1.282269802735144903e+00
-3.358672908947719637e-01 -1.848554570183267298e+00 -1.971456745438234792e+00 2.093325221405550884e+00 -1.282269802735144903e+00
1.282166709105228009e+00 -1.848554570183267298e+00 -1.971456745438234792e+00 2.093325221405550884e+00 -1.282269802735144903e+00
6.641327342612279860e-01 -1.848554570183267298e+00 -1.971456745438234792e+00 2.093325221405550884e+00 -1.282269802735144903e+00
1.664132709105228036e+00 -1.848554570183267298e+00 -1.971456745438234792e+00 2.093325221405550884e+00 -1.282269802735144903e+00
1.900200683949228031e+00 -1.848554570183267298e+00 -1.971456745438234792e+00 2.093325221405550884e+00 -1.282269802735144903e+00
2.046098718713964537e+00 -1.848554570183267298e+00 -1.971456745438234792e+00 2.093325221405550884e+00 -1.282269802735144903e+00
1.841924599103119453e+00 -1.848554570183267298e+00 -1.971456745438234792e+00 2.093325221405550884e+00 -1.282269802735144903e+00
1.881812043526768896e+00 -1.848554570183267298e+00 -1.971456745438234792e+00 2.093325221405550884e+00 -1.282269802735144903e+00
1.955928772696175599e+00 -1.848554570183267298e+00 -1.971456745438234792e+00 2.093325221405550884e+00 -1.282269802735144903e+00
1.921486919095544588e+00 -1.848554570183267298e+00 -1.971456745438234792e+00 2.093325221405550884e+00 -1.282269802735144903e+00
1.908331302043126065e+00 -1.848554570183267298e+00 -1.971456745438234792e+00 2.093325221405550884e+00 -1.282269802735144903e+00
1.893176848521623157e+00 -1.848554570183267298e+00 -1.971456745438234792e+00 2.093325221405550884e+00 -1.282269802735144903e+00
1.900200683949228031e+00 -1.848554570183267298e+00 -1.971456745438234792e+00 2.093325221405550884e+00 -1.282269802735144903e+00
1.900200683949228031e+00 -8.485545701832672982e-01 -1.971456745438234792e+00 2.093325221405550884e+00 -1.282269802735144903e+00
1.900200683949228031e+00 -3.466588570183267493e+00 -1.971456745438234792e+00 2.093325221405550884e+00 -1.282269802735144903e+00
1.900200683949228031e+00 -2.875283184934698255e+00 -1.971456745438234792e+00 2.093325221405550884e+00 -1.282269802735144903e+00
1.900200683949228031e+00 -2.875283184934698255e+00 -1.971456745438234792e+00 2.093325221405550884e+00 -1.282269802735144903e+00
1.900200683949228031e+00 -2.483107762872553081e+00 -1.971456745438234792e+00 2.093325221405550884e+00 -1.282269802735144903e+00
1.900200683949228031e+00 -3.101141737716552882e+00 -1.971456745438234792e+00 2.093325221405550884e+00 -1.282269802735144903e+00
1.900200683949228031e+00 -2.865015898777183878e+00 -1.971456745438234792e+00 2.093325221405550884e+00 -1.282269802735144903e+00
1.900200683949228031e+00 -2.719139975738235737e+00 -1.971456745438234792e+00 2.093325221405550884e+00 -1.282269802735144903e+00
1.900200683949228031e+00 -2.809296255957689059e+00 -1.971456745438234792e+00 2.093325221405550884e+00 -1.282269802735144903e+00
1.900200683949228031e+00 -2.825270746434887403e+00 -1.971456745438234792e+00 2.093325221405550884e+00 -1.282269802735144903e+00
1.900200683949228031e+00 -2.774859622227385358e+00 -1.971456745438234792e+00 2.093325221405550884e+00 -1.282269802735144903e+00
1.900200683949228031e+00 -2.799688839089944814e+00 -1.971456745438234792e+00 2.093325221405550884e+00 -1.282269802735144903e+00
1.900200683949228031e+00 -2.809296255957689059e+00 -1.971456745438234792e+00 2.093325221405550884e+00 -1.282269802735144903e+00
1.900200683949228031e+00 -2.809296255957689059e+00 -9.714567454382347922e-01 2.093325221405550884e+00 -1.282269802735144903e+00
1.900200683949228031e+00 -2.809296255957689059e+00 -3.589490745438234764e+00 2.093325221405550884e+00 -1.282269802735144903e+00
1.900200683949228031e+00 -2.809296255957689059e+00 -3.093674554917809516e+00 2.093325221405550884e+00 -1.282269802735144903e+00
1.900200683949228031e+00 -2.809296255957689059e+00 -3.093674554917809516e+00 2.093325221405550884e+00 -1.282269802735144903e+00
1.900200683949228031e+00 -2.809296255957689059e+00 -2.665025507102134483e+00 2.093325221405550884e+00 -1.282269802735144903e+00
1.900200683949228031e+00 -2.809296255957689059e+00 -3.283059481946134284e+00 2.093325221405550884e+00 -1.282269802735144903e+00
1.900200683949228031e+00 -2.809296255957689059e+00 -3.082452376813013650e+00 2.093325221405550884e+00 -1.282269802735144903e+00
1.900200683949228031e+00 -2.809296255957689059e+00 -3.185390604599227071e+00 2.093325221405550884e+00 -1.282269802735144903e+00
1.900200683949228031e+00 -2.809296255957689059e+00 -3.128706967550421769e+00 2.093325221405550884e+00 -1.282269802735144903e+00
1.900200683949228031e+00 -2.809296255957689059e+00 -3.107055745441437811e+00 2.093325221405550884e+00 -1.282269802735144903e+00
1.900200683949228031e+00 -2.809296255957689059e+00 -3.093674554917809516e+00 2.093325221405550884e+00 -1.282269802735144903e+00
1.900200683949228031e+00 -2.809296255957689059e+00 -3.093674554917809516e+00 3.093325221405550884e+00 -1.282269802735144903e+00
1.900200683949228031e+00 -2.809296255957689059e+00 -3.093674554917809516e+00 4.752912214055509121e-01 -1.282269802735144903e+00
1.900200683949228031e+00 -2.809296255957689059e+00 -3.093674554917809516e+00 2.093325221405550884e+00 -1.282269802735144903e+00
1.900200683949228031e+00 -2.809296255957689059e+00 -3.093674554917809516e+00 1.475291246561550862e+00 -1.282269802735144903e+00
1.900200683949228031e+00 -2.809296255957689059e+00 -3.093674554917809516e+00 2.475291221405551134e+00 -1.282269802735144903e+00
1.900200683949228031e+00 -2.809296255957689059e+00 -3.093674554917809516e+00 2.014578938711373279e+00 -1.282269802735144903e+00
1.900200683949228031e+00 -2.809296255957689059e+00 -3.093674554917809516e+00 2.114882935575702838e+00 -1.282269802735144903e+00
1.900200683949228031e+00 -2.809296255957689059e+00 -3.093674554917809516e+00 2.252546646880986714e+00 -1.282269802735144903e+00
1.900200683949228031e+00 -2.809296255957689059e+00 -3.093674554917809516e+00 2.167465792728136886e+00 -1.282269802735144903e+00
1.900200683949228031e+00 -2.809296255957689059e+00 -3.093674554917809516e+00 2.142668235630855289e+00 -1.282269802735144903e+00
1.900200683949228031e+00 -2.809296255957689059e+00 -3.093674554917809516e+00 2.149559248532482147e+00 -1.282269802735144903e+00
1.900200683949228031e+00 -2.809296255957689059e+00 -3.093674554917809516e+00 2.154900408492495423e+00 -1.282269802735144903e+00
1.900200683949228031e+00 -2.809296255957689059e+00 -3.093674554917809516e+00 2.150277310021606603e+00 -1.282269802735144903e+00
1.900200683949228031e+00 -2.809296255957689059e+00 -3.093674554917809516e+00 2.151765810498430298e+00 -1.282269802735144903e+00
1.900200683949228031e+00 -2.809296255957689059e+00 -3.093674554917809516e+00 2.150846830917767072e+00 -1.282269802735144903e+00
1.900200683949228031e+00 -2.809296255957689059e+00 -3.093674554917809516e+00 2.150277310021606603e+00 -1.282269802735144903e+00
1.900200683949228031e+00 -2.809296255957689059e+00 -3.093674554917809516e+00 2.150277310021606603e+00 -2.822698027351449035e-01
1.900200683949228031e+00 -2.809296255957689059e+00 -3.093674554917809516e+00 2.150277310021606603e+00 -2.900303802735145098e+00
1.900200683949228031e+00 -2.809296255957689059e+00 -3.093674554917809516e+00 2.150277310021606603e+00 -1.282269802735144903e+00
1.900200683949228031e+00 -2.809296255957689059e+00 -3.093674554917809516e+00 2.150277310021606603e+00 -1.900303777579144926e+00
1.900200683949228031e+00 -2.809296255957689059e+00 -3.093674554917809516e+00 2.150277310021606603e+00 -9.003038027351448758e-01
1.900200683949228031e+00 -2.809296255957689059e+00 -3.093674554917809516e+00 2.150277310021606603e+00 -1.226002847054977307e+00
1.900200683949228031e+00 -2.809296255957689059e+00 -3.093674554917809516e+00 2.150277310021606603e+00 -1.125490567560230026e+00
1.900200683949228031e+00 -2.809296255957689059e+00 -3.093674554917809516e+00 2.150277310021606603e+00 -1.200479603093955294e+00
1.900200683949228031e+00 -2.809296255957689059e+00 -3.093674554917809516e+00 2.150277310021606603e+00 -1.247494911048308230e+00
1.900200683949228031e+00 -2.809296255957689059e+00 -3.093674554917809516e+00 2.150277310021606603e+00 -1.225440177488175575e+00
1.900200683949228031e+00 -2.809296255957689059e+00 -3.093674554917809516e+00 2.150277310021606603e+00 -1.236360071427007323e+00
1.900200683949228031e+00 -2.809296255957689059e+00 -3.093674554917809516e+00 2.150277310021606603e+00 -1.229958954619464029e+00
1.900200683949228031e+00 -2.809296255957689059e+00 -3.093674554917809516e+00 2.150277310021606603e+00 -1.227513945636954151e+00
1.900200683949228031e+00 -2.809296255957689059e+00 -3.093674554917809516e+00 2.150277310021606603e+00 -1.226565516621779039e+00
2.518234658793228053e+00 -3.770037941732110820e+00 -4.215892364397384462e+00 2.207229398637662321e+00 -1.169735891374809711e+00
1.900200683949228031e+00 -2.809296255957689059e+00 -3.093674554917809516e+00 2.150277310021606603e+00 -1.226002847054977307e+00
2.900200683949227809e+00 -2.809296255957689059e+00 -3.093674554917809516e+00 2.150277310021606603e+00 -1.226002847054977307e+00
2.821666839492280587e-01 -2.809296255957689059e+00 -3.093674554917809516e+00 2.150277310021606603e+00 -1.226002847054977307e+00
1.900200683949228031e+00 -2.809296255957689059e+00 -3.093674554917809516e+00 2.150277310021606603e+00 -1.226002847054977307e+00
1.282166709105228009e+00 -2.809296255957689059e+00 -3.093674554917809516e+00 2.150277310021606603e+00 -1.226002847054977307e+00
2.282166683949228059e+00 -2.809296255957689059e+00 -3.093674554917809516e+00 2.150277310021606603e+00 -1.226002847054977307e+00
1.690097710526953678e+00 -2.809296255957689059e+00 -3.093674554917809516e+00 2.150277310021606603e+00 -1.226002847054977307e+00
2.046098709105228064e+00 -2.809296255957689059e+00 -3.093674554917809516e+00 2.150277310021606603e+00 -1.226002847054977307e+00
1.935620211950444203e+00 -2.809296255957689059e+00 -3.093674554917809516e+00 2.150277310021606603e+00 -1.226002847054977307e+00
1.819948491603015528e+00 -2.809296255957689059e+00 -3.093674554917809516e+00 2.150277310021606603e+00 -1.226002847054977307e+00
1.896853277861737075e+00 -2.809296255957689059e+00 -3.093674554917809516e+00 2.150277310021606603e+00 -1.226002847054977307e+00
1.915370043254716048e+00 -2.809296255957689059e+00 -3.093674554917809516e+00 2.150277310021606603e+00 -1.226002847054977307e+00
1.905994863445708010e+00 -2.809296255957689059e+00 -3.093674554917809516e+00 2.150277310021606603e+00 -1.226002847054977307e+00
1.905960539261079001e+00 -2.809296255957689059e+00 -3.093674554917809516e+00 2.150277310021606603e+00 -1.226002847054977307e+00
1.902871906918896627e+00 -2.809296255957689059e+00 -3.093674554917809516e+00 2.150277310021606603e+00 -1.226002847054977307e+00
1.898922088635613514e+00 -2.809296255957689059e+00 -3.093674554917809516e+00 2.150277310021606603e+00 -1.226002847054977307e+00
1.901221000302060427e+00 -2.809296255957689059e+00 -3.093674554917809516e+00 2.150277310021606603e+00 -1.226002847054977307e+00
1.899712304011667907e+00 -2.809296255957689059e+00 -3.093674554917809516e+00 2.150277310021606603e+00 -1.226002847054977307e+00
1.900590410105253980e+00 -2.809296255957689059e+00 -3.093674554917809516e+00 2.150277310021606603e+00 -1.226002847054977307e+00
1.900014139417997905e+00 -2.809296255957689059e+00 -3.093674554917809516e+00 2.150277310021606603e+00 -1.226002847054977307e+00
1.900349546090140729e+00 -2.809296255957689059e+00 -3.093674554917809516e+00 2.150277310021606603e+00 -1.226002847054977307e+00
1.900129430280812270e+00 -2.809296255957689059e+00 -3.093674554917809516e+00 2.150277310021606603e+00 -1.226002847054977307e+00
1.900085393091106578e+00 -2.809296255957689059e+00 -3.093674554917809516e+00 2.150277310021606603e+00 -1.226002847054977307e+00
1.900143297079610161e+00 -2.809296255957689059e+00 -3.093674554917809516e+00 2.150277310021606603e+00 -1.226002847054977307e+00
1.900112609571608990e+00 -2.809296255957689059e+00 -3.093674554917809516e+00 2.150277310021606603e+00 -1.226002847054977307e+00
1.900123005341800786e+00 -2.809296255957689059e+00 -3.093674554917809516e+00 2.150277310021606603e+00 -1.226002847054977307e+00
1.900134726926481887e+00 -2.809296255957689059e+00 -3.093674554917809516e+00 2.150277310021606603e+00 -1.226002847054977307e+00
1.900128717734127948e+00 -2.809296255957689059e+00 -3.093674554917809516e+00 2.150277310021606603e+00 -1.226002847054977307e+00
1.900131453419372063e+00 -2.809296255957689059e+00 -3.093674554917809516e+00 2.150277310021606603e+00 -1.226002847054977307e+00
1.900130203050955258e+00 -2.809296255957689059e+00 -3.093674554917809516e+00 2.150277310021606603e+00 -1.226002847054977307e+00
1.900129430280812270e+00 -2.809296255957689059e+00 -3.093674554917809516e+00 2.150277310021606603e+00 -1.226002847054977307e+00
1.900129430280812270e+00 -1.809296255957689059e+00 -3.093674554917809516e+00 2.150277310021606603e+00 -1.226002847054977307e+00
1.900129430280812270e+00 -4.427330255957689253e+00 -3.093674554917809516e+00 2.150277310021606603e+00 -1.226002847054977307e+00
1.900129430280812270e+00 -2.809296255957689059e+00 -3.093674554917809516e+00 2.150277310021606603e+00 -1.226002847054977307e+00
1.900129430280812270e+00 -3.427330230801689304e+00 -3.093674554917809516e+00 2.150277310021606603e+00 -1.226002847054977307e+00
1.900129430280812270e+00 -2.427330255957689253e+00 -3.093674554917809516e+00 2.150277310021606603e+00 -1.226002847054977307e+00
1.900129430280812270e+00 -2.768561216966425764e+00 -3.093674554917809516e+00 2.150277310021606603e+00 -1.226002847054977307e+00
1.900129430280812270e+00 -2.713177589754947938e+00 -3.093674554917809516e+00 2.150277310021606603e+00 -1.226002847054977307e+00
1.900129430280812270e+00 -2.711722908592466119e+00 -3.093674554917809516e+00 2.150277310021606603e+00 -1.226002847054977307e+00
1.900129430280812270e+00 -2.739788943328203885e+00 -3.093674554917809516e+00 2.150277310021606603e+00 -1.226002847054977307e+00
1.900129430280812270e+00 -2.750778973600700894e+00 -3.093674554917809516e+00 2.150277310021606603e+00 -1.226002847054977307e+00
1.900129430280812270e+00 -2.732832870193080410e+00 -3.093674554917809516e+00 2.150277310021606603e+00 -1.226002847054977307e+00
1.900129430280812270e+00 -2.743986761231268723e+00 -3.093674554917809516e+00 2.150277310021606603e+00 -1.226002847054977307e+00
1.900129430280812270e+00 -2.737131959897073585e+00 -3.093674554917809516e+00 2.150277310021606603e+00 -1.226002847054977307e+00
1.900129430280812270e+00 -2.741392367041366018e+00 -3.093674554917809516e+00 2.150277310021606603e+00 -1.226002847054977307e+00
1.900129430280812270e+00 -2.738774065994948881e+00 -3.093674554917809516e+00 2.150277310021606603e+00 -1.226002847054977307e+00
1.900129430280812270e+00 -2.740484016464499017e+00 -3.093674554917809516e+00 2.150277310021606603e+00 -1.226002847054977307e+00
1.900129430280812270e+00 -2.739788943328203885e+00 -3.093674554917809516e+00 2.150277310021606603e+00 -1.226002847054977307e+00
1.900129430280812270e+00 -2.739788943328203885e+00 -2.093674554917809516e+00 2.150277310021606603e+00 -1.226002847054977307e+00
1.900129430280812270e+00 -2.739788943328203885e+00 -4.711708554917809266e+00 2.150277310021606603e+00 -1.226002847054977307e+00
1.900129430280812270e+00 -2.739788943328203885e+00 -3.093674554917809516e+00 2.150277310021606603e+00 -1.226002847054977307e+00
1.900129430280812270e+00 -2.739788943328203885e+00 -3.711708529761809316e+00 2.150277310021606603e+00 -1.226002847054977307e+00
1.900129430280812270e+00 -2.739788943328203885e+00 -2.711708554917809266e+00 2.150277310021606603e+00 -1.226002847054977307e+00
1.900129430280812270e+00 -2.739788943328203885e+00 -3.270176695954201129e+00 2.150277310021606603e+00 -1.226002847054977307e+00
1.900129430280812270e+00 -2.739788943328203885e+00 -2.947776529761809705e+00 2.150277310021606603e+00 -1.226002847054977307e+00
1.900129430280812270e+00 -2.739788943328203885e+00 -3.139511458498642771e+00 2.150277310021606603e+00 -1.226002847054977307e+00
1.900129430280812270e+00 -2.739788943328203885e+00 -3.037946469841072972e+00 2.150277310021606603e+00 -1.226002847054977307e+00
1.900129430280812270e+00 -2.739788943328203885e+00 -3.072388321173388892e+00 2.150277310021606603e+00 -1.226002847054977307e+00
1.900129430280812270e+00 -2.739788943328203885e+00 -3.111182693630965890e+00 2.150277310021606603e+00 -1.226002847054977307e+00
1.900129430280812270e+00 -2.739788943328203885e+00 -3.085543937359388256e+00 2.150277310021606603e+00 -1.226002847054977307e+00
1.900129430280812270e+00 -2.739788943328203885e+00 -3.100362068629519019e+00 2.150277310021606603e+00 -1.226002847054977307e+00
1.900129430280812270e+00 -2.739788943328203885e+00 -3.101385017404649780e+00 2.150277310021606603e+00 -1.226002847054977307e+00
1.900129430280812270e+00 -2.739788943328203885e+00 -3.097172572258729772e+00 2.150277310021606603e+00 -1.226002847054977307e+00
1.900129430280812270e+00 -2.739788943328203885e+00 -3.099143789458754128e+00 2.150277310021606603e+00 -1.226002847054977307e+00
1.900129430280812270e+00 -2.739788943328203885e+00 -3.099896727407778663e+00 2.150277310021606603e+00 -1.226002847054977307e+00
1.900129430280812270e+00 -2.739788943328203885e+00 -3.100752800281360688e+00 2.150277310021606603e+00 -1.226002847054977307e+00
1.900129430280812270e+00 -2.739788943328203885e+00 -3.100184324104415801e+00 2.150277310021606603e+00 -1.226002847054977307e+00
1.900129430280812270e+00 -2.739788943328203885e+00 -3.100511314835646459e+00 2.150277310021606603e+00 -1.226002847054977307e+00
1.900129430280812270e+00 -2.739788943328203885e+00 -3.100603554065404222e+00 2.150277310021606603e+00 -1.226002847054977307e+00
1.900129430280812270e+00 -2.739788943328203885e+00 -3.100442947226468071e+00 2.150277310021606603e+00 -1.226002847054977307e+00
1.900129430280812270e+00 -2.739788943328203885e+00 -3.100511314835646459e+00 2.150277310021606603e+00 -1.226002847054977307e+00
1.900129430280812270e+00 -2.739788943328203885e+00 -3.100511314835646459e+00 3.150277310021606603e+00 -1.226002847054977307e+00
1.900129430280812270e+00 -2.739788943328203885e+00 -3.100511314835646459e+00 5.322433100216066304e-01 -1.226002847054977307e+00
1.900129430280812270e+00 -2.739788943328203885e+00 -3.100511314835646459e+00 2.150277310021606603e+00 -1.226002847054977307e+00
1.900129430280812270e+00 -2.739788943328203885e+00 -3.100511314835646459e+00 1.532243335177606580e+00 -1.226002847054977307e+00
1.900129430280812270e+00 -2.739788943328203885e+00 -3.100511314835646459e+00 2.532243310021606852e+00 -1.226002847054977307e+00
1.900129430280812270e+00 -2.739788943328203885e+00 -3.100511314835646459e+00 2.088175614983600603e+00 -1.226002847054977307e+00
1.900129430280812270e+00 -2.739788943328203885e+00 -3.100511314835646459e+00 2.136015047508573073e+00 -1.226002847054977307e+00
1.900129430280812270e+00 -2.739788943328203885e+00 -3.100511314835646459e+00 2.128440046501590466e+00 -1.226002847054977307e+00
1.900129430280812270e+00 -2.739788943328203885e+00 -3.100511314835646459e+00 2.141346633259845422e+00 -1.226002847054977307e+00
1.900129430280812270e+00 -2.739788943328203885e+00 -3.100511314835646459e+00 2.133121654673939993e+00 -1.226002847054977307e+00
1.900129430280812270e+00 -2.739788943328203885e+00 -3.100511314835646459e+00 2.138051531991643550e+00 -1.226002847054977307e+00
1.900129430280812270e+00 -2.739788943328203885e+00 -3.100511314835646459e+00 2.134909869821099537e+00 -1.226002847054977307e+00
1.900129430280812270e+00 -2.739788943328203885e+00 -3.100511314835646459e+00 2.134226832434199750e+00 -1.226002847054977307e+00
1.900129430280812270e+00 -2.739788943328203885e+00 -3.100511314835646459e+00 2.133804692105824241e+00 -1.226002847054977307e+00
1.900129430280812270e+00 -2.739788943328203885e+00 -3.100511314835646459e+00 2.133543795030117263e+00 -1.226002847054977307e+00
1.900129430280812270e+00 -2.739788943328203885e+00 -3.100511314835646459e+00 2.133969418294982212e+00 -1.226002847054977307e+00
1.900129430280812270e+00 -2.739788943328203885e+00 -3.100511314835646459e+00 2.133804692105824241e+00 -1.226002847054977307e+00
1.900129430280812270e+00 -2.739788943328203885e+00 -3.100511314835646459e+00 2.133804692105824241e+00 -2.260028470549773072e-01
1.900129430280812270e+00 -2.739788943328203885e+00 -3.100511314835646459e+00 2.133804692105824241e+00 -2.844036847054977279e+00
1.900129430280812270e+00 -2.739788943328203885e+00 -3.100511314835646459e+00 2.133804692105824241e+00 -1.226002847054977307e+00
1.900129430280812270e+00 -2.739788943328203885e+00 -3.100511314835646459e+00 2.133804692105824241e+00 -1.844036821898977330e+00
1.900129430280812270e+00 -2.739788943328203885e+00 -3.100511314835646459e+00 2.133804692105824241e+00 -8.440368470549772795e-01
1.900129430280812270e+00 -2.739788943328203885e+00 -3.100511314835646459e+00 2.133804692105824241e+00 -1.205195225211914023e+00
1.900129430280812270e+00 -2.739788943328203885e+00 -3.100511314835646459e+00 2.133804692105824241e+00 -1.462070812290240607e+00
1.900129430280812270e+00 -2.739788943328203885e+00 -3.100511314835646459e+00 2.133804692105824241e+00 -1.302751245212219855e+00
1.900129430280812270e+00 -2.739788943328203885e+00 -3.100511314835646459e+00 2.133804692105824241e+00 -1.246462003472024183e+00
1.900129430280812270e+00 -2.739788943328203885e+00 -3.100511314835646459e+00 2.133804692105824241e+00 -1.227818506851869884e+00
1.900129430280812270e+00 -2.739788943328203885e+00 -3.100511314835646459e+00 2.133804692105824241e+00 -1.218055042970069834e+00
1.900129430280812270e+00 -2.739788943328203885e+00 -3.100511314835646459e+00 2.133804692105824241e+00 -1.222967056119881546e+00
1.900129430280812270e+00 -2.739788943328203885e+00 -3.100511314835646459e+00 2.133804692105824241e+00 -1.224843278134662539e+00
1.900129430280812270e+00 -2.739788943328203885e+00 -3.100511314835646459e+00 2.133804692105824241e+00 -1.226696367364957130e+00
1.900129430280812270e+00 -2.739788943328203885e+00 -3.100511314835646459e+00 2.133804692105824241e+00 -1.225559931152760296e+00
1.900129430280812270e+00 -2.739788943328203885e+00 -3.100511314835646459e+00 2.133804692105824241e+00 -1.226267748233698995e+00
1.900129430280812270e+00 -2.739788943328203885e+00 -3.100511314835646459e+00 2.133804692105824241e+00 -1.225833668239471042e+00
1.900129430280812270e+00 -2.739788943328203885e+00 -3.100511314835646459e+00 2.133804692105824241e+00 -1.226104030298609038e+00
1.900129430280812270e+00 -2.739788943328203885e+00 -3.100511314835646459e+00 2.133804692105824241e+00 -1.225938226499533767e+00
1.900129430280812270e+00 -2.739788943328203885e+00 -3.100511314835646459e+00 2.133804692105824241e+00 -1.226041495613814369e+00
1.900129430280812270e+00 -2.739788943328203885e+00 -3.100511314835646459e+00 2.133804692105824241e+00 -1.225978164199896803e+00
1.900129430280812270e+00 -2.739788943328203885e+00 -3.100511314835646459e+00 2.133804692105824241e+00 -1.226017609490402061e+00
1.900129430280812270e+00 -2.739788943328203885e+00 -3.100511314835646459e+00 2.133804692105824241e+00 -1.225993419043553523e+00
1.900129430280812270e+00 -2.739788943328203885e+00 -3.100511314835646459e+00 2.133804692105824241e+00 -1.226008485803386838e+00
1.900129430280812270e+00 -2.739788943328203885e+00 -3.100511314835646459e+00 2.133804692105824241e+00 -1.225999245875165844e+00
1.900129430280812270e+00 -2.739788943328203885e+00 -3.100511314835646459e+00 2.133804692105824241e+00 -1.226005000865152184e+00
1.900129430280812270e+00 -2.739788943328203885e+00 -3.100511314835646459e+00 2.133804692105824241e+00 -1.226001471526729336e+00
1.900129430280812270e+00 -2.739788943328203885e+00 -3.100511314835646459e+00 2.133804692105824241e+00 -1.226003669737234514e+00
1.900129430280812270e+00 -2.739788943328203885e+00 -3.100511314835646459e+00 2.133804692105824241e+00 -1.226002321649954485e+00
1.900129430280812270e+00 -2.739788943328203885e+00 -3.100511314835646459e+00 2.133804692105824241e+00 -1.226003161291628452e+00
1.900129430280812270e+00 -2.739788943328203885e+00 -3.100511314835646459e+00 2.133804692105824241e+00 -1.226002646368122395e+00
1.900129430280812270e+00 -2.739788943328203885e+00 -3.100511314835646459e+00 2.133804692105824241e+00 -1.226002967082693962e+00
1.900129430280812270e+00 -2.739788943328203885e+00 -3.100511314835646459e+00 2.133804692105824241e+00 -1.226002770399422070e+00
1.900129430280812270e+00 -2.739788943328203885e+00 -3.100511314835646459e+00 2.133804692105824241e+00 -1.226002892901484120e+00
1.900129430280812270e+00 -2.739788943328203885e+00 -3.100511314835646459e+00 2.133804692105824241e+00 -1.226002817775161402e+00
1.900129430280812270e+00 -2.739788943328203885e+00 -3.100511314835646459e+00 2.133804692105824241e+00 -1.226002864566784201e+00
1.900129430280812270e+00 -2.739788943328203885e+00 -3.100511314835646459e+00 2.133804692105824241e+00 -1.226002835871083274e+00
1.900129430280812270e+00 -2.739788943328203885e+00 -3.100511314835646459e+00 2.133804692105824241e+00 -1.226002853743892063e+00
1.900129430280812270e+00 -2.739788943328203885e+00 -3.100511314835646459e+00 2.133804692105824241e+00 -1.226002842783110003e+00
1.900129430280812270e+00 -2.739788943328203885e+00 -3.100511314835646459e+00 2.133804692105824241e+00 -1.226002849609915346e+00
1.900129430280812270e+00 -2.739788943328203885e+00 -3.100511314835646459e+00 2.133804692105824241e+00 -1.226002845423269205e+00
1.900129430280812270e+00 -2.739788943328203885e+00 -3.100511314835646459e+00 2.133804692105824241e+00 -1.226002848030876669e+00
1.900129430280812270e+00 -2.739788943328203885e+00 -3.100511314835646459e+00 2.133804692105824241e+00 -1.226002846431720306e+00
1.900129430280812270e+00 -2.739788943328203885e+00 -3.100511314835646459e+00 2.133804692105824241e+00 -1.226002847427737796e+00
1.900129430280812270e+00 -2.739788943328203885e+00 -3.100511314835646459e+00 2.133804692105824241e+00 -1.226002846816914404e+00
1.900129430280812270e+00 -2.739788943328203885e+00 -3.100511314835646459e+00 2.133804692105824241e+00 -1.226002847197359191e+00
1.900129430280812270e+00 -2.739788943328203885e+00 -3.100511314835646459e+00 2.133804692105824241e+00 -1.226002846964045379e+00
1.900129430280812270e+00 -2.739788943328203885e+00 -3.100511314835646459e+00 2.133804692105824241e+00 -1.226002847109362248e+00
1.900129430280812270e+00 -2.739788943328203885e+00 -3.100511314835646459e+00 2.133804692105824241e+00 -1.226002847020244424e+00
1.900129430280812270e+00 -2.739788943328203885e+00 -3.100511314835646459e+00 2.133804692105824241e+00 -1.226002847075750468e+00
1.900129430280812270e+00 -2.739788943328203885e+00 -3.100511314835646459e+00 2.133804692105824241e+00 -1.226002847041710586e+00
1.900129430280812270e+00 -2.739788943328203885e+00 -3.100511314835646459e+00 2.133804692105824241e+00 -1.226002847064977308e+00
1.900058176612396510e+00 -2.670281630698718711e+00 -3.107348074753483402e+00 2.117332074190041880e+00 -1.226002847054977307e+00
1.900129430280812270e+00 -2.739788943328203885e+00 -3.100511314835646459e+00 2.133804692105824241e+00 -1.226002847054977307e+00
2.900129430280812493e+00 -2.739788943328203885e+00 -3.100511314835646459e+00 2.133804692105824241e+00 -1.226002847054977307e+00
2.820954302808122982e-01 -2.739788943328203885e+00 -3.100511314835646459e+00 2.133804692105824241e+00 -1.226002847054977307e+00
1.900129430280812270e+00 -2.739788943328203885e+00 -3.100511314835646459e+00 2.133804692105824241e+00 -1.226002847054977307e+00
1.282095455436812248e+00 -2.739788943328203885e+00 -3.100511314835646459e+00 2.133804692105824241e+00 -1.226002847054977307e+00
2.282095430280812298e+00 -2.739788943328203885e+00 -3.100511314835646459e+00 2.133804692105824241e+00 -1.226002847054977307e+00
1.682932320357736433e+00 -2.739788943328203885e+00 -3.100511314835646459e+00 2.133804692105824241e+00 -1.226002847054977307e+00
2.046027455436812303e+00 -2.739788943328203885e+00 -3.100511314835646459e+00 2.133804692105824241e+00 -1.226002847054977307e+00
1.923555830731739968e+00 -2.739788943328203885e+00 -3.100511314835646459e+00 2.133804692105824241e+00 -1.226002847054977307e+00
1.879289676521882058e+00 -2.739788943328203885e+00 -3.100511314835646459e+00 2.133804692105824241e+00 -1.226002847054977307e+00
1.895901449879426437e+00 -2.739788943328203885e+00 -3.100511314835646459e+00 2.133804692105824241e+00 -1.226002847054977307e+00
1.891135150773659346e+00 -2.739788943328203885e+00 -3.100511314835646459e+00 2.133804692105824241e+00 -1.226002847054977307e+00
1.896052814580811763e+00 -2.739788943328203885e+00 -3.100511314835646459e+00 2.133804692105824241e+00 -1.226002847054977307e+00
1.894080885675192949e+00 -2.739788943328203885e+00 -3.100511314835646459e+00 2.133804692105824241e+00 -1.226002847054977307e+00
1.892955715097793812e+00 -2.739788943328203885e+00 -3.100511314835646459e+00 2.133804692105824241e+00 -1.226002847054977307e+00
1.894776279302027078e+00 -2.739788943328203885e+00 -3.100511314835646459e+00 2.133804692105824241e+00 -1.226002847054977307e+00
1.893651108770426195e+00 -2.739788943328203885e+00 -3.100511314835646459e+00 2.133804692105824241e+00 -1.226002847054977307e+00
1.894346502397260323e+00 -2.739788943328203885e+00 -3.100511314835646459e+00 2.133804692105824241e+00 -1.226002847054977307e+00
1.893916725509986687e+00 -2.739788943328203885e+00 -3.100511314835646459e+00 2.133804692105824241e+00 -1.226002847054977307e+00
1.894182342232054062e+00 -2.739788943328203885e+00 -3.100511314835646459e+00 2.133804692105824241e+00 -1.226002847054977307e+00
1.894018182073529788e+00 -2.739788943328203885e+00 -3.100511314835646459e+00 2.133804692105824241e+00 -1.226002847054977307e+00
1.894080885675192949e+00 -2.739788943328203885e+00 -3.100511314835646459e+00 2.133804692105824241e+00 -1.226002847054977307e+00
1.894080885675192949e+00 -1.739788943328203885e+00 -3.100511314835646459e+00 2.133804692105824241e+00 -1.226002847054977307e+00
1.894080885675192949e+00 -4.357822943328203635e+00 -3.100511314835646459e+00 2.133804692105824241e+00 -1.226002847054977307e+00
1.894080885675192949e+00 -2.739788943328203885e+00 -3.100511314835646459e+00 2.133804692105824241e+00 -1.226002847054977307e+00
1.894080885675192949e+00 -3.357822918172203686e+00 -3.100511314835646459e+00 2.133804692105824241e+00 -1.226002847054977307e+00
1.894080885675192949e+00 -2.357822943328203635e+00 -3.100511314835646459e+00 2.133804692105824241e+00 -1.226002847054977307e+00
1.894080885675192949e+00 -2.769087498931884106e+00 -3.100511314835646459e+00 2.133804692105824241e+00 -1.226002847054977307e+00
1.894080885675192949e+00 -2.993964412077432247e+00 -3.100511314835646459e+00 2.133804692105824241e+00 -1.226002847054977307e+00
1.894080885675192949e+00 -2.847428677803356400e+00 -3.100511314835646459e+00 2.133804692105824241e+00 -1.226002847054977307e+00
1.894080885675192949e+00 -2.800028405720849101e+00 -3.100511314835646459e+00 2.133804692105824241e+00 -1.226002847054977307e+00
1.894080885675192949e+00 -2.780905873334437839e+00 -3.100511314835646459e+00 2.133804692105824241e+00 -1.226002847054977307e+00
1.894080885675192949e+00 -2.757896446842168725e+00 -3.100511314835646459e+00 2.133804692105824241e+00 -1.226002847054977307e+00
1.894080885675192949e+00 -2.766647680440339041e+00 -3.100511314835646459e+00 2.133804692105824241e+00 -1.226002847054977307e+00
1.894080885675192949e+00 -2.773601716128929695e+00 -3.100511314835646459e+00 2.133804692105824241e+00 -1.226002847054977307e+00
1.894080885675192949e+00 -2.770811776417770655e+00 -3.100511314835646459e+00 2.133804692105824241e+00 -1.226002847054977307e+00
1.894080885675192949e+00 -2.768155571221942779e+00 -3.100511314835646459e+00 2.133804692105824241e+00 -1.226002847054977307e+00
1.894080885675192949e+00 -2.769746114306058438e+00 -3.100511314835646459e+00 2.133804692105824241e+00 -1.226002847054977307e+00
1.894080885675192949e+00 -2.768731534232228508e+00 -3.100511314835646459e+00 2.133804692105824241e+00 -1.226002847054977307e+00
1.894080885675192949e+00 -2.769380484497920847e+00 -3.100511314835646459e+00 2.133804692105824241e+00 -1.226002847054977307e+00
1.894080885675192949e+00 -2.769087498931884106e+00 -3.100511314835646459e+00 2.133804692105824241e+00 -1.226002847054977307e+00
1.894080885675192949e+00 -2.769087498931884106e+00 -2.100511314835646459e+00 2.133804692105824241e+00 -1.226002847054977307e+00
1.894080885675192949e+00 -2.769087498931884106e+00 -4.718545314835646209e+00 2.133804692105824241e+00 -1.226002847054977307e+00
1.894080885675192949e+00 -2.769087498931884106e+00 -3.100511314835646459e+00 2.133804692105824241e+00 -1.226002847054977307e+00
1.894080885675192949e+00 -2.769087498931884106e+00 -3.718545289679646260e+00 2.133804692105824241e+00 -1.226002847054977307e+00
1.894080885675192949e+00 -2.769087498931884106e+00 -2.718545314835646209e+00 2.133804692105824241e+00 -1.226002847054977307e+00
1.894080885675192949e+00 -2.769087498931884106e+00 -3.365001082041145786e+00 2.133804692105824241e+00 -1.226002847054977307e+00
1.894080885675192949e+00 -2.769087498931884106e+00 -3.332398484603960931e+00 2.133804692105824241e+00 -1.226002847054977307e+00
1.894080885675192949e+00 -2.769087498931884106e+00 -3.242682386989397703e+00 2.133804692105824241e+00 -1.226002847054977307e+00
1.894080885675192949e+00 -2.769087498931884106e+00 -3.298129985662516805e+00 2.133804692105824241e+00 -1.226002847054977307e+00
1.894080885675192949e+00 -2.769087498931884106e+00 -3.319309083137293559e+00 2.133804692105824241e+00 -1.226002847054977307e+00
1.894080885675192949e+00 -2.769087498931884106e+00 -3.330079612896278185e+00 2.133804692105824241e+00 -1.226002847054977307e+00
1.894080885675192949e+00 -2.769087498931884106e+00 -3.334717356311644121e+00 2.133804692105824241e+00 -1.226002847054977307e+00
1.894080885675192949e+00 -2.769087498931884106e+00 -3.332398484603960931e+00 2.133804692105824241e+00 -1.226002847054977307e+00
1.894080885675192949e+00 -2.769087498931884106e+00 -3.332398484603960931e+00 3.133804692105824241e+00 -1.226002847054977307e+00
1.894080885675192949e+00 -2.769087498931884106e+00 -3.332398484603960931e+00 5.157706921058242688e-01 -1.226002847054977307e+00
1.894080885675192949e+00 -2.769087498931884106e+00 -3.332398484603960931e+00 2.133804692105824241e+00 -1.226002847054977307e+00
1.894080885675192949e+00 -2.769087498931884106e+00 -3.332398484603960931e+00 1.515770717261824219e+00 -1.226002847054977307e+00
1.894080885675192949e+00 -2.769087498931884106e+00 -3.332398484603960931e+00 2.515770692105824047e+00 -1.226002847054977307e+00
1.894080885675192949e+00 -2.769087498931884106e+00 -3.332398484603960931e+00 2.075291121679944339e+00 -1.226002847054977307e+00
1.894080885675192949e+00 -2.769087498931884106e+00 -3.332398484603960931e+00 2.144408169640800388e+00 -1.226002847054977307e+00
1.894080885675192949e+00 -2.769087498931884106e+00 -3.332398484603960931e+00 2.112695004884681982e+00 -1.226002847054977307e+00
1.894080885675192949e+00 -2.769087498931884106e+00 -3.332398484603960931e+00 2.125741509316713351e+00 -1.226002847054977307e+00
1.894080885675192949e+00 -2.769087498931884106e+00 -3.332398484603960931e+00 2.137854860005949043e+00 -1.226002847054977307e+00
1.894080885675192949e+00 -2.769087498931884106e+00 -3.332398484603960931e+00 2.131652636628231345e+00 -1.226002847054977307e+00
1.894080885675192949e+00 -2.769087498931884106e+00 -3.332398484603960931e+00 2.135351718537963350e+00 -1.226002847054977307e+00
1.894080885675192949e+00 -2.769087498931884106e+00 -3.332398484603960931e+00 2.133679412485805837e+00 -1.226002847054977307e+00
1.894080885675192949e+00 -2.769087498931884106e+00 -3.332398484603960931e+00 2.134525894422778070e+00 -1.226002847054977307e+00
1.894080885675192949e+00 -2.769087498931884106e+00 -3.332398484603960931e+00 2.134080166870021777e+00 -1.226002847054977307e+00
1.894080885675192949e+00 -2.769087498931884106e+00 -3.332398484603960931e+00 2.133909914099605842e+00 -1.226002847054977307e+00
1.894080885675192949e+00 -2.769087498931884106e+00 -3.332398484603960931e+00 2.133756839550484230e+00 -1.226002847054977307e+00
1.894080885675192949e+00 -2.769087498931884106e+00 -3.332398484603960931e+00 2.133844883329901077e+00 -1.226002847054977307e+00
1.894080885675192949e+00 -2.769087498931884106e+00 -3.332398484603960931e+00 2.133794170610206375e+00 -1.226002847054977307e+00
1.894080885675192949e+00 -2.769087498931884106e+00 -3.332398484603960931e+00 2.133820043786919918e+00 -1.226002847054977307e+00
1.894080885675192949e+00 -2.769087498931884106e+00 -3.332398484603960931e+00 2.133810555926045627e+00 -1.226002847054977307e+00
1.894080885675192949e+00 -2.769087498931884106e+00 -3.332398484603960931e+00 2.133800673252228997e+00 -1.226002847054977307e+00
1.894080885675192949e+00 -2.769087498931884106e+00 -3.332398484603960931e+00 2.133798189464066297e+00 -1.226002847054977307e+00
1.894080885675192949e+00 -2.769087498931884106e+00 -3.332398484603960931e+00 2.133802208317661542e+00 -1.226002847054977307e+00
1.894080885675192949e+00 -2.769087498931884106e+00 -3.332398484603960931e+00 2.133799724529599651e+00 -1.226002847054977307e+00
1.894080885675192949e+00 -2.769087498931884106e+00 -3.332398484603960931e+00 2.133801259595032196e+00 -1.226002847054977307e+00
1.894080885675192949e+00 -2.769087498931884106e+00 -3.332398484603960931e+00 2.133800310872441042e+00 -1.226002847054977307e+00
1.894080885675192949e+00 -2.769087498931884106e+00 -3.332398484603960931e+00 2.133800897215244241e+00 -1.226002847054977307e+00
1.894080885675192949e+00 -2.769087498931884106e+00 -3.332398484603960931e+00 2.133800534835470941e+00 -1.226002847054977307e+00
1.894080885675192949e+00 -2.769087498931884106e+00 -3.332398484603960931e+00 2.133800758798486186e+00 -1.226002847054977307e+00
1.894080885675192949e+00 -2.769087498931884106e+00 -3.332398484603960931e+00 2.133800620381733903e+00 -1.226002847054977307e+00
1.894080885675192949e+00 -2.769087498931884106e+00 -3.332398484603960931e+00 2.133800713450765052e+00 -1.226002847054977307e+00
1.894080885675192949e+00 -2.769087498931884106e+00 -3.332398484603960931e+00 2.133800673252228997e+00 -1.226002847054977307e+00
1.894080885675192949e+00 -2.769087498931884106e+00 -3.332398484603960931e+00 2.133800673252228997e+00 -2.260028470549773072e-01
1.894080885675192949e+00 -2.769087498931884106e+00 -3.332398484603960931e+00 2.133800673252228997e+00 -2.844036847054977279e+00
1.894080885675192949e+00 -2.769087498931884106e+00 -3.332398484603960931e+00 2.133800673252228997e+00 -1.226002847054977307e+00
1.894080885675192949e+00 -2.769087498931884106e+00 -3.332398484603960931e+00 2.133800673252228997e+00 -1.844036821898977330e+00
1.894080885675192949e+00 -2.769087498931884106e+00 -3.332398484603960931e+00 2.133800673252228997e+00 -8.440368470549772795e-01
1.894080885675192949e+00 -2.769087498931884106e+00 -3.332398484603960931e+00 2.133800673252228997e+00 -1.183766450804783821e+00
1.894080885675192949e+00 -2.769087498931884106e+00 -3.332398484603960931e+00 2.133800673252228997e+00 -1.073154306990824036e+00
1.894080885675192949e+00 -2.769087498931884106e+00 -3.332398484603960931e+00 2.133800673252228997e+00 -1.141516372680740909e+00
1.894080885675192949e+00 -2.769087498931884106e+00 -3.332398484603960931e+00 2.133800673252228997e+00 -1.195647293107943376e+00
1.894080885675192949e+00 -2.769087498931884106e+00 -3.332398484603960931e+00 2.133800673252228997e+00 -1.207242082626876156e+00
1.894080885675192949e+00 -2.769087498931884106e+00 -3.332398484603960931e+00 2.133800673252228997e+00 -1.199337229903386870e+00
1.894080885675192949e+00 -2.769087498931884106e+00 -3.332398484603960931e+00 2.133800673252228997e+00 -1.195343737558473007e+00
1.894080885675192949e+00 -2.769087498931884106e+00 -3.332398484603960931e+00 2.133800673252228997e+00 -1.190921607646313385e+00
1.894080885675192949e+00 -2.769087498931884106e+00 -3.332398484603960931e+00 2.133800673252228997e+00 -1.193654634284444960e+00
1.894080885675192949e+00 -2.769087498931884106e+00 -3.332398484603960931e+00 2.133800673252228997e+00 -1.194591596180379467e+00
1.894080885675192949e+00 -2.769087498931884106e+00 -3.332398484603960931e+00 2.133800673252228997e+00 -1.195037146453507892e+00
