5.265855210769561090e-01 2.342924073221420045e+00 1.351405066293605017e-01 -3.027059104290011682e+00 2.683558668836126593e+00
5.265855210769561090e-01 2.342924073221420045e+00 1.351405066293605017e-01 -3.027059104290011682e+00 2.683558668836126593e+00
1.526585521076956109e+00 2.342924073221420045e+00 1.351405066293605017e-01 -3.027059104290011682e+00 2.683558668836126593e+00
3.144619521076955859e+00 2.342924073221420045e+00 1.351405066293605017e-01 -3.027059104290011682e+00 2.683558668836126593e+00
1.526585521076956109e+00 2.342924073221420045e+00 1.351405066293605017e-01 -3.027059104290011682e+00 2.683558668836126593e+00
2.144619495920955909e+00 2.342924073221420045e+00 1.351405066293605017e-01 -3.027059104290011682e+00 2.683558668836126593e+00
2.526585505529692632e+00 2.342924073221420045e+00 1.351405066293605017e-01 -3.027059104290011682e+00 2.683558668836126593e+00
2.087132801239544033e+00 2.342924073221420045e+00 1.351405066293605017e-01 -3.027059104290011682e+00 2.683558668836126593e+00
2.221371050349579601e+00 2.342924073221420045e+00 1.351405066293605017e-01 -3.027059104290011682e+00 2.683558668836126593e+00
2.128439156162515999e+00 2.342924073221420045e+00 1.351405066293605017e-01 -3.027059104290011682e+00 2.683558668836126593e+00
2.160799835679395819e+00 2.342924073221420045e+00 1.351405066293605017e-01 -3.027059104290011682e+00 2.683558668836126593e+00
2.183935980262107002e+00 2.342924073221420045e+00 1.351405066293605017e-01 -3.027059104290011682e+00 2.683558668836126593e+00
2.160799835679395819e+00 2.342924073221420045e+00 1.351405066293605017e-01 -3.027059104290011682e+00 2.683558668836126593e+00
2.160799835679395819e+00 3.342924073221420045e+00 1.351405066293605017e-01 -3.027059104290011682e+00 2.683558668836126593e+00
2.160799835679395819e+00 7.248900732214200726e-01 1.351405066293605017e-01 -3.027059104290011682e+00 2.683558668836126593e+00
2.160799835679395819e+00 2.342924073221420045e+00 1.351405066293605017e-01 -3.027059104290011682e+00 2.683558668836126593e+00
2.160799835679395819e+00 1.724890098377420022e+00 1.351405066293605017e-01 -3.027059104290011682e+00 2.683558668836126593e+00
2.160799835679395819e+00 2.724890073221420295e+00 1.351405066293605017e-01 -3.027059104290011682e+00 2.683558668836126593e+00
2.160799835679395819e+00 2.258435163283861069e+00 1.351405066293605017e-01 -3.027059104290011682e+00 2.683558668836126593e+00
2.160799835679395819e+00 2.460252559638881120e+00 1.351405066293605017e-01 -3.027059104290011682e+00 2.683558668836126593e+00
2.160799835679395819e+00 2.387739565864352098e+00 1.351405066293605017e-01 -3.027059104290011682e+00 2.683558668836126593e+00
2.160799835679395819e+00 2.310652182248210451e+00 1.351405066293605017e-01 -3.027059104290011682e+00 2.683558668836126593e+00
2.160799835679395819e+00 2.360042067684270162e+00 1.351405066293605017e-01 -3.027059104290011682e+00 2.683558668836126593e+00
2.160799835679395819e+00 2.330597308113946831e+00 1.351405066293605017e-01 -3.027059104290011682e+00 2.683558668836126593e+00
2.160799835679395819e+00 2.349462565094416977e+00 1.351405066293605017e-01 -3.027059104290011682e+00 2.683558668836126593e+00
2.160799835679395819e+00 2.338215668060378949e+00 1.351405066293605017e-01 -3.027059104290011682e+00 2.683558668836126593e+00
2.160799835679395819e+00 2.345421554808181153e+00 1.351405066293605017e-01 -3.027059104290011682e+00 2.683558668836126593e+00
2.160799835679395819e+00 2.341125622535678019e+00 1.351405066293605017e-01 -3.027059104290011682e+00 2.683558668836126593e+00
2.160799835679395819e+00 2.343878026273189086e+00 1.351405066293605017e-01 -3.027059104290011682e+00 2.683558668836126593e+00
2.160799835679395819e+00 2.342237126206789810e+00 1.351405066293605017e-01 -3.027059104290011682e+00 2.683558668836126593e+00
2.160799835679395819e+00 2.343288450852791804e+00 1.351405066293605017e-01 -3.027059104290011682e+00 2.683558668836126593e+00
2.160799835679395819e+00 2.342661682818029778e+00 1.351405066293605017e-01 -3.027059104290011682e+00 2.683558668836126593e+00
2.160799835679395819e+00 2.343063253087764863e+00 1.351405066293605017e-01 -3.027059104290011682e+00 2.683558668836126593e+00
2.160799835679395819e+00 2.342823849008598636e+00 1.351405066293605017e-01 -3.027059104290011682e+00 2.683558668836126593e+00
2.160799835679395819e+00 2.342977235198248298e+00 1.351405066293605017e-01 -3.027059104290011682e+00 2.683558668836126593e+00
2.160799835679395819e+00 2.343010091107435411e+00 1.351405066293605017e-01 -3.027059104290011682e+00 2.683558668836126593e+00
2.160799835679395819e+00 2.342966311138479529e+00 1.351405066293605017e-01 -3.027059104290011682e+00 2.683558668836126593e+00
2.160799835679395819e+00 2.342989785038456674e+00 1.351405066293605017e-01 -3.027059104290011682e+00 2.683558668836126593e+00
2.160799835679395819e+00 2.342982028810513206e+00 1.351405066293605017e-01 -3.027059104290011682e+00 2.683558668836126593e+00
2.160799835679395819e+00 2.342973062578834753e+00 1.351405066293605017e-01 -3.027059104290011682e+00 2.683558668836126593e+00
2.160799835679395819e+00 2.342980832428068094e+00 1.351405066293605017e-01 -3.027059104290011682e+00 2.683558668836126593e+00
2.160799835679395819e+00 2.342975641399501097e+00 1.351405066293605017e-01 -3.027059104290011682e+00 2.683558668836126593e+00
2.160799835679395819e+00 2.342978609217733599e+00 1.351405066293605017e-01 -3.027059104290011682e+00 2.683558668836126593e+00
2.160799835679395819e+00 2.342976626421315878e+00 1.351405066293605017e-01 -3.027059104290011682e+00 2.683558668836126593e+00
2.160799835679395819e+00 2.342977766828016506e+00 1.351405066293605017e-01 -3.027059104290011682e+00 2.683558668836126593e+00
2.160799835679395819e+00 2.342977235198248298e+00 1.351405066293605017e-01 -3.027059104290011682e+00 2.683558668836126593e+00
2.160799835679395819e+00 2.342977235198248298e+00 1.135140506629360502e+00 -3.027059104290011682e+00 2.683558668836126593e+00
2.160799835679395819e+00 2.342977235198248298e+00 2.753174506629360252e+00 -3.027059104290011682e+00 2.683558668836126593e+00
2.160799835679395819e+00 2.342977235198248298e+00 1.135140506629360502e+00 -3.027059104290011682e+00 2.683558668836126593e+00
2.160799835679395819e+00 2.342977235198248298e+00 1.753174481473360302e+00 -3.027059104290011682e+00 2.683558668836126593e+00
2.160799835679395819e+00 2.342977235198248298e+00 7.531745066293604740e-01 -3.027059104290011682e+00 2.683558668836126593e+00
2.160799835679395819e+00 2.342977235198248298e+00 1.122068165752668101e+00 -3.027059104290011682e+00 2.683558668836126593e+00
2.160799835679395819e+00 2.342977235198248298e+00 1.371208471864623801e+00 -3.027059104290011682e+00 2.683558668836126593e+00
2.160799835679395819e+00 2.342977235198248298e+00 1.251609730271604937e+00 -3.027059104290011682e+00 2.683558668836126593e+00
2.160799835679395819e+00 2.342977235198248298e+00 1.217812984156722678e+00 -3.027059104290011682e+00 2.683558668836126593e+00
2.160799835679395819e+00 2.342977235198248298e+00 1.193669859210534812e+00 -3.027059104290011682e+00 2.683558668836126593e+00
2.160799835679395819e+00 2.342977235198248298e+00 1.228639708941996256e+00 -3.027059104290011682e+00 2.683558668836126593e+00
2.160799835679395819e+00 2.342977235198248298e+00 1.206986259371449099e+00 -3.027059104290011682e+00 2.683558668836126593e+00
2.160799835679395819e+00 2.342977235198248298e+00 1.217812984156722678e+00 -3.027059104290011682e+00 2.683558668836126593e+00
2.160799835679395819e+00 2.342977235198248298e+00 1.217812984156722678e+00 -2.027059104290011682e+00 2.683558668836126593e+00
2.160799835679395819e+00 2.342977235198248298e+00 1.217812984156722678e+00 -4.645093104290011432e+00 2.683558668836126593e+00
2.160799835679395819e+00 2.342977235198248298e+00 1.217812984156722678e+00 -3.027059104290011682e+00 2.683558668836126593e+00
2.160799835679395819e+00 2.342977235198248298e+00 1.217812984156722678e+00 -3.645093079134011482e+00 2.683558668836126593e+00
2.160799835679395819e+00 2.342977235198248298e+00 1.217812984156722678e+00 -2.645093104290011432e+00 2.683558668836126593e+00
2.160799835679395819e+00 2.342977235198248298e+00 1.217812984156722678e+00 -2.409025129446011881e+00 2.683558668836126593e+00
2.160799835679395819e+00 2.342977235198248298e+00 1.217812984156722678e+00 -2.263127094681275153e+00 2.683558668836126593e+00
2.160799835679395819e+00 2.342977235198248298e+00 1.217812984156722678e+00 -2.400606179542442487e+00 2.683558668836126593e+00
2.160799835679395819e+00 2.342977235198248298e+00 1.217812984156722678e+00 -2.380365262200586418e+00 2.683558668836126593e+00
2.160799835679395819e+00 2.342977235198248298e+00 1.217812984156722678e+00 -2.335584268305905375e+00 2.683558668836126593e+00
2.160799835679395819e+00 2.342977235198248298e+00 1.217812984156722678e+00 -2.373898323769692453e+00 2.683558668836126593e+00
2.160799835679395819e+00 2.342977235198248298e+00 1.217812984156722678e+00 -2.359263657260411318e+00 2.683558668836126593e+00
2.160799835679395819e+00 2.342977235198248298e+00 1.217812984156722678e+00 -2.367366715954489109e+00 2.683558668836126593e+00
2.160799835679395819e+00 2.342977235198248298e+00 1.217812984156722678e+00 -2.373898323769692453e+00 2.683558668836126593e+00
2.160799835679395819e+00 2.342977235198248298e+00 1.217812984156722678e+00 -2.373898323769692453e+00 3.683558668836126593e+00
2.160799835679395819e+00 2.342977235198248298e+00 1.217812984156722678e+00 -2.373898323769692453e+00 1.065524668836126621e+00
2.160799835679395819e+00 2.342977235198248298e+00 1.217812984156722678e+00 -2.373898323769692453e+00 2.683558668836126593e+00
2.160799835679395819e+00 2.342977235198248298e+00 1.217812984156722678e+00 -2.373898323769692453e+00 2.065524693992126792e+00
2.160799835679395819e+00 2.342977235198248298e+00 1.217812984156722678e+00 -2.373898323769692453e+00 1.683558684383389847e+00
2.160799835679395819e+00 2.342977235198248298e+00 1.217812984156722678e+00 -2.373898323769692453e+00 2.353292529611701323e+00
2.160799835679395819e+00 2.342977235198248298e+00 1.217812984156722678e+00 -2.373898323769692453e+00 2.283954908822203755e+00
2.160799835679395819e+00 2.342977235198248298e+00 1.217812984156722678e+00 -2.373898323769692453e+00 2.218966445326866932e+00
2.160799835679395819e+00 2.342977235198248298e+00 1.217812984156722678e+00 -2.373898323769692453e+00 2.160356913336541229e+00
2.160799835679395819e+00 2.342977235198248298e+00 1.217812984156722678e+00 -2.373898323769692453e+00 2.225082438384935468e+00
2.160799835679395819e+00 2.342977235198248298e+00 1.217812984156722678e+00 -2.373898323769692453e+00 2.214320523081774184e+00
3.795014150281835530e+00 2.343030397175076551e+00 2.300485461684084854e+00 -1.720737543249373225e+00 1.754374221817607271e+00
2.160799835679395819e+00 2.342977235198248298e+00 1.217812984156722678e+00 -2.373898323769692453e+00 2.218966445326866932e+00
3.160799835679395819e+00 2.342977235198248298e+00 1.217812984156722678e+00 -2.373898323769692453e+00 2.218966445326866932e+00
5.427658356793958472e-01 2.342977235198248298e+00 1.217812984156722678e+00 -2.373898323769692453e+00 2.218966445326866932e+00
2.160799835679395819e+00 2.342977235198248298e+00 1.217812984156722678e+00 -2.373898323769692453e+00 2.218966445326866932e+00
1.542765860835395797e+00 2.342977235198248298e+00 1.217812984156722678e+00 -2.373898323769692453e+00 2.218966445326866932e+00
2.542765835679396069e+00 2.342977235198248298e+00 1.217812984156722678e+00 -2.373898323769692453e+00 2.218966445326866932e+00
1.947653945504612460e+00 2.342977235198248298e+00 1.217812984156722678e+00 -2.373898323769692453e+00 2.218966445326866932e+00
2.306697860835395630e+00 2.342977235198248298e+00 1.217812984156722678e+00 -2.373898323769692453e+00 2.218966445326866932e+00
2.145733499917870546e+00 2.342977235198248298e+00 1.217812984156722678e+00 -2.373898323769692453e+00 2.218966445326866932e+00
2.146765461102129180e+00 2.342977235198248298e+00 1.217812984156722678e+00 -2.373898323769692453e+00 2.218966445326866932e+00
2.070073844836855859e+00 2.342977235198248298e+00 1.217812984156722678e+00 -2.373898323769692453e+00 2.218966445326866932e+00
2.116834084105195579e+00 2.342977235198248298e+00 1.217812984156722678e+00 -2.373898323769692453e+00 2.218966445326866932e+00
2.134694905657566366e+00 2.342977235198248298e+00 1.217812984156722678e+00 -2.373898323769692453e+00 2.218966445326866932e+00
2.141517132222638953e+00 2.342977235198248298e+00 1.217812984156722678e+00 -2.373898323769692453e+00 2.218966445326866932e+00
2.144122990814793628e+00 2.342977235198248298e+00 1.217812984156722678e+00 -2.373898323769692453e+00 2.218966445326866932e+00
2.145118340197804674e+00 2.342977235198248298e+00 1.217812984156722678e+00 -2.373898323769692453e+00 2.218966445326866932e+00
2.146127674003576846e+00 2.342977235198248298e+00 1.217812984156722678e+00 -2.373898323769692453e+00 2.218966445326866932e+00
2.145498529820235589e+00 2.342977235198248298e+00 1.217812984156722678e+00 -2.373898323769692453e+00 2.218966445326866932e+00
2.145345516751643977e+00 2.342977235198248298e+00 1.217812984156722678e+00 -2.373898323769692453e+00 2.218966445326866932e+00
2.145498529820235589e+00 2.342977235198248298e+00 1.217812984156722678e+00 -2.373898323769692453e+00 2.218966445326866932e+00
2.145498529820235589e+00 3.342977235198248298e+00 1.217812984156722678e+00 -2.373898323769692453e+00 2.218966445326866932e+00
2.145498529820235589e+00 7.249432351982483258e-01 1.217812984156722678e+00 -2.373898323769692453e+00 2.218966445326866932e+00
2.145498529820235589e+00 2.342977235198248298e+00 1.217812984156722678e+00 -2.373898323769692453e+00 2.218966445326866932e+00
2.145498529820235589e+00 1.724943260354248276e+00 1.217812984156722678e+00 -2.373898323769692453e+00 2.218966445326866932e+00
2.145498529820235589e+00 2.724943235198248104e+00 1.217812984156722678e+00 -2.373898323769692453e+00 2.218966445326866932e+00
2.145498529820235589e+00 2.433586276870324916e+00 1.217812984156722678e+00 -2.373898323769692453e+00 2.218966445326866932e+00
2.145498529820235589e+00 2.106909269962984776e+00 1.217812984156722678e+00 -2.373898323769692453e+00 2.218966445326866932e+00
2.145498529820235589e+00 2.252807298789195833e+00 1.217812984156722678e+00 -2.373898323769692453e+00 2.218966445326866932e+00
2.145498529820235589e+00 2.347718642489793339e+00 1.217812984156722678e+00 -2.373898323769692453e+00 2.218966445326866932e+00
2.145498529820235589e+00 2.385454782357940839e+00 1.217812984156722678e+00 -2.373898323769692453e+00 2.218966445326866932e+00
2.145498529820235589e+00 2.362132564890670139e+00 1.217812984156722678e+00 -2.373898323769692453e+00 2.218966445326866932e+00
2.145498529820235589e+00 2.352869258244363326e+00 1.217812984156722678e+00 -2.373898323769692453e+00 2.218966445326866932e+00
2.145498529820235589e+00 2.347766056572708759e+00 1.217812984156722678e+00 -2.373898323769692453e+00 2.218966445326866932e+00
2.145498529820235589e+00 2.345907586112271126e+00 1.217812984156722678e+00 -2.373898323769692453e+00 2.218966445326866932e+00
2.145498529820235589e+00 2.347026880529496928e+00 1.217812984156722678e+00 -2.373898323769692453e+00 2.218966445326866932e+00
2.145498529820235589e+00 2.347454412940866764e+00 1.217812984156722678e+00 -2.373898323769692453e+00 2.218966445326866932e+00
2.145498529820235589e+00 2.347617715785907944e+00 1.217812984156722678e+00 -2.373898323769692453e+00 2.218966445326866932e+00
2.145498529820235589e+00 2.347555339651398842e+00 1.217812984156722678e+00 -2.373898323769692453e+00 2.218966445326866932e+00
2.145498529820235589e+00 2.347664120601784532e+00 1.217812984156722678e+00 -2.373898323769692453e+00 2.218966445326866932e+00
2.145498529820235589e+00 2.347617715785907944e+00 1.217812984156722678e+00 -2.373898323769692453e+00 2.218966445326866932e+00
2.145498529820235589e+00 2.347617715785907944e+00 2.217812984156722678e+00 -2.373898323769692453e+00 2.218966445326866932e+00
2.145498529820235589e+00 2.347617715785907944e+00 -4.002210158432772946e-01 -2.373898323769692453e+00 2.218966445326866932e+00
2.145498529820235589e+00 2.347617715785907944e+00 5.871428853708637874e-02 -2.373898323769692453e+00 2.218966445326866932e+00
2.145498529820235589e+00 2.347617715785907944e+00 5.871428853708637874e-02 -2.373898323769692453e+00 2.218966445326866932e+00
2.145498529820235589e+00 2.347617715785907944e+00 5.014505809081364340e-01 -2.373898323769692453e+00 2.218966445326866932e+00
2.145498529820235589e+00 2.347617715785907944e+00 -1.165833939358635885e-01 -2.373898323769692453e+00 2.218966445326866932e+00
2.145498529820235589e+00 2.347617715785907944e+00 -2.289490496861956714e-02 -2.373898323769692453e+00 2.218966445326866932e+00
2.145498529820235589e+00 2.347617715785907944e+00 -3.530198386987293269e-02 -2.373898323769692453e+00 2.218966445326866932e+00
2.145498529820235589e+00 2.347617715785907944e+00 1.197405804992079936e-02 -2.373898323769692453e+00 2.218966445326866932e+00
2.145498529820235589e+00 2.347617715785907944e+00 -9.576146640279725730e-03 -2.373898323769692453e+00 2.218966445326866932e+00
2.145498529820235589e+00 2.347617715785907944e+00 -2.289490496861956714e-02 -2.373898323769692453e+00 2.218966445326866932e+00
2.145498529820235589e+00 2.347617715785907944e+00 -2.289490496861956714e-02 -1.373898323769692453e+00 2.218966445326866932e+00
2.145498529820235589e+00 2.347617715785907944e+00 -2.289490496861956714e-02 -3.991932323769692204e+00 2.218966445326866932e+00
2.145498529820235589e+00 2.347617715785907944e+00 -2.289490496861956714e-02 -2.373898323769692453e+00 2.218966445326866932e+00
2.145498529820235589e+00 2.347617715785907944e+00 -2.289490496861956714e-02 -2.991932298613692254e+00 2.218966445326866932e+00
2.145498529820235589e+00 2.347617715785907944e+00 -2.289490496861956714e-02 -1.991932323769692426e+00 2.218966445326866932e+00
2.145498529820235589e+00 2.347617715785907944e+00 -2.289490496861956714e-02 -2.585536337942655027e+00 2.218966445326866932e+00
2.145498529820235589e+00 2.347617715785907944e+00 -2.289490496861956714e-02 -2.228000298613692642e+00 2.218966445326866932e+00
2.145498529820235589e+00 2.347617715785907944e+00 -2.289490496861956714e-02 -2.353722368252848085e+00 2.218966445326866932e+00
2.145498529820235589e+00 2.347617715785907944e+00 -2.289490496861956714e-02 -2.356673166298504096e+00 2.218966445326866932e+00
2.145498529820235589e+00 2.347617715785907944e+00 -2.289490496861956714e-02 -2.305700812201058270e+00 2.218966445326866932e+00
2.145498529820235589e+00 2.347617715785907944e+00 -2.289490496861956714e-02 -2.335379766573970173e+00 2.218966445326866932e+00
2.145498529820235589e+00 2.347617715785907944e+00 -2.289490496861956714e-02 -2.353520608687679871e+00 2.218966445326866932e+00
2.145498529820235589e+00 2.347617715785907944e+00 -2.289490496861956714e-02 -2.345868191363620348e+00 2.218966445326866932e+00
2.145498529820235589e+00 2.347617715785907944e+00 -2.289490496861956714e-02 -2.350597645452078055e+00 2.218966445326866932e+00
2.145498529820235589e+00 2.347617715785907944e+00 -2.289490496861956714e-02 -2.352476376590631801e+00 2.218966445326866932e+00
2.145498529820235589e+00 2.347617715785907944e+00 -2.289490496861956714e-02 -2.353121747530498631e+00 2.218966445326866932e+00
2.145498529820235589e+00 2.347617715785907944e+00 -2.289490496861956714e-02 -2.353520608687679871e+00 2.218966445326866932e+00
2.145498529820235589e+00 2.347617715785907944e+00 -2.289490496861956714e-02 -2.353520608687679871e+00 3.218966445326866932e+00
2.145498529820235589e+00 2.347617715785907944e+00 -2.289490496861956714e-02 -2.353520608687679871e+00 6.009324453268669597e-01
2.145498529820235589e+00 2.347617715785907944e+00 -2.289490496861956714e-02 -2.353520608687679871e+00 2.218966445326866932e+00
2.145498529820235589e+00 2.347617715785907944e+00 -2.289490496861956714e-02 -2.353520608687679871e+00 1.600932470482866909e+00
2.145498529820235589e+00 2.347617715785907944e+00 -2.289490496861956714e-02 -2.353520608687679871e+00 2.600932445326867182e+00
2.145498529820235589e+00 2.347617715785907944e+00 -2.289490496861956714e-02 -2.353520608687679871e+00 2.377805505810084874e+00
2.145498529820235589e+00 2.347617715785907944e+00 -2.289490496861956714e-02 -2.353520608687679871e+00 2.363326153477955938e+00
2.145498529820235589e+00 2.347617715785907944e+00 -2.289490496861956714e-02 -2.353520608687679871e+00 2.302012918002625863e+00
2.145498529820235589e+00 2.347617715785907944e+00 -2.289490496861956714e-02 -2.353520608687679871e+00 2.339906582176386252e+00
2.145498529820235589e+00 2.347617715785907944e+00 -2.289490496861956714e-02 -2.353520608687679871e+00 2.332904320172499713e+00
2.145498529820235589e+00 2.347617715785907944e+00 -2.289490496861956714e-02 -2.353520608687679871e+00 2.346708187602561502e+00
2.145498529820235589e+00 2.347617715785907944e+00 -2.289490496861956714e-02 -2.353520608687679871e+00 2.337231956167809432e+00
2.145498529820235589e+00 2.347617715785907944e+00 -2.289490496861956714e-02 -2.353520608687679871e+00 2.342504564194600736e+00
2.145498529820235589e+00 2.347617715785907944e+00 -2.289490496861956714e-02 -2.353520608687679871e+00 2.338697180797890685e+00
2.145498529820235589e+00 2.347617715785907944e+00 -2.289490496861956714e-02 -2.353520608687679871e+00 2.341115983554881375e+00
2.130197223961075359e+00 2.352258196373567589e+00 -1.263602794093961812e+00 -2.333142893605667290e+00 2.460846719025905571e+00
2.145498529820235589e+00 2.347617715785907944e+00 -2.289490496861956714e-02 -2.353520608687679871e+00 2.339906582176386252e+00
2.130197223961075359e+00 2.352258196373567589e+00 -1.263602794093961812e+00 -2.333142893605667290e+00 2.460846719025905571e+00
2.170256562944755885e+00 2.340109260418734571e+00 1.984612643704414481e+00 -2.386492444532688939e+00 2.144221328789210901e+00
2.145498529820235589e+00 2.347617715785907944e+00 -2.289490496861956714e-02 -2.353520608687679871e+00 2.339906582176386252e+00
2.154955256700676003e+00 2.344749741123130171e+00 7.439047233678245385e-01 -2.366114728938054856e+00 2.265161468681100576e+00
2.139653951226435424e+00 2.349390221594053862e+00 -4.968031345462700643e-01 -2.345737014368663775e+00 2.386101602488249540e+00
2.143416040562531766e+00 2.348249279592509176e+00 -1.917537510588689098e-01 -2.350747226262321021e+00 2.356366388818547097e+00
2.149110677959849891e+00 2.346522246975865311e+00 2.699964818685386958e-01 -2.358331134423234499e+00 2.311356490155045851e+00
2.146878247596531342e+00 2.347199283946411086e+00 8.897964649602242704e-02 -2.355358065960786895e+00 2.329001417727362799e+00
2.144703089728427603e+00 2.347858951686860429e+00 -8.739324297432775335e-02 -2.352461270896195167e+00 2.346193668680265798e+00
2.144211480706727180e+00 2.348008043675669398e+00 -1.272554088053475807e-01 -2.351806564123572585e+00 2.350079301900604545e+00
2.144854627103427003e+00 2.347812994416711874e+00 -7.510582003213125968e-02 -2.352663082786006665e+00 2.344995930981342624e+00
2.144515311796844514e+00 2.347915899757457847e+00 -1.026192350081390758e-01 -2.352211195169083613e+00 2.347677848458905814e+00
2.144631364943012652e+00 2.347880703913594047e+00 -9.320905424751452228e-02 -2.352365750471013151e+00 2.346760574893593798e+00
2.144760971853406861e+00 2.347841397572210997e+00 -8.269986518278872600e-02 -2.352538356176498979e+00 2.345736173602358754e+00
2.144675693299041619e+00 2.347867260297896941e+00 -8.961468514310180766e-02 -2.352424785341470148e+00 2.346410207578945695e+00
2.144725198732177152e+00 2.347852246611904281e+00 -8.560053223280475465e-02 -2.352490714852371489e+00 2.346018921115338163e+00
2.144692625223880711e+00 2.347862125293783464e+00 -8.824175835376571464e-02 -2.352447334654799160e+00 2.346276379177238969e+00
2.144711534616153603e+00 2.347856390576199548e+00 -8.670848842323118644e-02 -2.352472517486360104e+00 2.346126921051880476e+00
2.144711534616153603e+00 2.347856390576199548e+00 -8.670848842323118644e-02 -2.352472517486360104e+00 2.346126921051880476e+00
3.144711534616153603e+00 2.347856390576199548e+00 -8.670848842323118644e-02 -2.352472517486360104e+00 2.346126921051880476e+00
5.266775346161536309e-01 2.347856390576199548e+00 -8.670848842323118644e-02 -2.352472517486360104e+00 2.346126921051880476e+00
2.144711534616153603e+00 2.347856390576199548e+00 -8.670848842323118644e-02 -2.352472517486360104e+00 2.346126921051880476e+00
1.526677559772153581e+00 2.347856390576199548e+00 -8.670848842323118644e-02 -2.352472517486360104e+00 2.346126921051880476e+00
2.526677534616153409e+00 2.347856390576199548e+00 -8.670848842323118644e-02 -2.352472517486360104e+00 2.346126921051880476e+00
1.938116523155879234e+00 2.347856390576199548e+00 -8.670848842323118644e-02 -2.352472517486360104e+00 2.346126921051880476e+00
2.290609559772153858e+00 2.347856390576199548e+00 -8.670848842323118644e-02 -2.352472517486360104e+00 2.346126921051880476e+00
2.138492962733734792e+00 2.347856390576199548e+00 -8.670848842323118644e-02 -2.352472517486360104e+00 2.346126921051880476e+00
2.159971281486174899e+00 2.347856390576199548e+00 -8.670848842323118644e-02 -2.352472517486360104e+00 2.346126921051880476e+00
2.145449174584023844e+00 2.347856390576199548e+00 -8.670848842323118644e-02 -2.352472517486360104e+00 2.346126921051880476e+00
2.141809717195657381e+00 2.347856390576199548e+00 -8.670848842323118644e-02 -2.352472517486360104e+00 2.346126921051880476e+00
2.140542829760854637e+00 2.347856390576199548e+00 -8.670848842323118644e-02 -2.352472517486360104e+00 2.346126921051880476e+00
2.142623321036180251e+00 2.347856390576199548e+00 -8.670848842323118644e-02 -2.352472517486360104e+00 2.346126921051880476e+00
2.141325809269735370e+00 2.347856390576199548e+00 -8.670848842323118644e-02 -2.352472517486360104e+00 2.346126921051880476e+00
2.142120486200206564e+00 2.347856390576199548e+00 -8.670848842323118644e-02 -2.352472517486360104e+00 2.346126921051880476e+00
2.141624880820824472e+00 2.347856390576199548e+00 -8.670848842323118644e-02 -2.352472517486360104e+00 2.346126921051880476e+00
2.141928420389248799e+00 2.347856390576199548e+00 -8.670848842323118644e-02 -2.352472517486360104e+00 2.346126921051880476e+00
2.141739115984907738e+00 2.347856390576199548e+00 -8.670848842323118644e-02 -2.352472517486360104e+00 2.346126921051880476e+00
2.141695482036223730e+00 2.347856390576199548e+00 -8.670848842323118644e-02 -2.352472517486360104e+00 2.346126921051880476e+00
2.141768840181220490e+00 2.347856390576199548e+00 -8.670848842323118644e-02 -2.352472517486360104e+00 2.346126921051880476e+00
2.141739115984907738e+00 2.347856390576199548e+00 -8.670848842323118644e-02 -2.352472517486360104e+00 2.346126921051880476e+00
2.141739115984907738e+00 3.347856390576199548e+00 -8.670848842323118644e-02 -2.352472517486360104e+00 2.346126921051880476e+00
2.141739115984907738e+00 7.298223905761995756e-01 -8.670848842323118644e-02 -2.352472517486360104e+00 2.346126921051880476e+00
2.141739115984907738e+00 2.347856390576199548e+00 -8.670848842323118644e-02 -2.352472517486360104e+00 2.346126921051880476e+00
2.141739115984907738e+00 1.729822415732199525e+00 -8.670848842323118644e-02 -2.352472517486360104e+00 2.346126921051880476e+00
2.141739115984907738e+00 2.729822390576199354e+00 -8.670848842323118644e-02 -2.352472517486360104e+00 2.346126921051880476e+00
2.141739115984907738e+00 2.356529088219863510e+00 -8.670848842323118644e-02 -2.352472517486360104e+00 2.346126921051880476e+00
2.141739115984907738e+00 2.329715219465795073e+00 -8.670848842323118644e-02 -2.352472517486360104e+00 2.346126921051880476e+00
2.141739115984907738e+00 2.347374783463013870e+00 -8.670848842323118644e-02 -2.352472517486360104e+00 2.346126921051880476e+00
2.141739115984907738e+00 2.351169066204359392e+00 -8.670848842323118644e-02 -2.352472517486360104e+00 2.346126921051880476e+00
2.141739115984907738e+00 2.349121720035185046e+00 -8.670848842323118644e-02 -2.352472517486360104e+00 2.346126921051880476e+00
2.141739115984907738e+00 2.348339703408330426e+00 -8.670848842323118644e-02 -2.352472517486360104e+00 2.346126921051880476e+00
2.141739115984907738e+00 2.348040999645437221e+00 -8.670848842323118644e-02 -2.352472517486360104e+00 2.346126921051880476e+00
2.141739115984907738e+00 2.347672433033604289e+00 -8.670848842323118644e-02 -2.352472517486360104e+00 2.346126921051880476e+00
2.141739115984907738e+00 2.347926904963939965e+00 -8.670848842323118644e-02 -2.352472517486360104e+00 2.346126921051880476e+00
2.141739115984907738e+00 2.347786125049484696e+00 -8.670848842323118644e-02 -2.352472517486360104e+00 2.346126921051880476e+00
2.141739115984907738e+00 2.347883324674827410e+00 -8.670848842323118644e-02 -2.352472517486360104e+00 2.346126921051880476e+00
2.141739115984907738e+00 2.347829551534022396e+00 -8.670848842323118644e-02 -2.352472517486360104e+00 2.346126921051880476e+00
2.141739115984907738e+00 2.347866678486115966e+00 -8.670848842323118644e-02 -2.352472517486360104e+00 2.346126921051880476e+00
2.141739115984907738e+00 2.347873036764233312e+00 -8.670848842323118644e-02 -2.352472517486360104e+00 2.346126921051880476e+00
2.141739115984907738e+00 2.347862748854316894e+00 -8.670848842323118644e-02 -2.352472517486360104e+00 2.346126921051880476e+00
2.141739115984907738e+00 2.347869107132175337e+00 -8.670848842323118644e-02 -2.352472517486360104e+00 2.346126921051880476e+00
2.141739115984907738e+00 2.347865177500376266e+00 -8.670848842323118644e-02 -2.352472517486360104e+00 2.346126921051880476e+00
2.141739115984907738e+00 2.347867606146336605e+00 -8.670848842323118644e-02 -2.352472517486360104e+00 2.346126921051880476e+00
2.141739115984907738e+00 2.347866105160596906e+00 -8.670848842323118644e-02 -2.352472517486360104e+00 2.346126921051880476e+00
2.141739115984907738e+00 2.347867032820779798e+00 -8.670848842323118644e-02 -2.352472517486360104e+00 2.346126921051880476e+00
2.141739115984907738e+00 2.347867251811649680e+00 -8.670848842323118644e-02 -2.352472517486360104e+00 2.346126921051880476e+00
2.141739115984907738e+00 2.347866897476985404e+00 -8.670848842323118644e-02 -2.352472517486360104e+00 2.346126921051880476e+00
2.141739115984907738e+00 2.347867139253225766e+00 -8.670848842323118644e-02 -2.352472517486360104e+00 2.346126921051880476e+00
2.141739115984907738e+00 2.347867032820779798e+00 -8.670848842323118644e-02 -2.352472517486360104e+00 2.346126921051880476e+00
2.141739115984907738e+00 2.347867032820779798e+00 -8.670848842323118644e-02 -2.352472517486360104e+00 3.346126921051880476e+00
2.141739115984907738e+00 2.347867032820779798e+00 -8.670848842323118644e-02 -2.352472517486360104e+00 7.280929210518805039e-01
2.141739115984907738e+00 2.347867032820779798e+00 -8.670848842323118644e-02 -2.352472517486360104e+00 2.346126921051880476e+00
2.141739115984907738e+00 2.347867032820779798e+00 -8.670848842323118644e-02 -2.352472517486360104e+00 1.728092946207880454e+00
2.141739115984907738e+00 2.347867032820779798e+00 -8.670848842323118644e-02 -2.352472517486360104e+00 2.728092921051880282e+00
2.141739115984907738e+00 2.347867032820779798e+00 -8.670848842323118644e-02 -2.352472517486360104e+00 2.341425859702363610e+00
2.141739115984907738e+00 2.347867032820779798e+00 -8.670848842323118644e-02 -2.352472517486360104e+00 2.474173023647971537e+00
2.141739115984907738e+00 2.347867032820779798e+00 -8.670848842323118644e-02 -2.352472517486360104e+00 2.395036178676098970e+00
2.141739115984907738e+00 2.347867032820779798e+00 -8.670848842323118644e-02 -2.352472517486360104e+00 2.365158123609723884e+00
2.141739115984907738e+00 2.347867032820779798e+00 -8.670848842323118644e-02 -2.352472517486360104e+00 2.354095509950228315e+00
2.141739115984907738e+00 2.347867032820779798e+00 -8.670848842323118644e-02 -2.352472517486360104e+00 2.349170651079026673e+00
2.141739115984907738e+00 2.347867032820779798e+00 -8.670848842323118644e-02 -2.352472517486360104e+00 2.351051779722624246e+00
2.141739115984907738e+00 2.347867032820779798e+00 -8.670848842323118644e-02 -2.352472517486360104e+00 2.348008049695478050e+00
2.141739115984907738e+00 2.347867032820779798e+00 -8.670848842323118644e-02 -2.352472517486360104e+00 2.349889178262507095e+00
2.141739115984907738e+00 2.347867032820779798e+00 -8.670848842323118644e-02 -2.352472517486360104e+00 2.348726576878958028e+00
2.141739115984907738e+00 2.347867032820779798e+00 -8.670848842323118644e-02 -2.352472517486360104e+00 2.349445104033192067e+00
2.141739115984907738e+00 2.347867032820779798e+00 -8.670848842323118644e-02 -2.352472517486360104e+00 2.349001029833123422e+00
2.141739115984907738e+00 2.347867032820779798e+00 -8.670848842323118644e-02 -2.352472517486360104e+00 2.348896198136032787e+00
2.141739115984907738e+00 2.347867032820779798e+00 -8.670848842323118644e-02 -2.352472517486360104e+00 2.349065819381936038e+00
2.141739115984907738e+00 2.347867032820779798e+00 -8.670848842323118644e-02 -2.352472517486360104e+00 2.348960987689112656e+00
2.141739115984907738e+00 2.347867032820779798e+00 -8.670848842323118644e-02 -2.352472517486360104e+00 2.349029770930935790e+00
2.141739115984907738e+00 2.347867032820779798e+00 -8.670848842323118644e-02 -2.352472517486360104e+00 2.349001029833123422e+00
2.141739115984907738e+00 2.347867032820779798e+00 -8.670848842323118644e-02 -1.352472517486360104e+00 2.349001029833123422e+00
2.141739115984907738e+00 2.347867032820779798e+00 -8.670848842323118644e-02 -3.970506517486359854e+00 2.349001029833123422e+00
2.141739115984907738e+00 2.347867032820779798e+00 -8.670848842323118644e-02 -2.352472517486360104e+00 2.349001029833123422e+00
2.141739115984907738e+00 2.347867032820779798e+00 -8.670848842323118644e-02 -2.970506492330359904e+00 2.349001029833123422e+00
2.141739115984907738e+00 2.347867032820779798e+00 -8.670848842323118644e-02 -1.970506517486360076e+00 2.349001029833123422e+00
2.141739115984907738e+00 2.347867032820779798e+00 -8.670848842323118644e-02 -2.563318289471348432e+00 2.349001029833123422e+00
2.141739115984907738e+00 2.347867032820779798e+00 -8.670848842323118644e-02 -2.206574492330360293e+00 2.349001029833123422e+00
2.141739115984907738e+00 2.347867032820779798e+00 -8.670848842323118644e-02 -2.346070610567548176e+00 2.349001029833123422e+00
2.141739115984907738e+00 2.347867032820779798e+00 -8.670848842323118644e-02 -2.331102834341209906e+00 2.349001029833123422e+00
2.141739115984907738e+00 2.347867032820779798e+00 -8.670848842323118644e-02 -2.283537241656693695e+00 2.349001029833123422e+00
2.141739115984907738e+00 2.347867032820779798e+00 -8.670848842323118644e-02 -2.312934395165875845e+00 2.349001029833123422e+00
2.141739115984907738e+00 2.347867032820779798e+00 -8.670848842323118644e-02 -2.324163108303164194e+00 2.349001029833123422e+00
2.141739115984907738e+00 2.347867032820779798e+00 -8.670848842323118644e-02 -2.334500572635703541e+00 2.349001029833123422e+00
2.141739115984907738e+00 2.347867032820779798e+00 -8.670848842323118644e-02 -2.338919933744378454e+00 2.349001029833123422e+00
2.141739115984907738e+00 2.347867032820779798e+00 -8.670848842323118644e-02 -2.335615087972897186e+00 2.349001029833123422e+00
2.141739115984907738e+00 2.347867032820779798e+00 -8.670848842323118644e-02 -2.333202752130309143e+00 2.349001029833123422e+00
2.141739115984907738e+00 2.347867032820779798e+00 -8.670848842323118644e-02 -2.334004849328540132e+00 2.349001029833123422e+00
2.141739115984907738e+00 2.347867032820779798e+00 -8.670848842323118644e-02 -2.334926279600990195e+00 2.349001029833123422e+00
2.141739115984907738e+00 2.347867032820779798e+00 -8.670848842323118644e-02 -2.334311223186959605e+00 2.349001029833123422e+00
2.141739115984907738e+00 2.347867032820779798e+00 -8.670848842323118644e-02 -2.334680292094210241e+00 2.349001029833123422e+00
2.141739115984907738e+00 2.347867032820779798e+00 -8.670848842323118644e-02 -2.334500572635703541e+00 2.349001029833123422e+00
2.140952120780825751e+00 2.348105707611071402e+00 -1.505220718778428057e-01 -2.333452481434383774e+00 2.355221368708617646e+00
2.139678735782784891e+00 2.348491891536705900e+00 -2.537746195692418549e-01 -2.331756634235547576e+00 2.365286088500689665e+00
2.140051893374290692e+00 2.348378722727752166e+00 -2.235170995948144168e-01 -2.332253591759982925e+00 2.362336684665581998e+00
2.140952120780825751e+00 2.348105707611071402e+00 -1.505220718778428057e-01 -2.333452481434383774e+00 2.355221368708617646e+00
2.140608264519261450e+00 2.348209990103129474e+00 -1.784036906347835627e-01 -2.332994546341011777e+00 2.357939177483435511e+00
2.141252726190948419e+00 2.348014541956122692e+00 -1.261474526600186163e-01 -2.333852816638187111e+00 2.352845410749700772e+00
2.140961464999371344e+00 2.348102873757205167e+00 -1.497643949989166390e-01 -2.333464925720180716e+00 2.355147512850822356e+00
2.140820779380021133e+00 2.348145539977432694e+00 -1.611719022679564683e-01 -2.333277565798508757e+00 2.356259479255099709e+00
2.140901952831326227e+00 2.348120922220720885e+00 -1.545899449926329550e-01 -2.333385669608611046e+00 2.355617891641615280e+00
2.140932958329827329e+00 2.348111519074660869e+00 -1.520758611000067595e-01 -2.333426961588540571e+00 2.355372826987243151e+00
2.140921115283586751e+00 2.348115110756749058e+00 -1.530361556681376078e-01 -2.333411189456135126e+00 2.355466433353015088e+00
2.140941019906386078e+00 2.348109074212119562e+00 -1.514221873726008527e-01 -2.333437697699022983e+00 2.355309109015639724e+00
