-2.962566363114519152e+00 1.277569033330938630e+00 -2.563624427710355924e+00 -2.376957125269181681e+00 -1.748380989576049593e+00
-2.962566363114519152e+00 1.277569033330938630e+00 -2.563624427710355924e+00 -2.376957125269181681e+00 -1.748380989576049593e+00
-1.962566363114519152e+00 1.277569033330938630e+00 -2.563624427710355924e+00 -2.376957125269181681e+00 -1.748380989576049593e+00
-3.445323631145194021e-01 1.277569033330938630e+00 -2.563624427710355924e+00 -2.376957125269181681e+00 -1.748380989576049593e+00
1.070913972992178831e+00 1.277569033330938630e+00 -2.563624427710355924e+00 -2.376957125269181681e+00 -1.748380989576049593e+00
-3.445323631145194021e-01 1.277569033330938630e+00 -2.563624427710355924e+00 -2.376957125269181681e+00 -1.748380989576049593e+00
-9.625663379585192025e-01 1.277569033330938630e+00 -2.563624427710355924e+00 -2.376957125269181681e+00 -1.748380989576049593e+00
1.961200121028117138e-01 1.277569033330938630e+00 -2.563624427710355924e+00 -2.376957125269181681e+00 -1.748380989576049593e+00
-5.105738328789914959e-01 1.277569033330938630e+00 -2.563624427710355924e+00 -2.376957125269181681e+00 -1.748380989576049593e+00
-1.380215379622562466e-01 1.277569033330938630e+00 -2.563624427710355924e+00 -2.376957125269181681e+00 -1.748380989576049593e+00
-2.656522492744102237e-01 1.277569033330938630e+00 -2.563624427710355924e+00 -2.376957125269181681e+00 -1.748380989576049593e+00
-4.079545591545756800e-01 1.277569033330938630e+00 -2.563624427710355924e+00 -2.376957125269181681e+00 -1.748380989576049593e+00
-3.144028415514683594e-01 1.277569033330938630e+00 -2.563624427710355924e+00 -2.376957125269181681e+00 -1.748380989576049593e+00
-3.707127031245192050e-01 1.277569033330938630e+00 -2.563624427710355924e+00 -2.376957125269181681e+00 -1.748380989576049593e+00
-3.445323631145194021e-01 1.277569033330938630e+00 -2.563624427710355924e+00 -2.376957125269181681e+00 -1.748380989576049593e+00
-3.445323631145194021e-01 2.277569033330938630e+00 -2.563624427710355924e+00 -2.376957125269181681e+00 -1.748380989576049593e+00
-3.445323631145194021e-01 -3.404649666690613419e-01 -2.563624427710355924e+00 -2.376957125269181681e+00 -1.748380989576049593e+00
-3.445323631145194021e-01 2.918023419675375152e-02 -2.563624427710355924e+00 -2.376957125269181681e+00 -1.748380989576049593e+00
-3.445323631145194021e-01 -2.958498991825060820e+00 -2.563624427710355924e+00 -2.376957125269181681e+00 -1.748380989576049593e+00
-3.445323631145194021e-01 -3.404649666690613419e-01 -2.563624427710355924e+00 -2.376957125269181681e+00 -1.748380989576049593e+00
-3.445323631145194021e-01 -1.340464951121798087e+00 -2.563624427710355924e+00 -2.376957125269181681e+00 -1.748380989576049593e+00
-3.445323631145194021e-01 -1.958498941513060476e+00 -2.563624427710355924e+00 -2.376957125269181681e+00 -1.748380989576049593e+00
-3.445323631145194021e-01 -1.030932812700661838e+00 -2.563624427710355924e+00 -2.376957125269181681e+00 -1.748380989576049593e+00
-3.445323631145194021e-01 -1.576532922295586836e+00 -2.563624427710355924e+00 -2.376957125269181681e+00 -1.748380989576049593e+00
-3.445323631145194021e-01 -1.222234198337630140e+00 -2.563624427710355924e+00 -2.376957125269181681e+00 -1.748380989576049593e+00
-3.445323631145194021e-01 -1.430634889799165421e+00 -2.563624427710355924e+00 -2.376957125269181681e+00 -1.748380989576049593e+00
-3.445323631145194021e-01 -1.295304823403840455e+00 -2.563624427710355924e+00 -2.376957125269181681e+00 -1.748380989576049593e+00
-3.445323631145194021e-01 -1.374906801918637456e+00 -2.563624427710355924e+00 -2.376957125269181681e+00 -1.748380989576049593e+00
-3.445323631145194021e-01 -1.340464951121798087e+00 -2.563624427710355924e+00 -2.376957125269181681e+00 -1.748380989576049593e+00
-3.445323631145194021e-01 -1.340464951121798087e+00 -1.563624427710355924e+00 -2.376957125269181681e+00 -1.748380989576049593e+00
-3.445323631145194021e-01 -1.340464951121798087e+00 5.440957228964382608e-02 -2.376957125269181681e+00 -1.748380989576049593e+00
-3.445323631145194021e-01 -1.340464951121798087e+00 -1.563624427710355924e+00 -2.376957125269181681e+00 -1.748380989576049593e+00
-3.445323631145194021e-01 -1.340464951121798087e+00 -9.455904528663561237e-01 -2.376957125269181681e+00 -1.748380989576049593e+00
-3.445323631145194021e-01 -1.340464951121798087e+00 -1.945590427710355952e+00 -2.376957125269181681e+00 -1.748380989576049593e+00
-3.445323631145194021e-01 -1.340464951121798087e+00 -2.181658402554355725e+00 -2.376957125269181681e+00 -1.748380989576049593e+00
-3.445323631145194021e-01 -1.340464951121798087e+00 -1.844285590022658461e+00 -2.376957125269181681e+00 -1.748380989576049593e+00
-3.445323631145194021e-01 -1.340464951121798087e+00 -2.035760367789618996e+00 -2.376957125269181681e+00 -1.748380989576049593e+00
-3.445323631145194021e-01 -1.340464951121798087e+00 -1.939410087700355945e+00 -2.376957125269181681e+00 -1.748380989576049593e+00
-3.445323631145194021e-01 -1.340464951121798087e+00 -1.968820536728477677e+00 -2.376957125269181681e+00 -1.748380989576049593e+00
-3.445323631145194021e-01 -1.340464951121798087e+00 -1.954463539531571925e+00 -2.376957125269181681e+00 -1.748380989576049593e+00
-3.445323631145194021e-01 -1.340464951121798087e+00 -1.945590427710355952e+00 -2.376957125269181681e+00 -1.748380989576049593e+00
-3.445323631145194021e-01 -1.340464951121798087e+00 -1.945590427710355952e+00 -1.376957125269181681e+00 -1.748380989576049593e+00
-3.445323631145194021e-01 -1.340464951121798087e+00 -1.945590427710355952e+00 2.410768747308180693e-01 -1.748380989576049593e+00
-3.445323631145194021e-01 -1.340464951121798087e+00 -1.945590427710355952e+00 -1.376957125269181681e+00 -1.748380989576049593e+00
-3.445323631145194021e-01 -1.340464951121798087e+00 -1.945590427710355952e+00 -7.589231504251818805e-01 -1.748380989576049593e+00
-3.445323631145194021e-01 -1.340464951121798087e+00 -1.945590427710355952e+00 -3.769571408164451576e-01 -1.748380989576049593e+00
-3.445323631145194021e-01 -1.340464951121798087e+00 -1.945590427710355952e+00 -8.965245710654019540e-01 -1.748380989576049593e+00
-3.445323631145194021e-01 -1.340464951121798087e+00 -1.945590427710355952e+00 -7.427428106667419705e-01 -1.748380989576049593e+00
-3.445323631145194021e-01 -1.340464951121798087e+00 -1.945590427710355952e+00 -8.114822146614442122e-01 -1.748380989576049593e+00
-3.445323631145194021e-01 -1.340464951121798087e+00 -1.945590427710355952e+00 -7.751034901836217905e-01 -1.748380989576049593e+00
-3.445323631145194021e-01 -1.340464951121798087e+00 -1.945590427710355952e+00 -7.589231504251818805e-01 -1.748380989576049593e+00
-3.445323631145194021e-01 -1.340464951121798087e+00 -1.945590427710355952e+00 -7.589231504251818805e-01 -7.483809895760495934e-01
-3.445323631145194021e-01 -1.340464951121798087e+00 -1.945590427710355952e+00 -7.589231504251818805e-01 -3.366414989576049344e+00
-3.445323631145194021e-01 -1.340464951121798087e+00 -1.945590427710355952e+00 -7.589231504251818805e-01 -3.141231837864906673e+00
-3.445323631145194021e-01 -1.340464951121798087e+00 -1.945590427710355952e+00 -7.589231504251818805e-01 -3.141231837864906673e+00
-3.445323631145194021e-01 -1.340464951121798087e+00 -1.945590427710355952e+00 -7.589231504251818805e-01 -2.609210170747405133e+00
-3.445323631145194021e-01 -1.340464951121798087e+00 -1.945590427710355952e+00 -7.589231504251818805e-01 -2.938017649762703076e+00
-3.445323631145194021e-01 -1.340464951121798087e+00 -1.945590427710355952e+00 -7.589231504251818805e-01 -3.227244145591405378e+00
-3.445323631145194021e-01 -1.340464951121798087e+00 -1.945590427710355952e+00 -7.589231504251818805e-01 -3.063610927292260477e+00
-3.445323631145194021e-01 -1.340464951121798087e+00 -1.945590427710355952e+00 -7.589231504251818805e-01 -3.015638565447405384e+00
-3.445323631145194021e-01 -1.340464951121798087e+00 -1.945590427710355952e+00 -7.589231504251818805e-01 -3.093259476020051579e+00
-3.445323631145194021e-01 -1.340464951121798087e+00 -1.945590427710355952e+00 -7.589231504251818805e-01 -3.045287116127828320e+00
-3.445323631145194021e-01 -1.340464951121798087e+00 -1.945590427710355952e+00 -7.589231504251818805e-01 -3.076763226679422480e+00
2.273501636885480348e+00 -3.958498935574534805e+00 -1.327556427710355980e+00 8.591108244188179199e-01 -4.378840865008471361e+00
-3.445323631145194021e-01 -1.340464951121798087e+00 -1.945590427710355952e+00 -7.589231504251818805e-01 -3.063610927292260477e+00
6.554676368854805979e-01 -1.340464951121798087e+00 -1.945590427710355952e+00 -7.589231504251818805e-01 -3.063610927292260477e+00
-1.962566363114519374e+00 -1.340464951121798087e+00 -1.945590427710355952e+00 -7.589231504251818805e-01 -3.063610927292260477e+00
-3.445323631145194021e-01 -1.340464951121798087e+00 -1.945590427710355952e+00 -7.589231504251818805e-01 -3.063610927292260477e+00
-9.625663379585194246e-01 -1.340464951121798087e+00 -1.945590427710355952e+00 -7.589231504251818805e-01 -3.063610927292260477e+00
3.743363688548062562e-02 -1.340464951121798087e+00 -1.945590427710355952e+00 -7.589231504251818805e-01 -3.063610927292260477e+00
-2.003033984970454540e-01 -1.340464951121798087e+00 -1.945590427710355952e+00 -7.589231504251818805e-01 -3.063610927292260477e+00
-5.806003283497827017e-01 -1.340464951121798087e+00 -1.945590427710355952e+00 -7.589231504251818805e-01 -3.063610927292260477e+00
-7.264983571759935366e-01 -1.340464951121798087e+00 -1.945590427710355952e+00 -7.589231504251818805e-01 -3.063610927292260477e+00
-5.271340524943618489e-01 -1.340464951121798087e+00 -1.945590427710355952e+00 -7.589231504251818805e-01 -3.063610927292260477e+00
-5.206110081327062211e-01 -1.340464951121798087e+00 -1.945590427710355952e+00 -7.589231504251818805e-01 -3.063610927292260477e+00
-5.458206690870984756e-01 -1.340464951121798087e+00 -1.945590427710355952e+00 -7.589231504251818805e-01 -3.063610927292260477e+00
-5.342717046878231457e-01 -1.340464951121798087e+00 -1.945590427710355952e+00 -7.589231504251818805e-01 -3.063610927292260477e+00
-5.298603929520894207e-01 -1.340464951121798087e+00 -1.945590427710355952e+00 -7.589231504251818805e-01 -3.063610927292260477e+00
-5.246424713317177080e-01 -1.340464951121798087e+00 -1.945590427710355952e+00 -7.589231504251818805e-01 -3.063610927292260477e+00
-5.228413702395456886e-01 -1.340464951121798087e+00 -1.945590427710355952e+00 -7.589231504251818805e-01 -3.063610927292260477e+00
-5.246424713317177080e-01 -1.340464951121798087e+00 -1.945590427710355952e+00 -7.589231504251818805e-01 -3.063610927292260477e+00
-5.246424713317177080e-01 -3.404649511217980873e-01 -1.945590427710355952e+00 -7.589231504251818805e-01 -3.063610927292260477e+00
-5.246424713317177080e-01 -2.958498951121797838e+00 -1.945590427710355952e+00 -7.589231504251818805e-01 -3.063610927292260477e+00
-5.246424713317177080e-01 -1.340464951121798087e+00 -1.945590427710355952e+00 -7.589231504251818805e-01 -3.063610927292260477e+00
-5.246424713317177080e-01 -1.958498925965798110e+00 -1.945590427710355952e+00 -7.589231504251818805e-01 -3.063610927292260477e+00
-5.246424713317177080e-01 -9.584989511217980596e-01 -1.945590427710355952e+00 -7.589231504251818805e-01 -3.063610927292260477e+00
-5.246424713317177080e-01 -1.480317467328646108e+00 -1.945590427710355952e+00 -7.589231504251818805e-01 -3.063610927292260477e+00
-5.246424713317177080e-01 -1.544559417964178838e+00 -1.945590427710355952e+00 -7.589231504251818805e-01 -3.063610927292260477e+00
-5.246424713317177080e-01 -1.431030775598385985e+00 -1.945590427710355952e+00 -7.589231504251818805e-01 -3.063610927292260477e+00
-5.246424713317177080e-01 -1.504855708245097956e+00 -1.945590427710355952e+00 -7.589231504251818805e-01 -3.063610927292260477e+00
-5.246424713317177080e-01 -1.461491626835205615e+00 -1.945590427710355952e+00 -7.589231504251818805e-01 -3.063610927292260477e+00
-5.246424713317177080e-01 -1.489690241058539533e+00 -1.945590427710355952e+00 -7.589231504251818805e-01 -3.063610927292260477e+00
-5.246424713317177080e-01 -1.491182493967907030e+00 -1.945590427710355952e+00 -7.589231504251818805e-01 -3.063610927292260477e+00
-5.246424713317177080e-01 -1.485779862407180740e+00 -1.945590427710355952e+00 -7.589231504251818805e-01 -3.063610927292260477e+00
-5.246424713317177080e-01 -1.488196609366594592e+00 -1.945590427710355952e+00 -7.589231504251818805e-01 -3.063610927292260477e+00
-5.246424713317177080e-01 -1.489690241058539533e+00 -1.945590427710355952e+00 -7.589231504251818805e-01 -3.063610927292260477e+00
-5.246424713317177080e-01 -1.489690241058539533e+00 -9.455904277103559519e-01 -7.589231504251818805e-01 -3.063610927292260477e+00
-5.246424713317177080e-01 -1.489690241058539533e+00 -3.563624427710355924e+00 -7.589231504251818805e-01 -3.063610927292260477e+00
-5.246424713317177080e-01 -1.489690241058539533e+00 -3.185035372219532590e+00 -7.589231504251818805e-01 -3.063610927292260477e+00
-5.246424713317177080e-01 -1.489690241058539533e+00 -6.181658452866355624e+00 -7.589231504251818805e-01 -3.063610927292260477e+00
-5.246424713317177080e-01 -1.489690241058539533e+00 -3.563624427710355924e+00 -7.589231504251818805e-01 -3.063610927292260477e+00
-5.246424713317177080e-01 -1.489690241058539533e+00 -4.563624412163092892e+00 -7.589231504251818805e-01 -3.063610927292260477e+00
-5.246424713317177080e-01 -1.489690241058539533e+00 -2.945590452866356124e+00 -7.589231504251818805e-01 -3.063610927292260477e+00
-5.246424713317177080e-01 -1.489690241058539533e+00 -3.299809497614671461e+00 -7.589231504251818805e-01 -3.063610927292260477e+00
-5.246424713317177080e-01 -1.489690241058539533e+00 -3.313351688323714406e+00 -7.589231504251818805e-01 -3.063610927292260477e+00
-5.246424713317177080e-01 -1.489690241058539533e+00 -3.164509865968336388e+00 -7.589231504251818805e-01 -3.063610927292260477e+00
-5.246424713317177080e-01 -1.489690241058539533e+00 -3.248129638513247208e+00 -7.589231504251818805e-01 -3.063610927292260477e+00
-5.246424713317177080e-01 -1.489690241058539533e+00 -3.280069548553137260e+00 -7.589231504251818805e-01 -3.063610927292260477e+00
-5.246424713317177080e-01 -1.489690241058539533e+00 -3.299809497614671461e+00 -7.589231504251818805e-01 -3.063610927292260477e+00
-5.246424713317177080e-01 -1.489690241058539533e+00 -3.299809497614671461e+00 2.410768495748181195e-01 -3.063610927292260477e+00
-5.246424713317177080e-01 -1.489690241058539533e+00 -3.299809497614671461e+00 -2.376957150425181631e+00 -3.063610927292260477e+00
-5.246424713317177080e-01 -1.489690241058539533e+00 -3.299809497614671461e+00 -7.589231504251818805e-01 -3.063610927292260477e+00
-5.246424713317177080e-01 -1.489690241058539533e+00 -3.299809497614671461e+00 -1.376957125269181903e+00 -3.063610927292260477e+00
-5.246424713317177080e-01 -1.489690241058539533e+00 -3.299809497614671461e+00 -3.769571504251818528e-01 -3.063610927292260477e+00
-5.246424713317177080e-01 -1.489690241058539533e+00 -3.299809497614671461e+00 -9.690898219340143838e-01 -3.063610927292260477e+00
-5.246424713317177080e-01 -1.489690241058539533e+00 -3.299809497614671461e+00 -6.130251252691818475e-01 -3.063610927292260477e+00
-5.246424713317177080e-01 -1.489690241058539533e+00 -3.299809497614671461e+00 -7.360954560720875950e-01 -3.063610927292260477e+00
-5.246424713317177080e-01 -1.489690241058539533e+00 -3.299809497614671461e+00 -7.265901134309038500e-01 -3.063610927292260477e+00
-5.246424713317177080e-01 -1.489690241058539533e+00 -3.299809497614671461e+00 -7.443117829662997398e-01 -3.063610927292260477e+00
-5.246424713317177080e-01 -1.489690241058539533e+00 -3.299809497614671461e+00 -7.324647383648051902e-01 -3.063610927292260477e+00
-5.246424713317177080e-01 -1.489690241058539533e+00 -3.299809497614671461e+00 -7.388493391768190532e-01 -3.063610927292260477e+00
-5.246424713317177080e-01 -1.489690241058539533e+00 -3.299809497614671461e+00 -7.347086453523078431e-01 -3.063610927292260477e+00
-5.246424713317177080e-01 -1.489690241058539533e+00 -3.299809497614671461e+00 -7.370457808317369963e-01 -3.063610927292260477e+00
-5.246424713317177080e-01 -1.489690241058539533e+00 -3.299809497614671461e+00 -7.355657415286962486e-01 -3.063610927292260477e+00
-5.246424713317177080e-01 -1.489690241058539533e+00 -3.299809497614671461e+00 -7.364584478192318651e-01 -3.063610927292260477e+00
-5.246424713317177080e-01 -1.489690241058539533e+00 -3.299809497614671461e+00 -7.358671791185567024e-01 -3.063610927292260477e+00
-5.246424713317177080e-01 -1.489690241058539533e+00 -3.299809497614671461e+00 -7.360954560720875950e-01 -3.063610927292260477e+00
-5.246424713317177080e-01 -1.489690241058539533e+00 -3.299809497614671461e+00 -7.360954560720875950e-01 -2.063610927292260477e+00
-5.246424713317177080e-01 -1.489690241058539533e+00 -3.299809497614671461e+00 -7.360954560720875950e-01 -4.681644927292260228e+00
-5.246424713317177080e-01 -1.489690241058539533e+00 -3.299809497614671461e+00 -7.360954560720875950e-01 -3.063610927292260477e+00
-5.246424713317177080e-01 -1.489690241058539533e+00 -3.299809497614671461e+00 -7.360954560720875950e-01 -3.681644902136260278e+00
-5.246424713317177080e-01 -1.489690241058539533e+00 -3.299809497614671461e+00 -7.360954560720875950e-01 -2.681644927292260228e+00
-5.246424713317177080e-01 -1.489690241058539533e+00 -3.299809497614671461e+00 -7.360954560720875950e-01 -3.044103845489276594e+00
-5.246424713317177080e-01 -1.489690241058539533e+00 -3.299809497614671461e+00 -7.360954560720875950e-01 -2.882666718489849789e+00
-5.246424713317177080e-01 -1.489690241058539533e+00 -3.299809497614671461e+00 -7.360954560720875950e-01 -2.982440351837813530e+00
-5.246424713317177080e-01 -1.489690241058539533e+00 -3.299809497614671461e+00 -7.360954560720875950e-01 -3.014516780461417245e+00
-5.246424713317177080e-01 -1.489690241058539533e+00 -3.299809497614671461e+00 -7.360954560720875950e-01 -3.032802592608845327e+00
-5.246424713317177080e-01 -1.489690241058539533e+00 -3.299809497614671461e+00 -7.360954560720875950e-01 -3.051554887497235136e+00
-5.246424713317177080e-01 -1.489690241058539533e+00 -3.299809497614671461e+00 -7.360954560720875950e-01 -3.056159884793581583e+00
-5.246424713317177080e-01 -1.489690241058539533e+00 -3.299809497614671461e+00 -7.360954560720875950e-01 -3.055110438372222514e+00
-5.246424713317177080e-01 -1.489690241058539533e+00 -3.299809497614671461e+00 -7.360954560720875950e-01 -3.059005929692632186e+00
-5.246424713317177080e-01 -1.489690241058539533e+00 -3.299809497614671461e+00 -7.360954560720875950e-01 -3.057246977179492564e+00
-5.246424713317177080e-01 -1.489690241058539533e+00 -3.299809497614671461e+00 -7.360954560720875950e-01 -3.056575117123858654e+00
-5.246424713317177080e-01 -1.489690241058539533e+00 -3.299809497614671461e+00 -7.360954560720875950e-01 -3.056831744821868924e+00
-5.246424713317177080e-01 -1.489690241058539533e+00 -3.299809497614671461e+00 -7.360954560720875950e-01 -3.056416512491591853e+00
-5.246424713317177080e-01 -1.489690241058539533e+00 -3.299809497614671461e+00 -7.360954560720875950e-01 -3.056673140179156700e+00
-5.246424713317177080e-01 -1.489690241058539533e+00 -3.299809497614671461e+00 -7.360954560720875950e-01 -3.056504759012174333e+00
-7.047525795489160139e-01 -1.638915530995280978e+00 -4.654028567518986748e+00 -7.132677617189933095e-01 -3.049539306955456830e+00
-5.246424713317177080e-01 -1.489690241058539533e+00 -3.299809497614671461e+00 -7.360954560720875950e-01 -3.056575117123858654e+00
4.753575286682822920e-01 -1.489690241058539533e+00 -3.299809497614671461e+00 -7.360954560720875950e-01 -3.056575117123858654e+00
-2.142676471331717458e+00 -1.489690241058539533e+00 -3.299809497614671461e+00 -7.360954560720875950e-01 -3.056575117123858654e+00
-5.246424713317177080e-01 -1.489690241058539533e+00 -3.299809497614671461e+00 -7.360954560720875950e-01 -3.056575117123858654e+00
-1.142676446175717730e+00 -1.489690241058539533e+00 -3.299809497614671461e+00 -7.360954560720875950e-01 -3.056575117123858654e+00
-1.426764713317176803e-01 -1.489690241058539533e+00 -3.299809497614671461e+00 -7.360954560720875950e-01 -3.056575117123858654e+00
-5.992776803989832146e-01 -1.489690241058539533e+00 -3.299809497614671461e+00 -7.360954560720875950e-01 -3.056575117123858654e+00
-5.124227192714292389e-01 -1.489690241058539533e+00 -3.299809497614671461e+00 -7.360954560720875950e-01 -3.056575117123858654e+00
-3.711922239308893534e-01 -1.489690241058539533e+00 -3.299809497614671461e+00 -7.360954560720875950e-01 -3.056575117123858654e+00
-4.584774718881845512e-01 -1.489690241058539533e+00 -3.299809497614671461e+00 -7.360954560720875950e-01 -3.056575117123858654e+00
-5.030332358047175934e-01 -1.489690241058539533e+00 -3.299809497614671461e+00 -7.360954560720875950e-01 -3.056575117123858654e+00
-5.108405388588114215e-01 -1.489690241058539533e+00 -3.299809497614671461e+00 -7.360954560720875950e-01 -3.056575117123858654e+00
-5.089277493108042005e-01 -1.489690241058539533e+00 -3.299809497614671461e+00 -7.360954560720875950e-01 -3.056575117123858654e+00
-5.066762455649382879e-01 -1.489690241058539533e+00 -3.299809497614671461e+00 -7.360954560720875950e-01 -3.056575117123858654e+00
-5.087706020805949914e-01 -1.489690241058539533e+00 -3.299809497614671461e+00 -7.360954560720875950e-01 -3.056575117123858654e+00
-5.090848965410132987e-01 -1.489690241058539533e+00 -3.299809497614671461e+00 -7.360954560720875950e-01 -3.056575117123858654e+00
-5.089277493108042005e-01 -1.489690241058539533e+00 -3.299809497614671461e+00 -7.360954560720875950e-01 -3.056575117123858654e+00
-5.089277493108042005e-01 -4.896902410585395327e-01 -3.299809497614671461e+00 -7.360954560720875950e-01 -3.056575117123858654e+00
-5.089277493108042005e-01 -3.107724241058539505e+00 -3.299809497614671461e+00 -7.360954560720875950e-01 -3.056575117123858654e+00
-5.089277493108042005e-01 -1.489690241058539533e+00 -3.299809497614671461e+00 -7.360954560720875950e-01 -3.056575117123858654e+00
-5.089277493108042005e-01 -2.107724215902539555e+00 -3.299809497614671461e+00 -7.360954560720875950e-01 -3.056575117123858654e+00
-5.089277493108042005e-01 -1.107724241058539505e+00 -3.299809497614671461e+00 -7.360954560720875950e-01 -3.056575117123858654e+00
-5.089277493108042005e-01 -1.441959324737880355e+00 -3.299809497614671461e+00 -7.360954560720875950e-01 -3.056575117123858654e+00
-5.089277493108042005e-01 -1.353853380199586676e+00 -3.299809497614671461e+00 -7.360954560720875950e-01 -3.056575117123858654e+00
-5.089277493108042005e-01 -1.430350501124102891e+00 -3.299809497614671461e+00 -7.360954560720875950e-01 -3.056575117123858654e+00
-5.089277493108042005e-01 -1.454163529864423987e+00 -3.299809497614671461e+00 -7.360954560720875950e-01 -3.056575117123858654e+00
-5.089277493108042005e-01 -1.446620916153245728e+00 -3.299809497614671461e+00 -7.360954560720875950e-01 -3.056575117123858654e+00
-5.089277493108042005e-01 -1.437525148817420106e+00 -3.299809497614671461e+00 -7.360954560720875950e-01 -3.056575117123858654e+00
-5.089277493108042005e-01 -1.443739894164441928e+00 -3.299809497614671461e+00 -7.360954560720875950e-01 -3.056575117123858654e+00
-5.089277493108042005e-01 -1.440265620298245786e+00 -3.299809497614671461e+00 -7.360954560720875950e-01 -3.056575117123858654e+00
-5.089277493108042005e-01 -1.442639441719466342e+00 -3.299809497614671461e+00 -7.360954560720875950e-01 -3.056575117123858654e+00
-5.089277493108042005e-01 -1.443109949722856999e+00 -3.299809497614671461e+00 -7.360954560720875950e-01 -3.056575117123858654e+00
-5.089277493108042005e-01 -1.442639441719466342e+00 -3.299809497614671461e+00 -7.360954560720875950e-01 -3.056575117123858654e+00
-5.089277493108042005e-01 -1.442639441719466342e+00 -2.299809497614671461e+00 -7.360954560720875950e-01 -3.056575117123858654e+00
-5.089277493108042005e-01 -1.442639441719466342e+00 -4.917843497614671655e+00 -7.360954560720875950e-01 -3.056575117123858654e+00
-5.089277493108042005e-01 -1.442639441719466342e+00 -3.299809497614671461e+00 -7.360954560720875950e-01 -3.056575117123858654e+00
-5.089277493108042005e-01 -1.442639441719466342e+00 -3.917843472458671705e+00 -7.360954560720875950e-01 -3.056575117123858654e+00
-5.089277493108042005e-01 -1.442639441719466342e+00 -2.917843497614671655e+00 -7.360954560720875950e-01 -3.056575117123858654e+00
-5.089277493108042005e-01 -1.442639441719466342e+00 -3.312302644017874886e+00 -7.360954560720875950e-01 -3.056575117123858654e+00
-5.089277493108042005e-01 -1.442639441719466342e+00 -3.125874094365853839e+00 -7.360954560720875950e-01 -3.056575117123858654e+00
-5.089277493108042005e-01 -1.442639441719466342e+00 -3.046413479447191541e+00 -7.360954560720875950e-01 -3.056575117123858654e+00
-5.089277493108042005e-01 -1.442639441719466342e+00 -3.200842837529989993e+00 -7.360954560720875950e-01 -3.056575117123858654e+00
-5.089277493108042005e-01 -1.442639441719466342e+00 -3.095522841127832159e+00 -7.360954560720875950e-01 -3.056575117123858654e+00
-5.089277493108042005e-01 -1.442639441719466342e+00 -3.154509605317286081e+00 -7.360954560720875950e-01 -3.056575117123858654e+00
-5.089277493108042005e-01 -1.442639441719466342e+00 -3.114280947571539837e+00 -7.360954560720875950e-01 -3.056575117123858654e+00
-5.089277493108042005e-01 -1.442639441719466342e+00 -3.136811885941928946e+00 -7.360954560720875950e-01 -3.056575117123858654e+00
-5.089277493108042005e-01 -1.442639441719466342e+00 -3.121445906457417152e+00 -7.360954560720875950e-01 -3.056575117123858654e+00
-5.089277493108042005e-01 -1.442639441719466342e+00 -3.130051958863000916e+00 -7.360954560720875950e-01 -3.056575117123858654e+00
-5.089277493108042005e-01 -1.442639441719466342e+00 -3.124134740323365911e+00 -7.360954560720875950e-01 -3.056575117123858654e+00
-5.089277493108042005e-01 -1.442639441719466342e+00 -3.127613448408342212e+00 -7.360954560720875950e-01 -3.056575117123858654e+00
-5.089277493108042005e-01 -1.442639441719466342e+00 -3.125874094365853839e+00 -7.360954560720875950e-01 -3.056575117123858654e+00
-5.089277493108042005e-01 -1.442639441719466342e+00 -3.125874094365853839e+00 2.639045439279124050e-01 -3.056575117123858654e+00
-5.089277493108042005e-01 -1.442639441719466342e+00 -3.125874094365853839e+00 -2.354129456072087567e+00 -3.056575117123858654e+00
-5.089277493108042005e-01 -1.442639441719466342e+00 -3.125874094365853839e+00 -7.360954560720875950e-01 -3.056575117123858654e+00
-5.089277493108042005e-01 -1.442639441719466342e+00 -3.125874094365853839e+00 -1.354129430916087617e+00 -3.056575117123858654e+00
-5.089277493108042005e-01 -1.442639441719466342e+00 -3.125874094365853839e+00 -3.541294560720875673e-01 -3.056575117123858654e+00
-5.089277493108042005e-01 -1.442639441719466342e+00 -3.125874094365853839e+00 -9.519090461691716021e-01 -3.056575117123858654e+00
-5.089277493108042005e-01 -1.442639441719466342e+00 -3.125874094365853839e+00 -5.901974309160875620e-01 -3.056575117123858654e+00
-5.089277493108042005e-01 -1.442639441719466342e+00 -3.125874094365853839e+00 -7.207012547558329096e-01 -3.056575117123858654e+00
-5.089277493108042005e-01 -1.442639441719466342e+00 -3.125874094365853839e+00 -7.254415642165384925e-01 -3.056575117123858654e+00
-5.089277493108042005e-01 -1.442639441719466342e+00 -3.125874094365853839e+00 -7.278413357743257484e-01 -3.056575117123858654e+00
-5.089277493108042005e-01 -1.442639441719466342e+00 -3.125874094365853839e+00 -7.309941290879806708e-01 -3.056575117123858654e+00
-5.089277493108042005e-01 -1.442639441719466342e+00 -3.125874094365853839e+00 -7.296528001463568058e-01 -3.056575117123858654e+00
-5.089277493108042005e-01 -1.442639441719466342e+00 -3.125874094365853839e+00 -7.329426625507921012e-01 -3.056575117123858654e+00
-5.089277493108042005e-01 -1.442639441719466342e+00 -3.125874094365853839e+00 -7.317384026206369407e-01 -3.056575117123858654e+00
-5.089277493108042005e-01 -1.442639441719466342e+00 -3.125874094365853839e+00 -7.304817870374643585e-01 -3.056575117123858654e+00
-5.089277493108042005e-01 -1.442639441719466342e+00 -3.125874094365853839e+00 -7.312784162721552850e-01 -3.056575117123858654e+00
-5.089277493108042005e-01 -1.442639441719466342e+00 -3.125874094365853839e+00 -7.307984318443131455e-01 -3.056575117123858654e+00
-5.089277493108042005e-01 -1.442639441719466342e+00 -3.125874094365853839e+00 -7.311027171265711555e-01 -3.056575117123858654e+00
-5.089277493108042005e-01 -1.442639441719466342e+00 -3.125874094365853839e+00 -7.309193793946059392e-01 -3.056575117123858654e+00
-5.089277493108042005e-01 -1.442639441719466342e+00 -3.125874094365853839e+00 -7.310451423678216987e-01 -3.056575117123858654e+00
-5.089277493108042005e-01 -1.442639441719466342e+00 -3.125874094365853839e+00 -7.309941290879806708e-01 -3.056575117123858654e+00
-5.089277493108042005e-01 -1.442639441719466342e+00 -3.125874094365853839e+00 -7.309941290879806708e-01 -2.056575117123858654e+00
-5.089277493108042005e-01 -1.442639441719466342e+00 -3.125874094365853839e+00 -7.309941290879806708e-01 -4.674609117123858404e+00
-5.089277493108042005e-01 -1.442639441719466342e+00 -3.125874094365853839e+00 -7.309941290879806708e-01 -3.056575117123858654e+00
-5.089277493108042005e-01 -1.442639441719466342e+00 -3.125874094365853839e+00 -7.309941290879806708e-01 -3.674609091967858454e+00
-5.089277493108042005e-01 -1.442639441719466342e+00 -3.125874094365853839e+00 -7.309941290879806708e-01 -2.674609117123858404e+00
-5.089277493108042005e-01 -1.442639441719466342e+00 -3.125874094365853839e+00 -7.309941290879806708e-01 -3.025517858689913187e+00
-5.089277493108042005e-01 -1.442639441719466342e+00 -3.125874094365853839e+00 -7.309941290879806708e-01 -3.292643082359122175e+00
-5.089277493108042005e-01 -1.442639441719466342e+00 -3.125874094365853839e+00 -7.309941290879806708e-01 -3.114604026401297965e+00
-5.089277493108042005e-01 -1.442639441719466342e+00 -3.125874094365853839e+00 -7.309941290879806708e-01 -3.060550260862649807e+00
-5.089277493108042005e-01 -1.442639441719466342e+00 -3.125874094365853839e+00 -7.309941290879806708e-01 -3.042041638080161814e+00
-5.089277493108042005e-01 -1.442639441719466342e+00 -3.125874094365853839e+00 -7.309941290879806708e-01 -3.051023822267453944e+00
-5.089277493108042005e-01 -1.442639441719466342e+00 -3.125874094365853839e+00 -7.309941290879806708e-01 -3.053839578512478337e+00
-5.089277493108042005e-01 -1.442639441719466342e+00 -3.125874094365853839e+00 -7.309941290879806708e-01 -3.058093486877189626e+00
-5.089277493108042005e-01 -1.442639441719466342e+00 -3.125874094365853839e+00 -7.309941290879806708e-01 -3.055530234382624055e+00
-5.089277493108042005e-01 -1.442639441719466342e+00 -3.125874094365853839e+00 -7.309941290879806708e-01 -3.057155082745059538e+00
-5.089277493108042005e-01 -1.442639441719466342e+00 -3.125874094365853839e+00 -7.309941290879806708e-01 -3.056176007442720444e+00
-5.089277493108042005e-01 -1.442639441719466342e+00 -3.125874094365853839e+00 -7.309941290879806708e-01 -3.056796644272326446e+00
-5.089277493108042005e-01 -1.442639441719466342e+00 -3.125874094365853839e+00 -7.309941290879806708e-01 -3.056422670795392982e+00
-5.089277493108042005e-01 -1.442639441719466342e+00 -3.125874094365853839e+00 -7.309941290879806708e-01 -3.056659732962650367e+00
-5.089277493108042005e-01 -1.442639441719466342e+00 -3.125874094365853839e+00 -7.309941290879806708e-01 -3.056516887809559879e+00
-5.089277493108042005e-01 -1.442639441719466342e+00 -3.125874094365853839e+00 -7.309941290879806708e-01 -3.056607437497338431e+00
-5.089277493108042005e-01 -1.442639441719466342e+00 -3.125874094365853839e+00 -7.309941290879806708e-01 -3.056552875505593292e+00
-5.089277493108042005e-01 -1.442639441719466342e+00 -3.125874094365853839e+00 -7.309941290879806708e-01 -3.056587462407635236e+00
-5.089277493108042005e-01 -1.442639441719466342e+00 -3.125874094365853839e+00 -7.309941290879806708e-01 -3.056566621581896293e+00
-5.089277493108042005e-01 -1.442639441719466342e+00 -3.125874094365853839e+00 -7.309941290879806708e-01 -3.056579832602521751e+00
-5.089277493108042005e-01 -1.442639441719466342e+00 -3.125874094365853839e+00 -7.309941290879806708e-01 -3.056571872115677380e+00
-5.089277493108042005e-01 -1.442639441719466342e+00 -3.125874094365853839e+00 -7.309941290879806708e-01 -3.056576918276381782e+00
-5.089277493108042005e-01 -1.442639441719466342e+00 -3.125874094365853839e+00 -7.309941290879806708e-01 -3.056573877641063586e+00
-5.089277493108042005e-01 -1.442639441719466342e+00 -3.125874094365853839e+00 -7.309941290879806708e-01 -3.056575805102883070e+00
-5.089277493108042005e-01 -1.442639441719466342e+00 -3.125874094365853839e+00 -7.309941290879806708e-01 -3.056574643683573456e+00
-5.089277493108042005e-01 -1.442639441719466342e+00 -3.125874094365853839e+00 -7.309941290879806708e-01 -3.056575379908454959e+00
-5.089277493108042005e-01 -1.442639441719466342e+00 -3.125874094365853839e+00 -7.309941290879806708e-01 -3.056574936285766597e+00
-5.089277493108042005e-01 -1.442639441719466342e+00 -3.125874094365853839e+00 -7.309941290879806708e-01 -3.056575217498639585e+00
-5.089277493108042005e-01 -1.442639441719466342e+00 -3.125874094365853839e+00 -7.309941290879806708e-01 -3.056575048049856136e+00
-5.089277493108042005e-01 -1.442639441719466342e+00 -3.125874094365853839e+00 -7.309941290879806708e-01 -3.056575155463612248e+00
-5.089277493108042005e-01 -1.442639441719466342e+00 -3.125874094365853839e+00 -7.309941290879806708e-01 -3.056575090739938272e+00
-5.089277493108042005e-01 -1.442639441719466342e+00 -3.125874094365853839e+00 -7.309941290879806708e-01 -3.056575131768341169e+00
-5.089277493108042005e-01 -1.442639441719466342e+00 -3.125874094365853839e+00 -7.309941290879806708e-01 -3.056575107046098250e+00
-5.089277493108042005e-01 -1.442639441719466342e+00 -3.125874094365853839e+00 -7.309941290879806708e-01 -3.056575122717553050e+00
-5.089277493108042005e-01 -1.442639441719466342e+00 -3.125874094365853839e+00 -7.309941290879806708e-01 -3.056575113274496935e+00
-5.089277493108042005e-01 -1.442639441719466342e+00 -3.125874094365853839e+00 -7.309941290879806708e-01 -3.056575110895460412e+00
-5.089277493108042005e-01 -1.442639441719466342e+00 -3.125874094365853839e+00 -7.309941290879806708e-01 -3.056575114744822130e+00
-5.089277493108042005e-01 -1.442639441719466342e+00 -3.125874094365853839e+00 -7.309941290879806708e-01 -3.056575112365785607e+00
-5.089277493108042005e-01 -1.442639441719466342e+00 -3.125874094365853839e+00 -7.309941290879806708e-01 -3.056575113836111246e+00
-5.089277493108042005e-01 -1.442639441719466342e+00 -3.125874094365853839e+00 -7.309941290879806708e-01 -3.056575112927399918e+00
-5.089277493108042005e-01 -1.442639441719466342e+00 -3.125874094365853839e+00 -7.309941290879806708e-01 -3.056575113489014228e+00
-5.089277493108042005e-01 -1.442639441719466342e+00 -3.125874094365853839e+00 -7.309941290879806708e-01 -3.056575113621593509e+00
-5.089277493108042005e-01 -1.442639441719466342e+00 -3.125874094365853839e+00 -7.309941290879806708e-01 -3.056575113442665970e+00
-5.089277493108042005e-01 -1.442639441719466342e+00 -3.125874094365853839e+00 -7.309941290879806708e-01 -3.056575113535362931e+00
-4.932130272898906931e-01 -1.395588642380393152e+00 -2.951938691117036218e+00 -7.258928021038737466e-01 -3.056575109854169803e+00
-5.089277493108042005e-01 -1.442639441719466342e+00 -3.125874094365853839e+00 -7.309941290879806708e-01 -3.056575113489014228e+00
4.910722506891957995e-01 -1.442639441719466342e+00 -3.125874094365853839e+00 -7.309941290879806708e-01 -3.056575113489014228e+00
-2.126961749310804173e+00 -1.442639441719466342e+00 -3.125874094365853839e+00 -7.309941290879806708e-01 -3.056575113489014228e+00
-5.089277493108042005e-01 -1.442639441719466342e+00 -3.125874094365853839e+00 -7.309941290879806708e-01 -3.056575113489014228e+00
-1.126961724154804223e+00 -1.442639441719466342e+00 -3.125874094365853839e+00 -7.309941290879806708e-01 -3.056575113489014228e+00
-1.269617493108041728e-01 -1.442639441719466342e+00 -3.125874094365853839e+00 -7.309941290879806708e-01 -3.056575113489014228e+00
-5.608040627013364254e-01 -1.442639441719466342e+00 -3.125874094365853839e+00 -7.309941290879806708e-01 -3.056575113489014228e+00
-4.984918132956158709e-01 -1.442639441719466342e+00 -3.125874094365853839e+00 -7.309941290879806708e-01 -3.056575113489014228e+00
-3.565799608755932382e-01 -1.442639441719466342e+00 -3.125874094365853839e+00 -7.309941290879806708e-01 -3.056575113489014228e+00
-4.442863106741494761e-01 -1.442639441719466342e+00 -3.125874094365853839e+00 -7.309941290879806708e-01 -3.056575113489014228e+00
-4.791070026219944600e-01 -1.442639441719466342e+00 -3.125874094365853839e+00 -7.309941290879806708e-01 -3.056575113489014228e+00
-4.902014443199388394e-01 -1.442639441719466342e+00 -3.125874094365853839e+00 -7.309941290879806708e-01 -3.056575113489014228e+00
-5.024779860315933266e-01 -1.442639441719466342e+00 -3.125874094365853839e+00 -7.309941290879806708e-01 -3.056575113489014228e+00
-4.953251742194523799e-01 -1.442639441719466342e+00 -3.125874094365853839e+00 -7.309941290879806708e-01 -3.056575113489014228e+00
-4.933680836046547835e-01 -1.442639441719466342e+00 -3.125874094365853839e+00 -7.309941290879806708e-01 -3.056575113489014228e+00
-4.959771409688047417e-01 -1.442639441719466342e+00 -3.125874094365853839e+00 -7.309941290879806708e-01 -3.056575113489014228e+00
-4.945776321456806235e-01 -1.442639441719466342e+00 -3.125874094365853839e+00 -7.309941290879806708e-01 -3.056575113489014228e+00
-4.950396385637020891e-01 -1.442639441719466342e+00 -3.125874094365853839e+00 -7.309941290879806708e-01 -3.056575113489014228e+00
-4.955742033508355182e-01 -1.442639441719466342e+00 -3.125874094365853839e+00 -7.309941290879806708e-01 -3.056575113489014228e+00
-4.951891484585388969e-01 -1.442639441719466342e+00 -3.125874094365853839e+00 -7.309941290879806708e-01 -3.056575113489014228e+00
-4.953251742194523799e-01 -1.442639441719466342e+00 -3.125874094365853839e+00 -7.309941290879806708e-01 -3.056575113489014228e+00
-4.953251742194523799e-01 -4.426394417194663422e-01 -3.125874094365853839e+00 -7.309941290879806708e-01 -3.056575113489014228e+00
-4.953251742194523799e-01 -3.060673441719466314e+00 -3.125874094365853839e+00 -7.309941290879806708e-01 -3.056575113489014228e+00
-4.953251742194523799e-01 -1.442639441719466342e+00 -3.125874094365853839e+00 -7.309941290879806708e-01 -3.056575113489014228e+00
-4.953251742194523799e-01 -2.060673416563466365e+00 -3.125874094365853839e+00 -7.309941290879806708e-01 -3.056575113489014228e+00
-4.953251742194523799e-01 -1.060673441719466314e+00 -3.125874094365853839e+00 -7.309941290879806708e-01 -3.056575113489014228e+00
-4.953251742194523799e-01 -1.449824079807290778e+00 -3.125874094365853839e+00 -7.309941290879806708e-01 -3.056575113489014228e+00
-4.953251742194523799e-01 -1.265174287076586745e+00 -3.125874094365853839e+00 -7.309941290879806708e-01 -3.056575113489014228e+00
-4.953251742194523799e-01 -1.374853786461144312e+00 -3.125874094365853839e+00 -7.309941290879806708e-01 -3.056575113489014228e+00
-4.953251742194523799e-01 -1.409776958798592661e+00 -3.125874094365853839e+00 -7.309941290879806708e-01 -3.056575113489014228e+00
-4.953251742194523799e-01 -1.432646586302093628e+00 -3.125874094365853839e+00 -7.309941290879806708e-01 -3.056575113489014228e+00
-4.953251742194523799e-01 -1.438822510707114199e+00 -3.125874094365853839e+00 -7.309941290879806708e-01 -3.056575113489014228e+00
-4.953251742194523799e-01 -1.445383729191320299e+00 -3.125874094365853839e+00 -7.309941290879806708e-01 -3.056575113489014228e+00
-4.953251742194523799e-01 -1.447079792154700062e+00 -3.125874094365853839e+00 -7.309941290879806708e-01 -3.056575113489014228e+00
-4.953251742194523799e-01 -1.444335504682846105e+00 -3.125874094365853839e+00 -7.309941290879806708e-01 -3.056575113489014228e+00
-4.953251742194523799e-01 -1.444096159080640263e+00 -3.125874094365853839e+00 -7.309941290879806708e-01 -3.056575113489014228e+00
-4.953251742194523799e-01 -1.443539742577062190e+00 -3.125874094365853839e+00 -7.309941290879806708e-01 -3.056575113489014228e+00
-4.953251742194523799e-01 -1.443883626894434613e+00 -3.125874094365853839e+00 -7.309941290879806708e-01 -3.056575113489014228e+00
-4.953251742194523799e-01 -1.443752274777265088e+00 -3.125874094365853839e+00 -7.309941290879806708e-01 -3.056575113489014228e+00
-4.953251742194523799e-01 -1.443964806963470959e+00 -3.125874094365853839e+00 -7.309941290879806708e-01 -3.056575113489014228e+00
-4.953251742194523799e-01 -1.443833454851647824e+00 -3.125874094365853839e+00 -7.309941290879806708e-01 -3.056575113489014228e+00
-4.953251742194523799e-01 -1.443914634920684170e+00 -3.125874094365853839e+00 -7.309941290879806708e-01 -3.056575113489014228e+00
-4.953251742194523799e-01 -1.443864462879939525e+00 -3.125874094365853839e+00 -7.309941290879806708e-01 -3.056575113489014228e+00
-4.953251742194523799e-01 -1.443896068756184370e+00 -3.125874094365853839e+00 -7.309941290879806708e-01 -3.056575113489014228e+00
-4.953251742194523799e-01 -1.443883626894434613e+00 -3.125874094365853839e+00 -7.309941290879806708e-01 -3.056575113489014228e+00
-4.953251742194523799e-01 -1.443883626894434613e+00 -2.125874094365853839e+00 -7.309941290879806708e-01 -3.056575113489014228e+00
-4.953251742194523799e-01 -1.443883626894434613e+00 -4.743908094365854033e+00 -7.309941290879806708e-01 -3.056575113489014228e+00
-4.953251742194523799e-01 -1.443883626894434613e+00 -3.125874094365853839e+00 -7.309941290879806708e-01 -3.056575113489014228e+00
-4.953251742194523799e-01 -1.443883626894434613e+00 -3.743908069209854084e+00 -7.309941290879806708e-01 -3.056575113489014228e+00
-4.953251742194523799e-01 -1.443883626894434613e+00 -2.743908094365854033e+00 -7.309941290879806708e-01 -3.056575113489014228e+00
-4.953251742194523799e-01 -1.443883626894434613e+00 -3.384440409760888890e+00 -7.309941290879806708e-01 -3.056575113489014228e+00
-4.953251742194523799e-01 -1.443883626894434613e+00 -2.979976069209853584e+00 -7.309941290879806708e-01 -3.056575113489014228e+00
-4.953251742194523799e-01 -1.443883626894434613e+00 -3.224637635592033647e+00 -7.309941290879806708e-01 -3.056575113489014228e+00
-4.953251742194523799e-01 -1.443883626894434613e+00 -3.285676862030214807e+00 -7.309941290879806708e-01 -3.056575113489014228e+00
-4.953251742194523799e-01 -1.443883626894434613e+00 -3.323401179302709174e+00 -7.309941290879806708e-01 -3.056575113489014228e+00
-4.953251742194523799e-01 -1.443883626894434613e+00 -3.346716090003898358e+00 -7.309941290879806708e-01 -3.056575113489014228e+00
-4.953251742194523799e-01 -1.443883626894434613e+00 -3.308991772731403547e+00 -7.309941290879806708e-01 -3.056575113489014228e+00
-4.953251742194523799e-01 -1.443883626894434613e+00 -3.332306682483599847e+00 -7.309941290879806708e-01 -3.056575113489014228e+00
-4.953251742194523799e-01 -1.443883626894434613e+00 -3.317897275912294219e+00 -7.309941290879806708e-01 -3.056575113489014228e+00
-4.953251742194523799e-01 -1.443883626894434613e+00 -3.326802778730701515e+00 -7.309941290879806708e-01 -3.056575113489014228e+00
-4.953251742194523799e-01 -1.443883626894434613e+00 -3.321298875340286116e+00 -7.309941290879806708e-01 -3.056575113489014228e+00
-4.953251742194523799e-01 -1.443883626894434613e+00 -3.323401179302709174e+00 -7.309941290879806708e-01 -3.056575113489014228e+00
-4.953251742194523799e-01 -1.443883626894434613e+00 -3.323401179302709174e+00 2.690058709120193292e-01 -3.056575113489014228e+00
-4.953251742194523799e-01 -1.443883626894434613e+00 -3.323401179302709174e+00 -2.349028129087980865e+00 -3.056575113489014228e+00
-4.953251742194523799e-01 -1.443883626894434613e+00 -3.323401179302709174e+00 -7.309941290879806708e-01 -3.056575113489014228e+00
-4.953251742194523799e-01 -1.443883626894434613e+00 -3.323401179302709174e+00 -1.349028103931980693e+00 -3.056575113489014228e+00
-4.953251742194523799e-01 -1.443883626894434613e+00 -3.323401179302709174e+00 -3.490281290879806431e-01 -3.056575113489014228e+00
-4.953251742194523799e-01 -1.443883626894434613e+00 -3.323401179302709174e+00 -9.383473936194188791e-01 -3.056575113489014228e+00
-4.953251742194523799e-01 -1.443883626894434613e+00 -3.323401179302709174e+00 -5.850961039319806378e-01 -3.056575113489014228e+00
-4.953251742194523799e-01 -1.443883626894434613e+00 -3.323401179302709174e+00 -7.089699211791572475e-01 -3.056575113489014228e+00
-4.953251742194523799e-01 -1.443883626894434613e+00 -3.323401179302709174e+00 -7.091901632682454659e-01 -3.056575113489014228e+00
-4.953251742194523799e-01 -1.443883626894434613e+00 -3.323401179302709174e+00 -6.616543347005221509e-01 -3.056575113489014228e+00
-4.953251742194523799e-01 -1.443883626894434613e+00 -3.323401179302709174e+00 -6.908969758742589118e-01 -3.056575113489014228e+00
-4.953251742194523799e-01 -1.443883626894434613e+00 -3.323401179302709174e+00 -7.020666705528264551e-01 -3.056575113489014228e+00
-4.953251742194523799e-01 -1.443883626894434613e+00 -3.323401179302709174e+00 -7.063331141504201049e-01 -3.056575113489014228e+00
-4.953251742194523799e-01 -1.443883626894434613e+00 -3.323401179302709174e+00 -7.077795109769454696e-01 -3.056575113489014228e+00
-4.953251742194523799e-01 -1.443883626894434613e+00 -3.323401179302709174e+00 -7.084294446879512153e-01 -3.056575113489014228e+00
-4.953251742194523799e-01 -1.443883626894434613e+00 -3.323401179302709174e+00 -7.087496790900689181e-01 -3.056575113489014228e+00
-4.953251742194523799e-01 -1.443883626894434613e+00 -3.323401179302709174e+00 -7.089699211791572475e-01 -3.056575113489014228e+00
-4.953251742194523799e-01 -1.443883626894434613e+00 -3.323401179302709174e+00 -7.089699211791572475e-01 -2.056575113489014228e+00
-4.953251742194523799e-01 -1.443883626894434613e+00 -3.323401179302709174e+00 -7.089699211791572475e-01 -4.674609113489013978e+00
-4.953251742194523799e-01 -1.443883626894434613e+00 -3.323401179302709174e+00 -7.089699211791572475e-01 -3.056575113489014228e+00
-4.953251742194523799e-01 -1.443883626894434613e+00 -3.323401179302709174e+00 -7.089699211791572475e-01 -3.674609088333014029e+00
-4.953251742194523799e-01 -1.443883626894434613e+00 -3.323401179302709174e+00 -7.089699211791572475e-01 -2.674609113489013978e+00
-4.953251742194523799e-01 -1.443883626894434613e+00 -3.323401179302709174e+00 -7.089699211791572475e-01 -3.001287512602637708e+00
-4.953251742194523799e-01 -1.443883626894434613e+00 -3.323401179302709174e+00 -7.089699211791572475e-01 -3.292643078724277750e+00
-4.953251742194523799e-01 -1.443883626894434613e+00 -3.323401179302709174e+00 -7.089699211791572475e-01 -3.146745049898066693e+00
-4.953251742194523799e-01 -1.443883626894434613e+00 -3.323401179302709174e+00 -7.089699211791572475e-01 -3.092522904462190692e+00
-4.953251742194523799e-01 -1.443883626894434613e+00 -3.323401179302709174e+00 -7.089699211791572475e-01 -3.035457129728848624e+00
-4.953251742194523799e-01 -1.443883626894434613e+00 -3.323401179302709174e+00 -7.089699211791572475e-01 -3.070305947415874481e+00
-4.953251742194523799e-01 -1.443883626894434613e+00 -3.323401179302709174e+00 -7.089699211791572475e-01 -3.048508761704078918e+00
-4.953251742194523799e-01 -1.443883626894434613e+00 -3.323401179302709174e+00 -7.089699211791572475e-01 -3.061819825200721379e+00
-4.953251742194523799e-01 -1.443883626894434613e+00 -3.323401179302709174e+00 -7.089699211791572475e-01 -3.053494041363129519e+00
-4.953251742194523799e-01 -1.443883626894434613e+00 -3.323401179302709174e+00 -7.089699211791572475e-01 -3.058578415042688015e+00
-4.953251742194523799e-01 -1.443883626894434613e+00 -3.323401179302709174e+00 -7.089699211791572475e-01 -3.055398248693378616e+00
-4.953251742194523799e-01 -1.443883626894434613e+00 -3.323401179302709174e+00 -7.089699211791572475e-01 -3.057340306570264676e+00
-4.953251742194523799e-01 -1.443883626894434613e+00 -3.323401179302709174e+00 -7.089699211791572475e-01 -3.056125591150484322e+00
-4.953251742194523799e-01 -1.443883626894434613e+00 -3.323401179302709174e+00 -7.089699211791572475e-01 -3.056867391229487030e+00
-4.953251742194523799e-01 -1.443883626894434613e+00 -3.323401179302709174e+00 -7.089699211791572475e-01 -3.056403411239455359e+00
-4.953251742194523799e-01 -1.443883626894434613e+00 -3.323401179302709174e+00 -7.089699211791572475e-01 -3.056686753648431676e+00
-4.953251742194523799e-01 -1.443883626894434613e+00 -3.323401179302709174e+00 -7.089699211791572475e-01 -3.056509529067559239e+00
-4.953251742194523799e-01 -1.443883626894434613e+00 -3.323401179302709174e+00 -7.089699211791572475e-01 -3.056617756234146110e+00
-4.953251742194523799e-01 -1.443883626894434613e+00 -3.323401179302709174e+00 -7.089699211791572475e-01 -3.056550062469888918e+00
-4.953251742194523799e-01 -1.443883626894434613e+00 -3.323401179302709174e+00 -7.089699211791572475e-01 -3.056534580088334341e+00
-4.953251742194523799e-01 -1.443883626894434613e+00 -3.323401179302709174e+00 -7.089699211791572475e-01 -3.056553665022453625e+00
-4.953251742194523799e-01 -1.443883626894434613e+00 -3.323401179302709174e+00 -7.089699211791572475e-01 -3.056549811949697659e+00
-4.953251742194523799e-01 -1.443883626894434613e+00 -3.323401179302709174e+00 -7.089699211791572475e-01 -3.056551438522481678e+00
-4.953251742194523799e-01 -1.443883626894434613e+00 -3.323401179302709174e+00 -7.089699211791572475e-01 -3.056550588075193531e+00
-4.953251742194523799e-01 -1.443883626894434613e+00 -3.323401179302709174e+00 -7.089699211791572475e-01 -3.056550912917142426e+00
-4.953251742194523799e-01 -1.443883626894434613e+00 -3.323401179302709174e+00 -7.089699211791572475e-01 -3.056550342811055199e+00
