-2.379979899721662129e+00 1.771052174444784022e+00 -6.092524415642253111e-01 -1.056641040809674692e+00 -2.157835573754797398e+00
-2.379979899721662129e+00 1.771052174444784022e+00 -6.092524415642253111e-01 -1.056641040809674692e+00 -2.157835573754797398e+00
-1.379979899721662129e+00 1.771052174444784022e+00 -6.092524415642253111e-01 -1.056641040809674692e+00 -2.157835573754797398e+00
-3.998013899721661879e+00 1.771052174444784022e+00 -6.092524415642253111e-01 -1.056641040809674692e+00 -2.157835573754797398e+00
-2.379979899721662129e+00 1.771052174444784022e+00 -6.092524415642253111e-01 -1.056641040809674692e+00 -2.157835573754797398e+00
-2.998013874565661929e+00 1.771052174444784022e+00 -6.092524415642253111e-01 -1.056641040809674692e+00 -2.157835573754797398e+00
-3.379979884174399096e+00 1.771052174444784022e+00 -6.092524415642253111e-01 -1.056641040809674692e+00 -2.157835573754797398e+00
-2.823544005355543174e+00 1.771052174444784022e+00 -6.092524415642253111e-01 -1.056641040809674692e+00 -2.157835573754797398e+00
-2.832592513574653026e+00 1.771052174444784022e+00 -6.092524415642253111e-01 -1.056641040809674692e+00 -2.157835573754797398e+00
-2.819108364289204083e+00 1.771052174444784022e+00 -6.092524415642253111e-01 -1.056641040809674692e+00 -2.157835573754797398e+00
-2.827979646421881821e+00 1.771052174444784022e+00 -6.092524415642253111e-01 -1.056641040809674692e+00 -2.157835573754797398e+00
-2.823544005355543174e+00 1.771052174444784022e+00 -6.092524415642253111e-01 -1.056641040809674692e+00 -2.157835573754797398e+00
-2.823544005355543174e+00 2.771052174444784022e+00 -6.092524415642253111e-01 -1.056641040809674692e+00 -2.157835573754797398e+00
-2.823544005355543174e+00 1.530181744447840497e-01 -6.092524415642253111e-01 -1.056641040809674692e+00 -2.157835573754797398e+00
-2.823544005355543174e+00 1.771052174444784022e+00 -6.092524415642253111e-01 -1.056641040809674692e+00 -2.157835573754797398e+00
-2.823544005355543174e+00 1.153018199600784000e+00 -6.092524415642253111e-01 -1.056641040809674692e+00 -2.157835573754797398e+00
-2.823544005355543174e+00 7.710521899920472766e-01 -6.092524415642253111e-01 -1.056641040809674692e+00 -2.157835573754797398e+00
-2.823544005355543174e+00 1.223776648934389089e+00 -6.092524415642253111e-01 -1.056641040809674692e+00 -2.157835573754797398e+00
-2.823544005355543174e+00 1.025292995281498420e+00 -6.092524415642253111e-01 -1.056641040809674692e+00 -2.157835573754797398e+00
-2.823544005355543174e+00 1.104231514207763887e+00 -6.092524415642253111e-01 -1.056641040809674692e+00 -2.157835573754797398e+00
-2.823544005355543174e+00 1.074079683887573911e+00 -6.092524415642253111e-01 -1.056641040809674692e+00 -2.157835573754797398e+00
-2.823544005355543174e+00 1.110899720820134107e+00 -6.092524415642253111e-01 -1.056641040809674692e+00 -2.157835573754797398e+00
-2.823544005355543174e+00 1.096625858715423174e+00 -6.092524415642253111e-01 -1.056641040809674692e+00 -2.157835573754797398e+00
-2.823544005355543174e+00 1.104231514207763887e+00 -6.092524415642253111e-01 -1.056641040809674692e+00 -2.157835573754797398e+00
-2.823544005355543174e+00 1.104231514207763887e+00 3.907475584357746889e-01 -1.056641040809674692e+00 -2.157835573754797398e+00
-2.823544005355543174e+00 1.104231514207763887e+00 2.008781558435774439e+00 -1.056641040809674692e+00 -2.157835573754797398e+00
-2.823544005355543174e+00 1.104231514207763887e+00 2.379134379785042608e+00 -1.056641040809674692e+00 -2.157835573754797398e+00
-2.823544005355543174e+00 1.104231514207763887e+00 2.008781558435774439e+00 -1.056641040809674692e+00 -2.157835573754797398e+00
-2.823544005355543174e+00 1.104231514207763887e+00 1.390747583591774639e+00 -1.056641040809674692e+00 -2.157835573754797398e+00
-2.823544005355543174e+00 1.104231514207763887e+00 1.008781573983037916e+00 -1.056641040809674692e+00 -2.157835573754797398e+00
-2.823544005355543174e+00 1.104231514207763887e+00 7.727135932005120278e-01 -1.056641040809674692e+00 -2.157835573754797398e+00
-2.823544005355543174e+00 1.104231514207763887e+00 1.154679602809248751e+00 -1.056641040809674692e+00 -2.157835573754797398e+00
-2.823544005355543174e+00 1.104231514207763887e+00 9.186116316354595579e-01 -1.056641040809674692e+00 -2.157835573754797398e+00
-2.823544005355543174e+00 1.104231514207763887e+00 1.064509660461670393e+00 -1.056641040809674692e+00 -2.157835573754797398e+00
-2.823544005355543174e+00 1.104231514207763887e+00 9.743397217843028368e-01 -1.056641040809674692e+00 -2.157835573754797398e+00
-2.823544005355543174e+00 1.104231514207763887e+00 1.030067808262935314e+00 -1.056641040809674692e+00 -2.157835573754797398e+00
-2.823544005355543174e+00 1.104231514207763887e+00 9.926012338175653760e-01 -1.056641040809674692e+00 -2.157835573754797398e+00
-2.823544005355543174e+00 1.104231514207763887e+00 1.008781573983037916e+00 -1.056641040809674692e+00 -2.157835573754797398e+00
-2.823544005355543174e+00 1.104231514207763887e+00 1.008781573983037916e+00 -5.664104080967469201e-02 -2.157835573754797398e+00
-2.823544005355543174e+00 1.104231514207763887e+00 1.008781573983037916e+00 1.561392959190325058e+00 -2.157835573754797398e+00
-2.823544005355543174e+00 1.104231514207763887e+00 1.008781573983037916e+00 -5.664104080967469201e-02 -2.157835573754797398e+00
-2.823544005355543174e+00 1.104231514207763887e+00 1.008781573983037916e+00 5.613929340343251084e-01 -2.157835573754797398e+00
-2.823544005355543174e+00 1.104231514207763887e+00 1.008781573983037916e+00 -4.386070408096747197e-01 -2.157835573754797398e+00
-2.823544005355543174e+00 1.104231514207763887e+00 1.008781573983037916e+00 -1.550803030626868306e-02 -2.157835573754797398e+00
-2.823544005355543174e+00 1.104231514207763887e+00 1.008781573983037916e+00 2.048485234390504672e-01 -2.157835573754797398e+00
-2.823544005355543174e+00 1.104231514207763887e+00 1.008781573983037916e+00 6.866068110161593907e-02 -2.157835573754797398e+00
-2.823544005355543174e+00 1.104231514207763887e+00 1.008781573983037916e+00 1.253765779251958534e-03 -2.157835573754797398e+00
-2.823544005355543174e+00 1.104231514207763887e+00 1.008781573983037916e+00 -2.940039850370856911e-02 -2.157835573754797398e+00
-2.823544005355543174e+00 1.104231514207763887e+00 1.008781573983037916e+00 -1.550803030626868306e-02 -2.157835573754797398e+00
-2.823544005355543174e+00 1.104231514207763887e+00 1.008781573983037916e+00 -1.550803030626868306e-02 -1.157835573754797398e+00
-2.823544005355543174e+00 1.104231514207763887e+00 1.008781573983037916e+00 -1.550803030626868306e-02 4.601984262452023522e-01
-2.823544005355543174e+00 1.104231514207763887e+00 1.008781573983037916e+00 -1.550803030626868306e-02 -1.157835573754797398e+00
-2.823544005355543174e+00 1.104231514207763887e+00 1.008781573983037916e+00 -1.550803030626868306e-02 -5.398015989107975976e-01
-2.823544005355543174e+00 1.104231514207763887e+00 1.008781573983037916e+00 -1.550803030626868306e-02 -1.539801573754797426e+00
-2.823544005355543174e+00 1.104231514207763887e+00 1.008781573983037916e+00 -1.550803030626868306e-02 -1.699295029530328627e+00
-2.823544005355543174e+00 1.104231514207763887e+00 1.008781573983037916e+00 -1.550803030626868306e-02 -1.874441927045571887e+00
-2.823544005355543174e+00 1.104231514207763887e+00 1.008781573983037916e+00 -1.550803030626868306e-02 -1.770628606405168171e+00
-2.823544005355543174e+00 1.104231514207763887e+00 1.008781573983037916e+00 -1.550803030626868306e-02 -1.638373952201571893e+00
-2.823544005355543174e+00 1.104231514207763887e+00 1.008781573983037916e+00 -1.550803030626868306e-02 -1.726542030554903517e+00
-2.823544005355543174e+00 1.104231514207763887e+00 1.008781573983037916e+00 -1.550803030626868306e-02 -1.676025249307372622e+00
-2.823544005355543174e+00 1.104231514207763887e+00 1.008781573983037916e+00 -1.550803030626868306e-02 -1.709702457523681218e+00
-2.823544005355543174e+00 1.104231514207763887e+00 1.008781573983037916e+00 -1.550803030626868306e-02 -1.690406764657687022e+00
-2.823544005355543174e+00 1.104231514207763887e+00 1.008781573983037916e+00 -1.550803030626868306e-02 -1.703880434982573133e+00
-3.267108110989424219e+00 4.374108539707437515e-01 2.626815589530301143e+00 1.025624980197137326e+00 -1.240754485305859856e+00
-2.823544005355543174e+00 1.104231514207763887e+00 1.008781573983037916e+00 -1.550803030626868306e-02 -1.699295029530328627e+00
-1.823544005355543174e+00 1.104231514207763887e+00 1.008781573983037916e+00 -1.550803030626868306e-02 -1.699295029530328627e+00
-4.441578005355543368e+00 1.104231514207763887e+00 1.008781573983037916e+00 -1.550803030626868306e-02 -1.699295029530328627e+00
-2.823544005355543174e+00 1.104231514207763887e+00 1.008781573983037916e+00 -1.550803030626868306e-02 -1.699295029530328627e+00
-3.441577980199543418e+00 1.104231514207763887e+00 1.008781573983037916e+00 -1.550803030626868306e-02 -1.699295029530328627e+00
-2.441578005355543368e+00 1.104231514207763887e+00 1.008781573983037916e+00 -1.550803030626868306e-02 -1.699295029530328627e+00
-3.063239570912493548e+00 1.104231514207763887e+00 1.008781573983037916e+00 -1.550803030626868306e-02 -1.699295029530328627e+00
-2.677645980199542919e+00 1.104231514207763887e+00 1.008781573983037916e+00 -1.550803030626868306e-02 -1.699295029530328627e+00
-2.915099561749069146e+00 1.104231514207763887e+00 1.008781573983037916e+00 -1.550803030626868306e-02 -1.699295029530328627e+00
-2.767815920278806630e+00 1.104231514207763887e+00 1.008781573983037916e+00 -1.550803030626868306e-02 -1.699295029530328627e+00
-2.858515115008952723e+00 1.104231514207763887e+00 1.008781573983037916e+00 -1.550803030626868306e-02 -1.699295029530328627e+00
-2.802257771611122550e+00 1.104231514207763887e+00 1.008781573983037916e+00 -1.550803030626868306e-02 -1.699295029530328627e+00
-2.836901780225417280e+00 1.104231514207763887e+00 1.008781573983037916e+00 -1.550803030626868306e-02 -1.699295029530328627e+00
-2.815413387797121914e+00 1.104231514207763887e+00 1.008781573983037916e+00 -1.550803030626868306e-02 -1.699295029530328627e+00
-2.828646221191489563e+00 1.104231514207763887e+00 1.008781573983037916e+00 -1.550803030626868306e-02 -1.699295029530328627e+00
-2.820438385889223021e+00 1.104231514207763887e+00 1.008781573983037916e+00 -1.550803030626868306e-02 -1.699295029530328627e+00
-2.825492878329536328e+00 1.104231514207763887e+00 1.008781573983037916e+00 -1.550803030626868306e-02 -1.699295029530328627e+00
-2.822357764310470696e+00 1.104231514207763887e+00 1.008781573983037916e+00 -1.550803030626868306e-02 -1.699295029530328627e+00
-2.824288408569927356e+00 1.104231514207763887e+00 1.008781573983037916e+00 -1.550803030626868306e-02 -1.699295029530328627e+00
-2.823090901608521275e+00 1.104231514207763887e+00 1.008781573983037916e+00 -1.550803030626868306e-02 -1.699295029530328627e+00
-2.823828342073728681e+00 1.104231514207763887e+00 1.008781573983037916e+00 -1.550803030626868306e-02 -1.699295029530328627e+00
-2.823370935129708048e+00 1.104231514207763887e+00 1.008781573983037916e+00 -1.550803030626868306e-02 -1.699295029530328627e+00
-2.823652612314441424e+00 1.104231514207763887e+00 1.008781573983037916e+00 -1.550803030626868306e-02 -1.699295029530328627e+00
-2.823477898413661702e+00 1.104231514207763887e+00 1.008781573983037916e+00 -1.550803030626868306e-02 -1.699295029530328627e+00
-2.823437042075943371e+00 1.104231514207763887e+00 1.008781573983037916e+00 -1.550803030626868306e-02 -1.699295029530328627e+00
-2.823503149017824398e+00 1.104231514207763887e+00 1.008781573983037916e+00 -1.550803030626868306e-02 -1.699295029530328627e+00
-2.823462292681768737e+00 1.104231514207763887e+00 1.008781573983037916e+00 -1.550803030626868306e-02 -1.699295029530328627e+00
-2.823487543285931434e+00 1.104231514207763887e+00 1.008781573983037916e+00 -1.550803030626868306e-02 -1.699295029530328627e+00
-2.823471937554673517e+00 1.104231514207763887e+00 1.008781573983037916e+00 -1.550803030626868306e-02 -1.699295029530328627e+00
-2.823481582426943248e+00 1.104231514207763887e+00 1.008781573983037916e+00 -1.550803030626868306e-02 -1.699295029530328627e+00
-2.823475621568197536e+00 1.104231514207763887e+00 1.008781573983037916e+00 -1.550803030626868306e-02 -1.699295029530328627e+00
-2.823479305581479082e+00 1.104231514207763887e+00 1.008781573983037916e+00 -1.550803030626868306e-02 -1.699295029530328627e+00
-2.823477028736107286e+00 1.104231514207763887e+00 1.008781573983037916e+00 -1.550803030626868306e-02 -1.699295029530328627e+00
-2.823478559493080464e+00 1.104231514207763887e+00 1.008781573983037916e+00 -1.550803030626868306e-02 -1.699295029530328627e+00
-2.823477898413661702e+00 1.104231514207763887e+00 1.008781573983037916e+00 -1.550803030626868306e-02 -1.699295029530328627e+00
-2.823477898413661702e+00 2.104231514207763887e+00 1.008781573983037916e+00 -1.550803030626868306e-02 -1.699295029530328627e+00
-2.823477898413661702e+00 -5.138024857922360855e-01 1.008781573983037916e+00 -1.550803030626868306e-02 -1.699295029530328627e+00
-2.823477898413661702e+00 1.104231514207763887e+00 1.008781573983037916e+00 -1.550803030626868306e-02 -1.699295029530328627e+00
-2.823477898413661702e+00 4.861975393637638643e-01 1.008781573983037916e+00 -1.550803030626868306e-02 -1.699295029530328627e+00
-2.823477898413661702e+00 1.486197514207763914e+00 1.008781573983037916e+00 -1.550803030626868306e-02 -1.699295029530328627e+00
-2.823477898413661702e+00 1.083094092503257944e+00 1.008781573983037916e+00 -1.550803030626868306e-02 -1.699295029530328627e+00
-2.823477898413661702e+00 1.284739649141335871e+00 1.008781573983037916e+00 -1.550803030626868306e-02 -1.699295029530328627e+00
-2.823477898413661702e+00 1.173179484475800782e+00 1.008781573983037916e+00 -1.550803030626868306e-02 -1.699295029530328627e+00
-2.823477898413661702e+00 1.130567294619164720e+00 1.008781573983037916e+00 -1.550803030626868306e-02 -1.699295029530328627e+00
-2.823477898413661702e+00 1.114290886908384959e+00 1.008781573983037916e+00 -1.550803030626868306e-02 -1.699295029530328627e+00
-2.823477898413661702e+00 1.096157737788980624e+00 1.008781573983037916e+00 -1.550803030626868306e-02 -1.699295029530328627e+00
-2.823477898413661702e+00 1.108073852560729433e+00 1.008781573983037916e+00 -1.550803030626868306e-02 -1.699295029530328627e+00
-2.823477898413661702e+00 1.110448548302366056e+00 1.008781573983037916e+00 -1.550803030626868306e-02 -1.699295029530328627e+00
-2.823477898413661702e+00 1.106606209949400510e+00 1.008781573983037916e+00 -1.550803030626868306e-02 -1.699295029530328627e+00
-2.823477898413661702e+00 1.108980905594379340e+00 1.008781573983037916e+00 -1.550803030626868306e-02 -1.699295029530328627e+00
-2.823477898413661702e+00 1.107513262983050639e+00 1.008781573983037916e+00 -1.550803030626868306e-02 -1.699295029530328627e+00
-2.823477898413661702e+00 1.107166799563999326e+00 1.008781573983037916e+00 -1.550803030626868306e-02 -1.699295029530328627e+00
-2.823477898413661702e+00 1.107727389141678120e+00 1.008781573983037916e+00 -1.550803030626868306e-02 -1.699295029530328627e+00
-2.823477898413661702e+00 1.107380925736729305e+00 1.008781573983037916e+00 -1.550803030626868306e-02 -1.699295029530328627e+00
-2.823477898413661702e+00 1.107595051895357008e+00 1.008781573983037916e+00 -1.550803030626868306e-02 -1.699295029530328627e+00
-2.823477898413661702e+00 1.107462714654422253e+00 1.008781573983037916e+00 -1.550803030626868306e-02 -1.699295029530328627e+00
-2.823477898413661702e+00 1.107546080480803496e+00 1.008781573983037916e+00 -1.550803030626868306e-02 -1.699295029530328627e+00
-2.823477898413661702e+00 1.107513262983050639e+00 1.008781573983037916e+00 -1.550803030626868306e-02 -1.699295029530328627e+00
-2.823477898413661702e+00 1.107513262983050639e+00 2.008781573983037916e+00 -1.550803030626868306e-02 -1.699295029530328627e+00
-2.823477898413661702e+00 1.107513262983050639e+00 -6.092524260169620565e-01 -1.550803030626868306e-02 -1.699295029530328627e+00
-2.823477898413661702e+00 1.107513262983050639e+00 1.008781573983037916e+00 -1.550803030626868306e-02 -1.699295029530328627e+00
-2.823477898413661702e+00 1.107513262983050639e+00 3.907475991390378933e-01 -1.550803030626868306e-02 -1.699295029530328627e+00
-2.823477898413661702e+00 1.107513262983050639e+00 1.390747573983037944e+00 -1.550803030626868306e-02 -1.699295029530328627e+00
-2.823477898413661702e+00 1.107513262983050639e+00 1.837082668393769769e+00 -1.550803030626868306e-02 -1.699295029530328627e+00
-2.823477898413661702e+00 1.107513262983050639e+00 1.375120713379193393e+00 -1.550803030626868306e-02 -1.699295029530328627e+00
-2.823477898413661702e+00 1.107513262983050639e+00 1.551921073880533353e+00 -1.550803030626868306e-02 -1.699295029530328627e+00
-2.823477898413661702e+00 1.107513262983050639e+00 1.452310371044884807e+00 -1.550803030626868306e-02 -1.699295029530328627e+00
-2.823477898413661702e+00 1.107513262983050639e+00 1.490358272764205960e+00 -1.550803030626868306e-02 -1.699295029530328627e+00
-2.823477898413661702e+00 1.107513262983050639e+00 1.428795475702359319e+00 -1.550803030626868306e-02 -1.699295029530328627e+00
-2.823477898413661702e+00 1.107513262983050639e+00 1.466843375873007060e+00 -1.550803030626868306e-02 -1.699295029530328627e+00
-2.823477898413661702e+00 1.107513262983050639e+00 1.447875083064266155e+00 -1.550803030626868306e-02 -1.699295029530328627e+00
-2.823477898413661702e+00 1.107513262983050639e+00 1.456745659025503237e+00 -1.550803030626868306e-02 -1.699295029530328627e+00
-2.823477898413661702e+00 1.107513262983050639e+00 1.452310371044884807e+00 -1.550803030626868306e-02 -1.699295029530328627e+00
-2.823477898413661702e+00 1.107513262983050639e+00 1.452310371044884807e+00 9.844919696937313169e-01 -1.699295029530328627e+00
-2.823477898413661702e+00 1.107513262983050639e+00 1.452310371044884807e+00 -1.633542030306268655e+00 -1.699295029530328627e+00
-2.823477898413661702e+00 1.107513262983050639e+00 1.452310371044884807e+00 -1.550803030626868306e-02 -1.699295029530328627e+00
-2.823477898413661702e+00 1.107513262983050639e+00 1.452310371044884807e+00 -6.335420051502687055e-01 -1.699295029530328627e+00
-2.823477898413661702e+00 1.107513262983050639e+00 1.452310371044884807e+00 3.664579696937313447e-01 -1.699295029530328627e+00
-2.823477898413661702e+00 1.107513262983050639e+00 1.452310371044884807e+00 -1.162040451292605386e-01 -1.699295029530328627e+00
-2.823477898413661702e+00 1.107513262983050639e+00 1.452310371044884807e+00 1.219344385471546055e-01 -1.699295029530328627e+00
-2.823477898413661702e+00 1.107513262983050639e+00 1.452310371044884807e+00 1.132409418041438118e-02 -1.699295029530328627e+00
-2.823477898413661702e+00 1.107513262983050639e+00 1.452310371044884807e+00 3.839113068532259976e-02 -1.699295029530328627e+00
-2.823477898413661702e+00 1.107513262983050639e+00 1.452310371044884807e+00 1.350229491239498397e-02 -1.699295029530328627e+00
-2.823477898413661702e+00 1.107513262983050639e+00 1.452310371044884807e+00 1.075134918733997025e-03 -1.699295029530328627e+00
-2.823477898413661702e+00 1.107513262983050639e+00 1.452310371044884807e+00 7.409340207067370565e-03 -1.699295029530328627e+00
-2.823477898413661702e+00 1.107513262983050639e+00 1.452310371044884807e+00 1.099040800336730309e-02 -1.699295029530328627e+00
-2.823477898413661702e+00 1.107513262983050639e+00 1.452310371044884807e+00 1.232252168731225520e-02 -1.699295029530328627e+00
-2.823477898413661702e+00 1.107513262983050639e+00 1.452310371044884807e+00 1.170545954151413354e-02 -1.699295029530328627e+00
-2.823477898413661702e+00 1.107513262983050639e+00 1.452310371044884807e+00 1.132409418041438118e-02 -1.699295029530328627e+00
-2.823477898413661702e+00 1.107513262983050639e+00 1.452310371044884807e+00 1.132409418041438118e-02 -6.992950295303286268e-01
-2.823477898413661702e+00 1.107513262983050639e+00 1.452310371044884807e+00 1.132409418041438118e-02 -3.317329029530328377e+00
-2.823477898413661702e+00 1.107513262983050639e+00 1.452310371044884807e+00 1.132409418041438118e-02 -1.699295029530328627e+00
-2.823477898413661702e+00 1.107513262983050639e+00 1.452310371044884807e+00 1.132409418041438118e-02 -2.317329004374328427e+00
-2.823477898413661702e+00 1.107513262983050639e+00 1.452310371044884807e+00 1.132409418041438118e-02 -1.317329029530328599e+00
-2.823477898413661702e+00 1.107513262983050639e+00 1.452310371044884807e+00 1.132409418041438118e-02 -1.655705552353492704e+00
-2.823477898413661702e+00 1.107513262983050639e+00 1.452310371044884807e+00 1.132409418041438118e-02 -1.712062469782014595e+00
-2.823477898413661702e+00 1.107513262983050639e+00 1.452310371044884807e+00 1.132409418041438118e-02 -1.677961332641627612e+00
-2.823477898413661702e+00 1.107513262983050639e+00 1.452310371044884807e+00 1.132409418041438118e-02 -1.677650855921535289e+00
-2.823477898413661702e+00 1.107513262983050639e+00 1.452310371044884807e+00 1.132409418041438118e-02 -1.678174669620514647e+00
-2.823411791471780230e+00 1.110795011758337392e+00 1.895839168106731698e+00 3.815621866709744542e-02 -1.656627635752926597e+00
-2.823477898413661702e+00 1.107513262983050639e+00 1.452310371044884807e+00 1.132409418041438118e-02 -1.677961332641627612e+00
-1.823477898413661702e+00 1.107513262983050639e+00 1.452310371044884807e+00 1.132409418041438118e-02 -1.677961332641627612e+00
-4.441511898413661896e+00 1.107513262983050639e+00 1.452310371044884807e+00 1.132409418041438118e-02 -1.677961332641627612e+00
-7.059545923569661596e+00 1.107513262983050639e+00 1.452310371044884807e+00 1.132409418041438118e-02 -1.677961332641627612e+00
-4.441511898413661896e+00 1.107513262983050639e+00 1.452310371044884807e+00 1.132409418041438118e-02 -1.677961332641627612e+00
-5.441511882866398864e+00 1.107513262983050639e+00 1.452310371044884807e+00 1.132409418041438118e-02 -1.677961332641627612e+00
-6.059545873257660809e+00 1.107513262983050639e+00 1.452310371044884807e+00 1.132409418041438118e-02 -1.677961332641627612e+00
-5.124805089038612316e+00 1.107513262983050639e+00 1.452310371044884807e+00 1.132409418041438118e-02 -1.677961332641627612e+00
-5.677579854040187612e+00 1.107513262983050639e+00 1.452310371044884807e+00 1.132409418041438118e-02 -1.677961332641627612e+00
-5.320540655655173978e+00 1.107513262983050639e+00 1.452310371044884807e+00 1.132409418041438118e-02 -1.677961332641627612e+00
-5.531681821543765309e+00 1.107513262983050639e+00 1.452310371044884807e+00 1.132409418041438118e-02 -1.677961332641627612e+00
-5.395304987093435756e+00 1.107513262983050639e+00 1.452310371044884807e+00 1.132409418041438118e-02 -1.677961332641627612e+00
-5.475953733663237344e+00 1.107513262983050639e+00 1.452310371044884807e+00 1.132409418041438118e-02 -1.677961332641627612e+00
-5.441511882866398864e+00 1.107513262983050639e+00 1.452310371044884807e+00 1.132409418041438118e-02 -1.677961332641627612e+00
-5.441511882866398864e+00 2.107513262983050417e+00 1.452310371044884807e+00 1.132409418041438118e-02 -1.677961332641627612e+00
-5.441511882866398864e+00 -5.105207370169493331e-01 1.452310371044884807e+00 1.132409418041438118e-02 -1.677961332641627612e+00
-5.441511882866398864e+00 1.395904415617514882e-01 1.452310371044884807e+00 1.132409418041438118e-02 -1.677961332641627612e+00
-5.441511882866398864e+00 1.107513262983050639e+00 1.452310371044884807e+00 1.132409418041438118e-02 -1.677961332641627612e+00
-5.441511882866398864e+00 1.489479262983050667e+00 1.452310371044884807e+00 1.132409418041438118e-02 -1.677961332641627612e+00
-5.441511882866398864e+00 7.377996545760426850e-01 1.452310371044884807e+00 1.132409418041438118e-02 -1.677961332641627612e+00
-5.441511882866398864e+00 1.016314566122381802e+00 1.452310371044884807e+00 1.132409418041438118e-02 -1.677961332641627612e+00
-5.441511882866398864e+00 1.253411288139050672e+00 1.452310371044884807e+00 1.132409418041438118e-02 -1.677961332641627612e+00
-5.441511882866398864e+00 1.343581228218313939e+00 1.452310371044884807e+00 1.132409418041438118e-02 -1.677961332641627612e+00
-5.441511882866398864e+00 1.197683203062313906e+00 1.452310371044884807e+00 1.132409418041438118e-02 -1.677961332641627612e+00
-5.441511882866398864e+00 1.287853139471366593e+00 1.452310371044884807e+00 1.132409418041438118e-02 -1.677961332641627612e+00
-5.441511882866398864e+00 1.232125054394629826e+00 1.452310371044884807e+00 1.132409418041438118e-02 -1.677961332641627612e+00
-5.441511882866398864e+00 1.266566904325050036e+00 1.452310371044884807e+00 1.132409418041438118e-02 -1.677961332641627612e+00
-5.441511882866398864e+00 1.245280670580629190e+00 1.452310371044884807e+00 1.132409418041438118e-02 -1.677961332641627612e+00
-5.441511882866398864e+00 1.258436286231152224e+00 1.452310371044884807e+00 1.132409418041438118e-02 -1.677961332641627612e+00
-5.441511882866398864e+00 1.250305668672730741e+00 1.452310371044884807e+00 1.132409418041438118e-02 -1.677961332641627612e+00
-5.441511882866398864e+00 1.255330666560298347e+00 1.452310371044884807e+00 1.132409418041438118e-02 -1.677961332641627612e+00
-5.441511882866398864e+00 1.251952307877490789e+00 1.452310371044884807e+00 1.132409418041438118e-02 -1.677961332641627612e+00
-5.441511882866398864e+00 1.253411288139050672e+00 1.452310371044884807e+00 1.132409418041438118e-02 -1.677961332641627612e+00
-5.441511882866398864e+00 1.253411288139050672e+00 2.452310371044884807e+00 1.132409418041438118e-02 -1.677961332641627612e+00
-5.441511882866398864e+00 1.253411288139050672e+00 -1.657236289551151653e-01 1.132409418041438118e-02 -1.677961332641627612e+00
-5.441511882866398864e+00 1.253411288139050672e+00 1.452310371044884807e+00 1.132409418041438118e-02 -1.677961332641627612e+00
-5.441511882866398864e+00 1.253411288139050672e+00 8.342763962008847844e-01 1.132409418041438118e-02 -1.677961332641627612e+00
-5.441511882866398864e+00 1.253411288139050672e+00 1.834276371044884835e+00 1.132409418041438118e-02 -1.677961332641627612e+00
-5.441511882866398864e+00 1.253411288139050672e+00 1.473612932613797888e+00 1.132409418041438118e-02 -1.677961332641627612e+00
-5.441511882866398864e+00 1.253411288139050672e+00 1.599045275059459037e+00 1.132409418041438118e-02 -1.677961332641627612e+00
-5.441511882866398864e+00 1.253411288139050672e+00 1.521523822728397368e+00 1.132409418041438118e-02 -1.677961332641627612e+00
-5.441511882866398864e+00 1.253411288139050672e+00 1.492413511901643952e+00 1.132409418041438118e-02 -1.677961332641627612e+00
-5.441511882866398864e+00 1.253411288139050672e+00 1.465476078381566349e+00 1.132409418041438118e-02 -1.677961332641627612e+00
-5.441511882866398864e+00 1.253411288139050672e+00 1.480794114682059348e+00 1.132409418041438118e-02 -1.677961332641627612e+00
-5.441511882866398864e+00 1.253411288139050672e+00 1.470504930950129241e+00 1.132409418041438118e-02 -1.677961332641627612e+00
-5.441511882866398864e+00 1.253411288139050672e+00 1.476355900003683441e+00 1.132409418041438118e-02 -1.677961332641627612e+00
-5.441511882866398864e+00 1.253411288139050672e+00 1.472425781650332999e+00 1.132409418041438118e-02 -1.677961332641627612e+00
-5.441511882866398864e+00 1.253411288139050672e+00 1.474660652895842805e+00 1.132409418041438118e-02 -1.677961332641627612e+00
-5.441511882866398864e+00 1.253411288139050672e+00 1.475308179652636387e+00 1.132409418041438118e-02 -1.677961332641627612e+00
-5.441511882866398864e+00 1.253411288139050672e+00 1.474884155724352386e+00 1.132409418041438118e-02 -1.677961332641627612e+00
-5.441511882866398864e+00 1.253411288139050672e+00 1.474884155724352386e+00 1.132409418041438118e-02 -1.677961332641627612e+00
-5.441511882866398864e+00 1.253411288139050672e+00 1.474884155724352386e+00 1.011324094180414468e+00 -1.677961332641627612e+00
-5.441511882866398864e+00 1.253411288139050672e+00 1.474884155724352386e+00 -1.606709905819585504e+00 -1.677961332641627612e+00
-5.441511882866398864e+00 1.253411288139050672e+00 1.474884155724352386e+00 1.132409418041438118e-02 -1.677961332641627612e+00
-5.441511882866398864e+00 1.253411288139050672e+00 1.474884155724352386e+00 -6.067098806635856656e-01 -1.677961332641627612e+00
-5.441511882866398864e+00 1.253411288139050672e+00 1.474884155724352386e+00 3.932900941804143846e-01 -1.677961332641627612e+00
-5.441511882866398864e+00 1.253411288139050672e+00 1.474884155724352386e+00 -9.029893959196286235e-02 -1.677961332641627612e+00
-5.441511882866398864e+00 1.253411288139050672e+00 1.474884155724352386e+00 1.428707615945511433e-01 -1.677961332641627612e+00
-5.441511882866398864e+00 1.253411288139050672e+00 1.474884155724352386e+00 6.157044854592254313e-02 -1.677961332641627612e+00
-5.441511882866398864e+00 1.253411288139050672e+00 1.474884155724352386e+00 6.462167442287863016e-03 -1.677961332641627612e+00
-5.441511882866398864e+00 1.253411288139050672e+00 1.474884155724352386e+00 -3.049728556715675457e-02 -1.677961332641627612e+00
-5.441511882866398864e+00 1.253411288139050672e+00 1.474884155724352386e+00 -9.309452017720893507e-03 -1.677961332641627612e+00
-5.441511882866398864e+00 1.253411288139050672e+00 1.474884155724352386e+00 -1.808469816809356312e-03 -1.677961332641627612e+00
-5.441511882866398864e+00 1.253411288139050672e+00 1.474884155724352386e+00 -1.740248404726471229e-02 -1.677961332641627612e+00
-5.441511882866398864e+00 1.253411288139050672e+00 1.474884155724352386e+00 -1.240071508991762855e-02 -1.677961332641627612e+00
-5.441511882866398864e+00 1.253411288139050672e+00 1.474884155724352386e+00 -6.444331850367517045e-03 -1.677961332641627612e+00
-5.441511882866398864e+00 1.253411288139050672e+00 1.474884155724352386e+00 -1.049020940835559274e-02 -1.677961332641627612e+00
-5.441511882866398864e+00 1.253411288139050672e+00 1.474884155724352386e+00 -8.215073527877592152e-03 -1.677961332641627612e+00
-5.441511882866398864e+00 1.253411288139050672e+00 1.474884155724352386e+00 -9.760461195192065426e-03 -1.677961332641627612e+00
-5.441511882866398864e+00 1.253411288139050672e+00 1.474884155724352386e+00 -1.003920020118128503e-02 -1.677961332641627612e+00
-5.441511882866398864e+00 1.253411288139050672e+00 1.474884155724352386e+00 -9.549615631436001589e-03 -1.677961332641627612e+00
-5.441511882866398864e+00 1.253411288139050672e+00 1.474884155724352386e+00 -9.760461195192065426e-03 -1.677961332641627612e+00
-5.441511882866398864e+00 1.253411288139050672e+00 1.474884155724352386e+00 -9.760461195192065426e-03 -6.779613326416276120e-01
-5.441511882866398864e+00 1.253411288139050672e+00 1.474884155724352386e+00 -9.760461195192065426e-03 -3.295995332641627584e+00
-5.441511882866398864e+00 1.253411288139050672e+00 1.474884155724352386e+00 -9.760461195192065426e-03 -1.677961332641627612e+00
-5.441511882866398864e+00 1.253411288139050672e+00 1.474884155724352386e+00 -9.760461195192065426e-03 -2.295995307485627634e+00
-5.441511882866398864e+00 1.253411288139050672e+00 1.474884155724352386e+00 -9.760461195192065426e-03 -1.295995332641627584e+00
-5.441511882866398864e+00 1.253411288139050672e+00 1.474884155724352386e+00 -9.760461195192065426e-03 -1.486040747397743278e+00
-5.441511882866398864e+00 1.253411288139050672e+00 1.474884155724352386e+00 -9.760461195192065426e-03 -1.487959953260181933e+00
-5.441511882866398864e+00 1.253411288139050672e+00 1.474884155724352386e+00 -9.760461195192065426e-03 -1.560534020136995270e+00
-5.441511882866398864e+00 1.253411288139050672e+00 1.474884155724352386e+00 -9.760461195192065426e-03 -1.522185740727636682e+00
-5.441511882866398864e+00 1.253411288139050672e+00 1.474884155724352386e+00 -9.760461195192065426e-03 -1.501033040395975737e+00
-5.441511882866398864e+00 1.253411288139050672e+00 1.474884155724352386e+00 -9.760461195192065426e-03 -1.494344362039001117e+00
-5.441511882866398864e+00 1.253411288139050672e+00 1.474884155724352386e+00 -9.760461195192065426e-03 -1.489859967063996482e+00
