0.000000000000000000e+00 0.000000000000000000e+00 0.000000000000000000e+00 0.000000000000000000e+00 0.000000000000000000e+00
0.000000000000000000e+00 0.000000000000000000e+00 0.000000000000000000e+00 0.000000000000000000e+00 0.000000000000000000e+00
1.000000000000000000e+00 0.000000000000000000e+00 0.000000000000000000e+00 0.000000000000000000e+00 0.000000000000000000e+00
2.618033999999999750e+00 0.000000000000000000e+00 0.000000000000000000e+00 0.000000000000000000e+00 0.000000000000000000e+00
1.954998315993331293e+00 0.000000000000000000e+00 0.000000000000000000e+00 0.000000000000000000e+00 0.000000000000000000e+00
5.236068025155999450e+00 0.000000000000000000e+00 0.000000000000000000e+00 0.000000000000000000e+00 0.000000000000000000e+00
2.618033999999999750e+00 0.000000000000000000e+00 0.000000000000000000e+00 0.000000000000000000e+00 0.000000000000000000e+00
3.618033984452736274e+00 0.000000000000000000e+00 0.000000000000000000e+00 0.000000000000000000e+00 0.000000000000000000e+00
4.236067974843998662e+00 0.000000000000000000e+00 0.000000000000000000e+00 0.000000000000000000e+00 0.000000000000000000e+00
3.396935492862126704e+00 0.000000000000000000e+00 0.000000000000000000e+00 0.000000000000000000e+00 0.000000000000000000e+00
3.854101955626525022e+00 0.000000000000000000e+00 0.000000000000000000e+00 0.000000000000000000e+00 0.000000000000000000e+00
3.999999988122946437e+00 0.000000000000000000e+00 0.000000000000000000e+00 0.000000000000000000e+00 0.000000000000000000e+00
3.763932016949157688e+00 0.000000000000000000e+00 0.000000000000000000e+00 0.000000000000000000e+00 0.000000000000000000e+00
3.909830043507052988e+00 0.000000000000000000e+00 0.000000000000000000e+00 0.000000000000000000e+00 0.000000000000000000e+00
3.815560936060259589e+00 0.000000000000000000e+00 0.000000000000000000e+00 0.000000000000000000e+00 0.000000000000000000e+00
3.854101955626525022e+00 0.000000000000000000e+00 0.000000000000000000e+00 0.000000000000000000e+00 0.000000000000000000e+00
3.854101955626525022e+00 1.000000000000000000e+00 0.000000000000000000e+00 0.000000000000000000e+00 0.000000000000000000e+00
3.854101955626525022e+00 -1.618033999999999972e+00 0.000000000000000000e+00 0.000000000000000000e+00 0.000000000000000000e+00
3.854101955626525022e+00 0.000000000000000000e+00 0.000000000000000000e+00 0.000000000000000000e+00 0.000000000000000000e+00
3.854101955626525022e+00 -6.180339748440000225e-01 0.000000000000000000e+00 0.000000000000000000e+00 0.000000000000000000e+00
3.854101955626525022e+00 3.819660000000000277e-01 0.000000000000000000e+00 0.000000000000000000e+00 0.000000000000000000e+00
3.854101955626525022e+00 6.180339748440000225e-01 0.000000000000000000e+00 0.000000000000000000e+00 0.000000000000000000e+00
3.854101955626525022e+00 3.470368510665984285e-01 0.000000000000000000e+00 0.000000000000000000e+00 0.000000000000000000e+00
3.854101955626525022e+00 4.674255774311687484e-01 0.000000000000000000e+00 0.000000000000000000e+00 0.000000000000000000e+00
3.854101955626525022e+00 3.992453223301354881e-01 0.000000000000000000e+00 0.000000000000000000e+00 0.000000000000000000e+00
3.854101955626525022e+00 3.686242526985043511e-01 0.000000000000000000e+00 0.000000000000000000e+00 0.000000000000000000e+00
3.854101955626525022e+00 3.885661136331525767e-01 0.000000000000000000e+00 0.000000000000000000e+00 0.000000000000000000e+00
3.854101955626525022e+00 3.768699061502369108e-01 0.000000000000000000e+00 0.000000000000000000e+00 0.000000000000000000e+00
3.854101955626525022e+00 3.819660000000000277e-01 0.000000000000000000e+00 0.000000000000000000e+00 0.000000000000000000e+00
3.854101955626525022e+00 3.819660000000000277e-01 1.000000000000000000e+00 0.000000000000000000e+00 0.000000000000000000e+00
3.854101955626525022e+00 3.819660000000000277e-01 2.618033999999999750e+00 0.000000000000000000e+00 0.000000000000000000e+00
3.854101955626525022e+00 3.819660000000000277e-01 1.000000000000000000e+00 0.000000000000000000e+00 0.000000000000000000e+00
3.854101955626525022e+00 3.819660000000000277e-01 1.618033974843999800e+00 0.000000000000000000e+00 0.000000000000000000e+00
3.854101955626525022e+00 3.819660000000000277e-01 6.180339999999999723e-01 0.000000000000000000e+00 0.000000000000000000e+00
3.854101955626525022e+00 3.819660000000000277e-01 1.118286249759561812e+00 0.000000000000000000e+00 0.000000000000000000e+00
3.854101955626525022e+00 3.819660000000000277e-01 1.280575946256305775e+00 0.000000000000000000e+00 0.000000000000000000e+00
3.854101955626525022e+00 3.819660000000000277e-01 1.293381705728868791e+00 0.000000000000000000e+00 0.000000000000000000e+00
3.854101955626525022e+00 3.819660000000000277e-01 1.202406973234301679e+00 0.000000000000000000e+00 0.000000000000000000e+00
3.854101955626525022e+00 3.819660000000000277e-01 1.250718056306982851e+00 0.000000000000000000e+00 0.000000000000000000e+00
3.854101955626525022e+00 3.819660000000000277e-01 1.267770186783742759e+00 0.000000000000000000e+00 0.000000000000000000e+00
3.854101955626525022e+00 3.819660000000000277e-01 1.267770186783742759e+00 0.000000000000000000e+00 0.000000000000000000e+00
3.854101955626525022e+00 3.819660000000000277e-01 1.267770186783742759e+00 1.000000000000000000e+00 0.000000000000000000e+00
3.854101955626525022e+00 3.819660000000000277e-01 1.267770186783742759e+00 2.618033999999999750e+00 0.000000000000000000e+00
3.854101955626525022e+00 3.819660000000000277e-01 1.267770186783742759e+00 1.901258516353369732e+00 0.000000000000000000e+00
3.854101955626525022e+00 3.819660000000000277e-01 1.267770186783742759e+00 1.000000000000000000e+00 0.000000000000000000e+00
3.854101955626525022e+00 3.819660000000000277e-01 1.267770186783742759e+00 6.180339999999999723e-01 0.000000000000000000e+00
3.854101955626525022e+00 3.819660000000000277e-01 1.267770186783742759e+00 3.819660251559999775e-01 0.000000000000000000e+00
3.854101955626525022e+00 3.819660000000000277e-01 1.267770186783742759e+00 7.138052483194312625e-01 0.000000000000000000e+00
3.854101955626525022e+00 3.819660000000000277e-01 1.267770186783742759e+00 5.278640599207367057e-01 0.000000000000000000e+00
3.854101955626525022e+00 3.819660000000000277e-01 1.267770186783742759e+00 4.721359711737892484e-01 0.000000000000000000e+00
3.854101955626525022e+00 3.819660000000000277e-01 1.267770186783742759e+00 5.623059112530526260e-01 0.000000000000000000e+00
3.854101955626525022e+00 3.819660000000000277e-01 1.267770186783742759e+00 5.065778247744201490e-01 0.000000000000000000e+00
3.854101955626525022e+00 3.819660000000000277e-01 1.267770186783742759e+00 5.410196761067360693e-01 0.000000000000000000e+00
3.854101955626525022e+00 3.819660000000000277e-01 1.267770186783742759e+00 5.197334418268387823e-01 0.000000000000000000e+00
3.854101955626525022e+00 3.819660000000000277e-01 1.267770186783742759e+00 5.331427005299440580e-01 0.000000000000000000e+00
3.854101955626525022e+00 3.819660000000000277e-01 1.267770186783742759e+00 5.278640599207367057e-01 0.000000000000000000e+00
3.854101955626525022e+00 3.819660000000000277e-01 1.267770186783742759e+00 5.278640599207367057e-01 1.000000000000000000e+00
3.854101955626525022e+00 3.819660000000000277e-01 1.267770186783742759e+00 5.278640599207367057e-01 -1.618033999999999972e+00
3.854101955626525022e+00 3.819660000000000277e-01 1.267770186783742759e+00 5.278640599207367057e-01 0.000000000000000000e+00
3.854101955626525022e+00 3.819660000000000277e-01 1.267770186783742759e+00 5.278640599207367057e-01 -6.180339748440000225e-01
3.854101955626525022e+00 3.819660000000000277e-01 1.267770186783742759e+00 5.278640599207367057e-01 3.819660000000000277e-01
3.854101955626525022e+00 3.819660000000000277e-01 1.267770186783742759e+00 5.278640599207367057e-01 -1.277964846461431270e-01
3.854101955626525022e+00 3.819660000000000277e-01 1.267770186783742759e+00 5.278640599207367057e-01 1.458980251560000330e-01
3.854101955626525022e+00 3.819660000000000277e-01 1.267770186783742759e+00 5.278640599207367057e-01 2.360679652352633551e-01
3.854101955626525022e+00 3.819660000000000277e-01 1.267770186783742759e+00 5.278640599207367057e-01 9.016994007926332211e-02
3.854101955626525022e+00 3.819660000000000277e-01 1.267770186783742759e+00 5.278640599207367057e-01 8.184731047633307666e-02
3.854101955626525022e+00 3.819660000000000277e-01 1.267770186783742759e+00 5.278640599207367057e-01 9.107163949005595005e-02
3.854101955626525022e+00 3.819660000000000277e-01 1.267770186783742759e+00 5.278640599207367057e-01 8.699097854035046928e-02
3.854101955626525022e+00 3.819660000000000277e-01 1.267770186783742759e+00 5.278640599207367057e-01 8.895568485609094134e-02
7.708203911253050045e+00 7.639320000000000555e-01 2.535540373567485517e+00 1.055728119841473411e+00 1.803398801585266442e-01
3.854101955626525022e+00 3.819660000000000277e-01 1.267770186783742759e+00 5.278640599207367057e-01 9.016994007926332211e-02
7.708203911253050045e+00 7.639320000000000555e-01 2.535540373567485517e+00 1.055728119841473411e+00 1.803398801585266442e-01
-2.381966048043683504e+00 -2.360679748439999948e-01 -7.835250796187036570e-01 -3.262379364090525202e-01 -5.572808874694742953e-02
3.854101955626525022e+00 3.819660000000000277e-01 1.267770186783742759e+00 5.278640599207367057e-01 9.016994007926332211e-02
1.472136004536630072e+00 1.458980347647367004e-01 4.842451390570658987e-01 2.016261367906324042e-01 3.444185360063090756e-02
5.326237863209366097e+00 5.278640251560000607e-01 1.752015293948781860e+00 7.294901834324207801e-01 1.246117914115792147e-01
4.359982905809565601e+00 4.321020174801613045e-01 1.434174914548562274e+00 5.971503360168681773e-01 1.020054481925483786e-01
2.944271949152521994e+00 2.917960635909474520e-01 9.684902584037748952e-01 4.032522653744232688e-01 6.888370579936600735e-02
3.506577827373675849e+00 3.475241500695798180e-01 1.153455429660160014e+00 4.802665912050595454e-01 8.203932231630806093e-02
3.291796100293054916e+00 3.262379157896825310e-01 1.082805023056043536e+00 4.508497372248347346e-01 7.701432409779777888e-02
3.561816911249847450e+00 3.529986943745230810e-01 1.171625800991727973e+00 4.878322257982518062e-01 8.333168690356976271e-02
3.444751220671507408e+00 3.413967403830964753e-01 1.133118155340629984e+00 4.717987187925810622e-01 8.059283712058042115e-02
3.503102586052606604e+00 3.471797315664559846e-01 1.152312282076246364e+00 4.797906165126241129e-01 8.195801613777681238e-02
3.510053068694745537e+00 3.478685685727037069e-01 1.154598577244073443e+00 4.807425658974949778e-01 8.212062849483930949e-02
3.506577827373675849e+00 3.475241500695798180e-01 1.153455429660160014e+00 4.802665912050595454e-01 8.203932231630806093e-02
3.506577827373675849e+00 3.475241500695798180e-01 1.153455429660160014e+00 4.802665912050595454e-01 1.082039322316308061e+00
3.506577827373675849e+00 3.475241500695798180e-01 1.153455429660160014e+00 4.802665912050595454e-01 2.700073322316307589e+00
3.506577827373675849e+00 3.475241500695798180e-01 1.153455429660160014e+00 4.802665912050595454e-01 1.082039322316308061e+00
3.506577827373675849e+00 3.475241500695798180e-01 1.153455429660160014e+00 4.802665912050595454e-01 1.700073297160307861e+00
3.506577827373675849e+00 3.475241500695798180e-01 1.153455429660160014e+00 4.802665912050595454e-01 2.082039306769044806e+00
3.506577827373675849e+00 3.475241500695798180e-01 1.153455429660160014e+00 4.802665912050595454e-01 1.589296970450107649e+00
3.506577827373675849e+00 3.475241500695798180e-01 1.153455429660160014e+00 4.802665912050595454e-01 1.845971325986518696e+00
3.506577827373675849e+00 3.475241500695798180e-01 1.153455429660160014e+00 4.802665912050595454e-01 1.863610646033220908e+00
3.506577827373675849e+00 3.475241500695798180e-01 1.153455429660160014e+00 4.802665912050595454e-01 1.828332005939816485e+00
3.506577827373675849e+00 3.475241500695798180e-01 1.153455429660160014e+00 4.802665912050595454e-01 1.845971325986518696e+00
3.506577827373675849e+00 1.347524150069579818e+00 1.153455429660160014e+00 4.802665912050595454e-01 1.845971325986518696e+00
3.506577827373675849e+00 -1.270509849930420154e+00 1.153455429660160014e+00 4.802665912050595454e-01 1.845971325986518696e+00
3.506577827373675849e+00 3.475241500695798180e-01 1.153455429660160014e+00 4.802665912050595454e-01 1.845971325986518696e+00
3.506577827373675849e+00 -2.705098247744202045e-01 1.153455429660160014e+00 4.802665912050595454e-01 1.845971325986518696e+00
3.506577827373675849e+00 -6.524758343831569274e-01 1.153455429660160014e+00 4.802665912050595454e-01 1.845971325986518696e+00
3.506577827373675849e+00 -4.040451557600582833e-02 1.153455429660160014e+00 4.802665912050595454e-01 1.845971325986518696e+00
3.506577827373675849e+00 1.742020984536196693e-02 1.153455429660160014e+00 4.802665912050595454e-01 1.845971325986518696e+00
3.506577827373675849e+00 1.435086914770455635e-01 1.153455429660160014e+00 4.802665912050595454e-01 1.845971325986518696e+00
3.506577827373675849e+00 6.558172282028962297e-02 1.153455429660160014e+00 4.802665912050595454e-01 1.845971325986518696e+00
3.506577827373675849e+00 -4.666869224936198712e-03 1.153455429660160014e+00 4.802665912050595454e-01 1.845971325986518696e+00
3.506577827373675849e+00 3.581627031034317898e-02 1.153455429660160014e+00 4.802665912050595454e-01 1.845971325986518696e+00
3.506577827373675849e+00 8.983696601196466958e-03 1.153455429660160014e+00 4.802665912050595454e-01 1.845971325986518696e+00
3.506577827373675849e+00 3.769644574851849228e-03 1.153455429660160014e+00 4.802665912050595454e-01 1.845971325986518696e+00
3.506577827373675849e+00 1.236910114588030130e-02 1.153455429660160014e+00 4.802665912050595454e-01 1.845971325986518696e+00
3.506577827373675849e+00 8.983696601196466958e-03 1.153455429660160014e+00 4.802665912050595454e-01 1.845971325986518696e+00
3.506577827373675849e+00 8.983696601196466958e-03 2.153455429660160014e+00 4.802665912050595454e-01 1.845971325986518696e+00
3.506577827373675849e+00 8.983696601196466958e-03 -4.645785703398399580e-01 4.802665912050595454e-01 1.845971325986518696e+00
3.506577827373675849e+00 8.983696601196466958e-03 1.153455429660160014e+00 4.802665912050595454e-01 1.845971325986518696e+00
3.506577827373675849e+00 8.983696601196466958e-03 5.354214548161599918e-01 4.802665912050595454e-01 1.845971325986518696e+00
3.506577827373675849e+00 8.983696601196466958e-03 1.535421429660160042e+00 4.802665912050595454e-01 1.845971325986518696e+00
3.506577827373675849e+00 8.983696601196466958e-03 1.310762178929374633e+00 4.802665912050595454e-01 1.845971325986518696e+00
3.506577827373675849e+00 8.983696601196466958e-03 9.173874644248967147e-01 4.802665912050595454e-01 1.845971325986518696e+00
3.506577827373675849e+00 8.983696601196466958e-03 1.063285493251107328e+00 4.802665912050595454e-01 1.845971325986518696e+00
3.506577827373675849e+00 8.983696601196466958e-03 1.213541259451524912e+00 4.802665912050595454e-01 1.845971325986518696e+00
3.506577827373675849e+00 8.983696601196466958e-03 1.108912507984212370e+00 4.802665912050595454e-01 1.845971325986518696e+00
3.506577827373675849e+00 8.983696601196466958e-03 1.176406173722248427e+00 4.802665912050595454e-01 1.845971325986518696e+00
3.506577827373675849e+00 8.983696601196466958e-03 1.183367443878846403e+00 4.802665912050595454e-01 1.845971325986518696e+00
3.506577827373675849e+00 8.983696601196466958e-03 1.167639769815828732e+00 4.802665912050595454e-01 1.845971325986518696e+00
3.506577827373675849e+00 8.983696601196466958e-03 1.173057705487728919e+00 4.802665912050595454e-01 1.845971325986518696e+00
3.506577827373675849e+00 8.983696601196466958e-03 1.172342620011003200e+00 4.802665912050595454e-01 1.845971325986518696e+00
3.506577827373675849e+00 8.983696601196466958e-03 1.174336706505395345e+00 4.802665912050595454e-01 1.845971325986518696e+00
3.506577827373675849e+00 8.983696601196466958e-03 1.173546240390442863e+00 4.802665912050595454e-01 1.845971325986518696e+00
3.506577827373675849e+00 8.983696601196466958e-03 1.172784567148525969e+00 4.802665912050595454e-01 1.845971325986518696e+00
3.506577827373675849e+00 8.983696601196466958e-03 1.173253728256004713e+00 4.802665912050595454e-01 1.845971325986518696e+00
3.506577827373675849e+00 8.983696601196466958e-03 1.173057705487728919e+00 4.802665912050595454e-01 1.845971325986518696e+00
3.506577827373675849e+00 8.983696601196466958e-03 1.173057705487728919e+00 1.480266591205059434e+00 1.845971325986518696e+00
3.506577827373675849e+00 8.983696601196466958e-03 1.173057705487728919e+00 -1.137767408794940316e+00 1.845971325986518696e+00
3.506577827373675849e+00 8.983696601196466958e-03 1.173057705487728919e+00 4.802665912050595454e-01 1.845971325986518696e+00
3.506577827373675849e+00 8.983696601196466958e-03 1.173057705487728919e+00 -1.377673836389404771e-01 1.845971325986518696e+00
3.506577827373675849e+00 8.983696601196466958e-03 1.173057705487728919e+00 -5.197333932476772000e-01 1.845971325986518696e+00
3.506577827373675849e+00 8.983696601196466958e-03 1.173057705487728919e+00 7.958880215527769364e-02 1.845971325986518696e+00
3.506577827373675849e+00 8.983696601196466958e-03 1.173057705487728919e+00 -2.836654124651512010e-01 1.845971325986518696e+00
3.506577827373675849e+00 8.983696601196466958e-03 1.173057705487728919e+00 -5.474471077586617884e-02 1.845971325986518696e+00
3.506577827373675849e+00 8.983696601196466958e-03 1.173057705487728919e+00 -3.528454699762417768e-02 1.845971325986518696e+00
3.506577827373675849e+00 8.983696601196466958e-03 1.173057705487728919e+00 8.593166684913167153e-03 1.845971325986518696e+00
3.506577827373675849e+00 8.983696601196466958e-03 1.173057705487728919e+00 -3.012903560559732075e-02 1.845971325986518696e+00
3.506577827373675849e+00 8.983696601196466958e-03 1.173057705487728919e+00 -4.351222687950084822e-02 1.845971325986518696e+00
3.506577827373675849e+00 8.983696601196466958e-03 1.173057705487728919e+00 -3.528454699762417768e-02 1.845971325986518696e+00
3.159053699120826675e+00 -2.545815332922372193e-02 1.058742948364146175e+00 -8.288201571330133799e-02 1.837840708223563491e+00
4.068883682707146399e+00 6.471178081151396366e-02 1.358022869215428141e+00 4.172977569827779343e-02 1.859126941967984337e+00
3.506577827373675849e+00 8.983696601196466958e-03 1.173057705487728919e+00 -3.528454699762417768e-02 1.845971325986518696e+00
3.721359545711980132e+00 3.026993001467460226e-02 1.243708109216143276e+00 -5.867694214761281363e-03 1.850996324000495186e+00
3.854101950223475903e+00 4.342554599614014549e-02 1.287372460834030008e+00 1.231292097804260327e-02 1.854101943623065019e+00
3.936141269453333535e+00 5.155616396362922016e-02 1.314358514721839288e+00 2.354915930811195962e-02 1.856021322140880558e+00
3.848704868288730818e+00 4.289066087321877219e-02 1.285597142056458697e+00 1.157372787557673505e-02 1.853975674375322846e+00
3.892320156016871202e+00 4.721321310047520842e-02 1.299943976184447347e+00 1.754734848028763339e-02 1.854996090525768748e+00
3.868700005417555765e+00 4.487230604931459477e-02 1.292174352266367565e+00 1.431229431336513563e-02 1.854443477338903135e+00
3.859677910973737802e+00 4.397815914661097614e-02 1.289206620096874367e+00 1.307661361344240880e-02 1.854232397890368977e+00
3.854101944820426784e+00 -2.951149080077197229e-01 1.306974734884317257e+00 -5.032382179646515130e-01 3.618033947166866771e+00
3.854101950223475903e+00 4.342554599614014549e-02 1.287372460834030008e+00 1.231292097804260327e-02 1.854101943623065019e+00
3.854101950223475903e+00 4.342554599614014549e-02 1.287372460834030008e+00 1.231292097804260327e-02 2.854101943623065019e+00
3.854101950223475903e+00 4.342554599614014549e-02 1.287372460834030008e+00 1.231292097804260327e-02 2.360679436230650463e-01
3.854101950223475903e+00 4.342554599614014549e-02 1.287372460834030008e+00 1.231292097804260327e-02 1.854101943623065019e+00
3.854101950223475903e+00 4.342554599614014549e-02 1.287372460834030008e+00 1.231292097804260327e-02 1.236067968779064996e+00
3.854101950223475903e+00 4.342554599614014549e-02 1.287372460834030008e+00 1.231292097804260327e-02 2.236067943623065268e+00
3.854101950223475903e+00 4.342554599614014549e-02 1.287372460834030008e+00 1.231292097804260327e-02 1.596474917059585552e+00
3.854101950223475903e+00 4.342554599614014549e-02 1.287372460834030008e+00 1.231292097804260327e-02 1.627203263366680419e+00
3.854101950223475903e+00 4.342554599614014549e-02 1.287372460834030008e+00 1.231292097804260327e-02 1.714405771931672540e+00
3.854101950223475903e+00 4.342554599614014549e-02 1.287372460834030008e+00 1.231292097804260327e-02 1.660511656753216103e+00
3.854101950223475903e+00 4.342554599614014549e-02 1.287372460834030008e+00 1.231292097804260327e-02 1.629472250179244242e+00
3.854101950223475903e+00 4.342554599614014549e-02 1.287372460834030008e+00 1.231292097804260327e-02 1.624934276554116597e+00
3.854101950223475903e+00 4.342554599614014549e-02 1.287372460834030008e+00 1.231292097804260327e-02 1.627203263366680419e+00
3.854101950223475903e+00 1.043425545996140125e+00 1.287372460834030008e+00 1.231292097804260327e-02 1.627203263366680419e+00
3.854101950223475903e+00 2.661459545996140097e+00 1.287372460834030008e+00 1.231292097804260327e-02 1.627203263366680419e+00
3.854101950223475903e+00 1.043425545996140125e+00 1.287372460834030008e+00 1.231292097804260327e-02 1.627203263366680419e+00
3.854101950223475903e+00 1.661459520840139925e+00 1.287372460834030008e+00 1.231292097804260327e-02 1.627203263366680419e+00
3.854101950223475903e+00 2.043425530448876870e+00 1.287372460834030008e+00 1.231292097804260327e-02 1.627203263366680419e+00
3.854101950223475903e+00 2.279493511231402980e+00 1.287372460834030008e+00 1.231292097804260327e-02 1.627203263366680419e+00
3.854101950223475903e+00 1.945066434972672065e+00 1.287372460834030008e+00 1.231292097804260327e-02 1.627203263366680419e+00
3.854101950223475903e+00 2.133595472796455450e+00 1.287372460834030008e+00 1.231292097804260327e-02 1.627203263366680419e+00
3.854101950223475903e+00 2.063425530303404365e+00 1.287372460834030008e+00 1.231292097804260327e-02 1.627203263366680419e+00
3.854101950223475903e+00 2.023425530594349375e+00 1.287372460834030008e+00 1.231292097804260327e-02 1.627203263366680419e+00
3.854101950223475903e+00 1.993495020276119689e+00 1.287372460834030008e+00 1.231292097804260327e-02 1.627203263366680419e+00
3.854101950223475903e+00 2.023425530594349375e+00 1.287372460834030008e+00 1.231292097804260327e-02 1.627203263366680419e+00
3.854101950223475903e+00 2.023425530594349375e+00 2.287372460834030008e+00 1.231292097804260327e-02 1.627203263366680419e+00
3.854101950223475903e+00 2.023425530594349375e+00 -3.306615391659699643e-01 1.231292097804260327e-02 1.627203263366680419e+00
3.854101950223475903e+00 2.023425530594349375e+00 1.287372460834030008e+00 1.231292097804260327e-02 1.627203263366680419e+00
3.854101950223475903e+00 2.023425530594349375e+00 6.693384859900299855e-01 1.231292097804260327e-02 1.627203263366680419e+00
3.854101950223475903e+00 2.023425530594349375e+00 1.669338460834030036e+00 1.231292097804260327e-02 1.627203263366680419e+00
3.854101950223475903e+00 2.023425530594349375e+00 1.433484622960972343e+00 1.231292097804260327e-02 1.627203263366680419e+00
3.854101950223475903e+00 2.023425530594349375e+00 1.460782938903031347e+00 1.231292097804260327e-02 1.627203263366680419e+00
3.854101950223475903e+00 2.023425530594349375e+00 1.380485484604158763e+00 1.231292097804260327e-02 1.627203263366680419e+00
3.854101950223475903e+00 2.023425530594349375e+00 1.393598119017311676e+00 1.231292097804260327e-02 1.627203263366680419e+00
3.854101950223475903e+00 2.023425530594349375e+00 1.344919475366777917e+00 1.231292097804260327e-02 1.627203263366680419e+00
3.854101950223475903e+00 2.023425530594349375e+00 1.366900478319793333e+00 1.231292097804260327e-02 1.627203263366680419e+00
3.854101950223475903e+00 2.023425530594349375e+00 1.375296474093745003e+00 1.231292097804260327e-02 1.627203263366680419e+00
3.854101950223475903e+00 2.023425530594349375e+00 1.385494065120413287e+00 1.231292097804260327e-02 1.627203263366680419e+00
3.854101950223475903e+00 2.023425530594349375e+00 1.378503459015538057e+00 1.231292097804260327e-02 1.627203263366680419e+00
3.854101950223475903e+00 2.023425530594349375e+00 1.377278499812900403e+00 1.231292097804260327e-02 1.627203263366680419e+00
3.854101950223475903e+00 2.023425530594349375e+00 1.379414769007353270e+00 1.231292097804260327e-02 1.627203263366680419e+00
3.854101950223475903e+00 2.023425530594349375e+00 1.378503459015538057e+00 1.231292097804260327e-02 1.627203263366680419e+00
3.854101950223475903e+00 2.023425530594349375e+00 1.378503459015538057e+00 1.012312920978042596e+00 1.627203263366680419e+00
3.854101950223475903e+00 2.023425530594349375e+00 1.378503459015538057e+00 -1.605721079021957376e+00 1.627203263366680419e+00
3.854101950223475903e+00 2.023425530594349375e+00 1.378503459015538057e+00 1.231292097804260327e-02 1.627203263366680419e+00
3.854101950223475903e+00 2.023425530594349375e+00 1.378503459015538057e+00 -6.057210538659574262e-01 1.627203263366680419e+00
3.854101950223475903e+00 2.023425530594349375e+00 1.378503459015538057e+00 3.942789209780426241e-01 1.627203263366680419e+00
3.854101950223475903e+00 2.023425530594349375e+00 1.378503459015538057e+00 -8.612787014694445187e-02 1.627203263366680419e+00
3.854101950223475903e+00 2.023425530594349375e+00 1.378503459015538057e+00 1.300394451528989193e-01 1.627203263366680419e+00
3.854101950223475903e+00 2.023425530594349375e+00 1.378503459015538057e+00 5.728045051101576801e-02 1.627203263366680419e+00
3.854101950223475903e+00 2.023425530594349375e+00 1.378503459015538057e+00 -7.196736230376664378e-03 1.627203263366680419e+00
3.854101950223475903e+00 2.023425530594349375e+00 1.378503459015538057e+00 5.217720994277346563e-03 1.627203263366680419e+00
3.854101950223475903e+00 2.023425530594349375e+00 1.378503459015538057e+00 2.948898836363423107e-02 1.627203263366680419e+00
3.854101950223475903e+00 2.023425530594349375e+00 1.378503459015538057e+00 6.669019044669462562e-03 1.627203263366680419e+00
3.854101950223475903e+00 2.023425530594349375e+00 1.378503459015538057e+00 1.887359473304749471e-02 1.627203263366680419e+00
3.854101950223475903e+00 2.023425530594349375e+00 1.378503459015538057e+00 1.481887528954680192e-02 1.627203263366680419e+00
3.854101950223475903e+00 2.023425530594349375e+00 1.378503459015538057e+00 1.015714233215979714e-02 1.627203263366680419e+00
3.854101950223475903e+00 2.023425530594349375e+00 1.378503459015538057e+00 8.824797832530264022e-03 1.627203263366680419e+00
3.854101950223475903e+00 2.023425530594349375e+00 1.378503459015538057e+00 8.001363632046225305e-03 1.627203263366680419e+00
3.854101950223475903e+00 2.023425530594349375e+00 1.378503459015538057e+00 9.333708131675758427e-03 1.627203263366680419e+00
3.854101950223475903e+00 2.023425530594349375e+00 1.378503459015538057e+00 8.510273964708178415e-03 1.627203263366680419e+00
3.854101950223475903e+00 2.023425530594349375e+00 1.378503459015538057e+00 9.019184263853672820e-03 1.627203263366680419e+00
3.854101950223475903e+00 2.023425530594349375e+00 1.378503459015538057e+00 8.704660408833733709e-03 1.627203263366680419e+00
3.854101950223475903e+00 2.023425530594349375e+00 1.378503459015538057e+00 8.630411396316870973e-03 1.627203263366680419e+00
3.854101950223475903e+00 2.023425530594349375e+00 1.378503459015538057e+00 8.750548820013403020e-03 1.627203263366680419e+00
3.854101950223475903e+00 2.023425530594349375e+00 1.378503459015538057e+00 8.668577793141644602e-03 1.627203263366680419e+00
3.854101950223475903e+00 2.023425530594349375e+00 1.378503459015538057e+00 8.704660408833733709e-03 1.627203263366680419e+00
3.506577821970626729e+00 1.988983680663929166e+00 1.264188701891955313e+00 -3.889280830684342660e-02 1.619072645603725213e+00
4.416407805556946009e+00 2.079153614804666983e+00 1.563468622743237280e+00 8.571898310473570481e-02 1.640358879348146059e+00
3.854101950223475903e+00 2.023425530594349375e+00 1.378503459015538057e+00 8.704660408833733709e-03 1.627203263366680419e+00
4.068883668561780631e+00 2.044711764007827615e+00 1.449153862743952415e+00 3.812151319169662655e-02 1.632228261380656908e+00
4.201626073073275514e+00 2.057867379989293255e+00 1.492818214361839146e+00 5.630212838450051466e-02 1.635333881003226741e+00
3.992453335139959592e+00 2.037137032183938157e+00 1.424012831397682755e+00 2.765349066254706167e-02 1.630440109779004887e+00
4.119586753843417881e+00 2.049736762021804104e+00 1.465832160474030088e+00 4.506589005443115831e-02 1.633414502485411424e+00
4.039689879825981045e+00 2.041818473991983574e+00 1.439550843564743277e+00 3.412308449832748836e-02 1.631545248265980241e+00
4.088250523234465916e+00 2.046631142399233827e+00 1.455524405414719391e+00 4.077402904444788617e-02 1.632681365150475461e+00
4.057732633853522231e+00 2.043606625593635595e+00 1.445485835920146567e+00 3.659424937740519274e-02 1.631967373593296244e+00
4.076281148573687396e+00 2.045444901294479312e+00 1.451587193445734503e+00 3.913468406190862003e-02 1.632401331615199513e+00
4.064624352438405808e+00 2.044289638708312484e+00 1.447752801210170581e+00 3.753815034160698505e-02 1.632128611116069994e+00
4.071709254412008150e+00 2.044991797524660981e+00 1.450083312338789288e+00 3.850851001630802017e-02 1.632294368325864165e+00
4.283665386900085359e+00 4.045997982019515327e+00 1.610935264653874821e+00 6.393010540535065678e-02 1.410354579138248798e+00
4.068883668561780631e+00 2.044711764007827615e+00 1.449153862743952415e+00 3.812151319169662655e-02 1.632228261380656908e+00
4.068883668561780631e+00 2.044711764007827615e+00 1.449153862743952415e+00 3.812151319169662655e-02 2.632228261380657131e+00
4.068883668561780631e+00 2.044711764007827615e+00 1.449153862743952415e+00 3.812151319169662655e-02 1.419426138065693621e-02
4.068883668561780631e+00 2.044711764007827615e+00 1.449153862743952415e+00 3.812151319169662655e-02 1.632228261380656908e+00
4.068883668561780631e+00 2.044711764007827615e+00 1.449153862743952415e+00 3.812151319169662655e-02 1.014194286536656886e+00
4.068883668561780631e+00 2.044711764007827615e+00 1.449153862743952415e+00 3.812151319169662655e-02 2.014194261380656936e+00
4.068883668561780631e+00 2.044711764007827615e+00 1.449153862743952415e+00 3.812151319169662655e-02 1.428783868158493453e+00
4.068883668561780631e+00 2.044711764007827615e+00 1.449153862743952415e+00 3.812151319169662655e-02 1.778126286536656941e+00
4.068883668561780631e+00 2.044711764007827615e+00 1.449153862743952415e+00 3.812151319169662655e-02 1.868296226615920208e+00
4.068883668561780631e+00 2.044711764007827615e+00 1.449153862743952415e+00 3.812151319169662655e-02 1.743443318897323957e+00
4.068883668561780631e+00 2.044711764007827615e+00 1.449153862743952415e+00 3.812151319169662655e-02 1.812568137868972862e+00
4.068883668561780631e+00 2.044711764007827615e+00 1.449153862743952415e+00 3.812151319169662655e-02 1.764878572119331412e+00
4.068883668561780631e+00 2.044711764007827615e+00 1.449153862743952415e+00 3.812151319169662655e-02 1.791281902722656305e+00
4.068883668561780631e+00 2.044711764007827615e+00 1.449153862743952415e+00 3.812151319169662655e-02 1.773066110051528810e+00
4.068883668561780631e+00 2.044711764007827615e+00 1.449153862743952415e+00 3.812151319169662655e-02 1.783151284628758493e+00
4.068883668561780631e+00 2.044711764007827615e+00 1.449153862743952415e+00 3.812151319169662655e-02 1.776193471165338433e+00
4.068883668561780631e+00 2.044711764007827615e+00 1.449153862743952415e+00 3.812151319169662655e-02 1.780045664957904616e+00
4.068883668561780631e+00 2.044711764007827615e+00 1.449153862743952415e+00 3.812151319169662655e-02 1.778126286536656941e+00
4.068883668561780631e+00 3.044711764007827615e+00 1.449153862743952415e+00 3.812151319169662655e-02 1.778126286536656941e+00
4.068883668561780631e+00 4.266777640078276423e-01 1.449153862743952415e+00 3.812151319169662655e-02 1.778126286536656941e+00
4.068883668561780631e+00 2.044711764007827615e+00 1.449153862743952415e+00 3.812151319169662655e-02 1.778126286536656941e+00
4.068883668561780631e+00 1.426677789163827592e+00 1.449153862743952415e+00 3.812151319169662655e-02 1.778126286536656941e+00
4.068883668561780631e+00 1.044711779555090869e+00 1.449153862743952415e+00 3.812151319169662655e-02 1.778126286536656941e+00
4.068883668561780631e+00 1.587386880107011455e+00 1.449153862743952415e+00 3.812151319169662655e-02 1.778126286536656941e+00
4.068883668561780631e+00 1.280779760337616757e+00 1.449153862743952415e+00 3.812151319169662655e-02 1.778126286536656941e+00
4.068883668561780631e+00 1.488063197795031822e+00 1.449153862743952415e+00 3.812151319169662655e-02 1.778126286536656941e+00
4.068883668561780631e+00 1.370949702685195337e+00 1.449153862743952415e+00 3.812151319169662655e-02 1.778126286536656941e+00
4.068883668561780631e+00 1.450124928157054072e+00 1.449153862743952415e+00 3.812151319169662655e-02 1.778126286536656941e+00
4.068883668561780631e+00 1.405391554883930194e+00 1.449153862743952415e+00 3.812151319169662655e-02 1.778126286536656941e+00
4.068883668561780631e+00 1.435633799056514448e+00 1.449153862743952415e+00 3.812151319169662655e-02 1.778126286536656941e+00
4.068883668561780631e+00 1.418547171400872386e+00 1.449153862743952415e+00 3.812151319169662655e-02 1.778126286536656941e+00
4.068883668561780631e+00 1.426677789163827592e+00 1.449153862743952415e+00 3.812151319169662655e-02 1.778126286536656941e+00
4.068883668561780631e+00 1.426677789163827592e+00 2.449153862743952637e+00 3.812151319169662655e-02 1.778126286536656941e+00
4.068883668561780631e+00 1.426677789163827592e+00 -1.688801372560475578e-01 3.812151319169662655e-02 1.778126286536656941e+00
4.068883668561780631e+00 1.426677789163827592e+00 1.449153862743952415e+00 3.812151319169662655e-02 1.778126286536656941e+00
4.068883668561780631e+00 1.426677789163827592e+00 8.311198878999523920e-01 3.812151319169662655e-02 1.778126286536656941e+00
4.068883668561780631e+00 1.426677789163827592e+00 1.831119862743952442e+00 3.812151319169662655e-02 1.778126286536656941e+00
4.068883668561780631e+00 1.426677789163827592e+00 1.450749863883909585e+00 3.812151319169662655e-02 1.778126286536656941e+00
4.068883668561780631e+00 1.426677789163827592e+00 1.639655756193849179e+00 3.812151319169662655e-02 1.778126286536656941e+00
4.068883668561780631e+00 1.426677789163827592e+00 1.522905491945968137e+00 3.812151319169662655e-02 1.778126286536656941e+00
4.068883668561780631e+00 1.426677789163827592e+00 1.489671465312521592e+00 3.812151319169662655e-02 1.778126286536656941e+00
4.068883668561780631e+00 1.426677789163827592e+00 1.567500123379674148e+00 3.812151319169662655e-02 1.778126286536656941e+00
4.068883668561780631e+00 1.426677789163827592e+00 1.539939124936175130e+00 3.812151319169662655e-02 1.778126286536656941e+00
4.068883668561780631e+00 1.426677789163827592e+00 1.510211223728896934e+00 3.812151319169662655e-02 1.778126286536656941e+00
4.068883668561780631e+00 1.426677789163827592e+00 1.529411760604705517e+00 3.812151319169662655e-02 1.778126286536656941e+00
4.068883668561780631e+00 1.426677789163827592e+00 1.518056713092166277e+00 3.812151319169662655e-02 1.778126286536656941e+00
4.068883668561780631e+00 1.426677789163827592e+00 1.525390665360471409e+00 3.812151319169662655e-02 1.778126286536656941e+00
4.068883668561780631e+00 1.426677789163827592e+00 1.521053423282296757e+00 3.812151319169662655e-02 1.778126286536656941e+00
4.068883668561780631e+00 1.426677789163827592e+00 1.523854743694412095e+00 3.812151319169662655e-02 1.778126286536656941e+00
4.068883668561780631e+00 1.426677789163827592e+00 1.522167975643947901e+00 3.812151319169662655e-02 1.778126286536656941e+00
4.068883668561780631e+00 1.426677789163827592e+00 1.522905491945968137e+00 3.812151319169662655e-02 1.778126286536656941e+00
4.068883668561780631e+00 1.426677789163827592e+00 1.522905491945968137e+00 1.038121513191696543e+00 1.778126286536656941e+00
4.068883668561780631e+00 1.426677789163827592e+00 1.522905491945968137e+00 -1.579912486808303429e+00 1.778126286536656941e+00
4.068883668561780631e+00 1.426677789163827592e+00 1.522905491945968137e+00 3.812151319169662655e-02 1.778126286536656941e+00
4.068883668561780631e+00 1.426677789163827592e+00 1.522905491945968137e+00 -5.799124616523033682e-01 1.778126286536656941e+00
4.068883668561780631e+00 1.426677789163827592e+00 1.522905491945968137e+00 4.200875131916966820e-01 1.778126286536656941e+00
4.068883668561780631e+00 1.426677789163827592e+00 1.522905491945968137e+00 -6.331848269962395137e-02 1.778126286536656941e+00
4.068883668561780631e+00 1.426677789163827592e+00 1.522905491945968137e+00 8.031341102123254472e-02 1.778126286536656941e+00
4.068883668561780631e+00 1.426677789163827592e+00 1.522905491945968137e+00 -3.630162210375799392e-03 1.778126286536656941e+00
4.068883668561780631e+00 1.426677789163827592e+00 1.522905491945968137e+00 5.423738363805313822e-02 1.778126286536656941e+00
4.068883668561780631e+00 1.426677789163827592e+00 1.522905491945968137e+00 2.217379274506862952e-02 1.778126286536656941e+00
4.068883668561780631e+00 1.426677789163827592e+00 1.522905491945968137e+00 2.334948556503159411e-02 1.778126286536656941e+00
4.068883668561780631e+00 1.426677789163827592e+00 1.522905491945968137e+00 1.231755928655734258e-02 1.778126286536656941e+00
4.068883668561780631e+00 1.426677789163827592e+00 1.522905491945968137e+00 6.226071897259780052e-03 1.778126286536656941e+00
4.068883668561780631e+00 1.426677789163827592e+00 1.522905491945968137e+00 1.205951973750594985e-02 1.778126286536656941e+00
4.068883668561780631e+00 1.426677789163827592e+00 1.522905491945968137e+00 1.257559883560873532e-02 1.778126286536656941e+00
4.068883668561780631e+00 1.426677789163827592e+00 1.522905491945968137e+00 1.231755928655734258e-02 1.778126286536656941e+00
3.721359540308931457e+00 1.392235939233407382e+00 1.408590734822385393e+00 -3.527990942911982120e-02 1.769995668773701736e+00
4.631189523895250737e+00 1.482405873374144978e+00 1.707870655673667359e+00 8.933188198245931022e-02 1.791281902518122582e+00
4.068883668561780631e+00 1.426677789163827592e+00 1.522905491945968137e+00 1.231755928655734258e-02 1.778126286536656941e+00
4.283665386900085359e+00 1.447964022577305832e+00 1.593555895674382494e+00 4.173441206942023890e-02 1.783151284550633431e+00
3.936141267389552834e+00 1.413522173513304780e+00 1.479241141426501649e+00 -5.863055448894999994e-03 1.775020666992211948e+00
3.854101950223476347e+00 1.405391555750349353e+00 1.452255088217553780e+00 -1.709929349630555373e-02 1.773101288522680452e+00
3.986844351395704145e+00 1.418547171400872386e+00 1.495919438737020268e+00 1.081321239146790583e-03 1.776206908067125445e+00
3.904805037568895187e+00 1.410416553968859787e+00 1.468933386626492643e+00 -1.015491635091221936e-02 1.774287529675719011e+00
3.955508121575046498e+00 1.415441551856427393e+00 1.485611683937011263e+00 -3.210539662870430522e-03 1.775473770750632285e+00
3.924171893029875680e+00 1.412335932438391284e+00 1.475303929556561533e+00 -7.502400390194910451e-03 1.774740633463980366e+00
3.916774412716866660e+00 1.411602795121898124e+00 1.472870598755734894e+00 -8.515571301646259611e-03 1.774567563222393396e+00
3.929680744681658844e+00 1.412881894650665604e+00 1.477116013919651527e+00 -6.747899125855955776e-03 1.774869517657773343e+00
3.928288715439382628e+00 1.412743935705189635e+00 1.476658119138245073e+00 -6.938553710456062118e-03 1.774836949968903177e+00
3.931072773923935504e+00 1.413019853596141795e+00 1.477573908701057759e+00 -6.557244541255849435e-03 1.774902085346643510e+00
3.790477820801537057e+00 7.810520252935035934e-01 1.505078165095350640e+00 -5.161731144340853811e-02 1.917510773934889778e+00
3.929680744681658844e+00 1.412881894650665604e+00 1.477116013919651527e+00 -6.747899125855955776e-03 1.774869517657773343e+00
3.929680744681658844e+00 1.412881894650665604e+00 1.477116013919651527e+00 -6.747899125855955776e-03 2.774869517657773343e+00
3.929680744681658844e+00 1.412881894650665604e+00 1.477116013919651527e+00 -6.747899125855955776e-03 1.568355176577733712e-01
3.929680744681658844e+00 1.412881894650665604e+00 1.477116013919651527e+00 -6.747899125855955776e-03 1.774869517657773343e+00
3.929680744681658844e+00 1.412881894650665604e+00 1.477116013919651527e+00 -6.747899125855955776e-03 1.156835542813773321e+00
3.929680744681658844e+00 1.412881894650665604e+00 1.477116013919651527e+00 -6.747899125855955776e-03 2.156835517657773593e+00
3.929680744681658844e+00 1.412881894650665604e+00 1.477116013919651527e+00 -6.747899125855955776e-03 1.537014935011874694e+00
3.929680744681658844e+00 1.412881894650665604e+00 1.477116013919651527e+00 -6.747899125855955776e-03 1.512050043318625914e+00
3.929680744681658844e+00 1.412881894650665604e+00 1.477116013919651527e+00 -6.747899125855955776e-03 1.618553338733656588e+00
3.929680744681658844e+00 1.412881894650665604e+00 1.477116013919651527e+00 -6.747899125855955776e-03 1.568159832927868758e+00
3.929680744681658844e+00 1.412881894650665604e+00 1.477116013919651527e+00 -6.747899125855955776e-03 1.561590646945383964e+00
3.929680744681658844e+00 1.412881894650665604e+00 1.477116013919651527e+00 -6.747899125855955776e-03 1.527479195191371097e+00
3.929680744681658844e+00 1.412881894650665604e+00 1.477116013919651527e+00 -6.747899125855955776e-03 1.546402021396269477e+00
3.929680744681658844e+00 1.412881894650665604e+00 1.477116013919651527e+00 -6.747899125855955776e-03 1.544117346423654391e+00
3.929680744681658844e+00 1.412881894650665604e+00 1.477116013919651527e+00 -6.747899125855955776e-03 1.548686696368884563e+00
3.929680744681658844e+00 1.412881894650665604e+00 1.477116013919651527e+00 -6.747899125855955776e-03 1.546402021396269477e+00
3.929680744681658844e+00 2.412881894650665604e+00 1.477116013919651527e+00 -6.747899125855955776e-03 1.546402021396269477e+00
3.929680744681658844e+00 4.030915894650664910e+00 1.477116013919651527e+00 -6.747899125855955776e-03 1.546402021396269477e+00
3.929680744681658844e+00 2.412881894650665604e+00 1.477116013919651527e+00 -6.747899125855955776e-03 1.546402021396269477e+00
3.929680744681658844e+00 3.030915869494665404e+00 1.477116013919651527e+00 -6.747899125855955776e-03 1.546402021396269477e+00
3.929680744681658844e+00 2.030915894650665798e+00 1.477116013919651527e+00 -6.747899125855955776e-03 1.546402021396269477e+00
3.929680744681658844e+00 2.646052004950949055e+00 1.477116013919651527e+00 -6.747899125855955776e-03 1.546402021396269477e+00
3.929680744681658844e+00 2.266983869494665349e+00 1.477116013919651527e+00 -6.747899125855955776e-03 1.546402021396269477e+00
3.929680744681658844e+00 2.501944949001623897e+00 1.477116013919651527e+00 -6.747899125855955776e-03 1.546402021396269477e+00
3.929680744681658844e+00 2.357153809573929060e+00 1.477116013919651527e+00 -6.747899125855955776e-03 1.546402021396269477e+00
3.929680744681658844e+00 2.446900953268883683e+00 1.477116013919651527e+00 -6.747899125855955776e-03 1.546402021396269477e+00
3.929680744681658844e+00 2.391595660906244980e+00 1.477116013919651527e+00 -6.747899125855955776e-03 1.546402021396269477e+00
3.929680744681658844e+00 2.381808523233688746e+00 1.477116013919651527e+00 -6.747899125855955776e-03 1.546402021396269477e+00
3.929680744681658844e+00 2.401382798578800326e+00 1.477116013919651527e+00 -6.747899125855955776e-03 1.546402021396269477e+00
3.929680744681658844e+00 2.401382798578800326e+00 1.477116013919651527e+00 -6.747899125855955776e-03 1.546402021396269477e+00
3.929680744681658844e+00 2.401382798578800326e+00 2.477116013919651749e+00 -6.747899125855955776e-03 1.546402021396269477e+00
3.929680744681658844e+00 2.401382798578800326e+00 -1.409179860803484452e-01 -6.747899125855955776e-03 1.546402021396269477e+00
3.929680744681658844e+00 2.401382798578800326e+00 1.477116013919651527e+00 -6.747899125855955776e-03 1.546402021396269477e+00
3.929680744681658844e+00 2.401382798578800326e+00 8.590820390756515046e-01 -6.747899125855955776e-03 1.546402021396269477e+00
3.929680744681658844e+00 2.401382798578800326e+00 1.859082013919651555e+00 -6.747899125855955776e-03 1.546402021396269477e+00
3.929680744681658844e+00 2.401382798578800326e+00 1.492678656925530589e+00 -6.747899125855955776e-03 1.546402021396269477e+00
3.929680744681658844e+00 2.401382798578800326e+00 1.658916104842353967e+00 -6.747899125855955776e-03 1.546402021396269477e+00
3.929680744681658844e+00 2.401382798578800326e+00 1.556175709956528097e+00 -6.747899125855955776e-03 1.546402021396269477e+00
3.929680744681658844e+00 2.401382798578800326e+00 1.516932372283568586e+00 -6.747899125855955776e-03 1.546402021396269477e+00
3.929680744681658844e+00 2.401382798578800326e+00 1.531921993001158278e+00 -6.747899125855955776e-03 1.546402021396269477e+00
3.929680744681658844e+00 2.401382798578800326e+00 1.507668277643120280e+00 -6.747899125855955776e-03 1.546402021396269477e+00
3.929680744681658844e+00 2.401382798578800326e+00 1.522657897750583356e+00 -6.747899125855955776e-03 1.546402021396269477e+00
3.929680744681658844e+00 2.401382798578800326e+00 1.513393803110135050e+00 -6.747899125855955776e-03 1.546402021396269477e+00
3.929680744681658844e+00 2.401382798578800326e+00 1.517861307083524958e+00 -6.747899125855955776e-03 1.546402021396269477e+00
3.929680744681658844e+00 2.401382798578800326e+00 1.516534208689929386e+00 -6.747899125855955776e-03 1.546402021396269477e+00
3.929680744681658844e+00 2.401382798578800326e+00 1.517330535877207787e+00 -6.747899125855955776e-03 1.546402021396269477e+00
3.929680744681658844e+00 2.401382798578800326e+00 1.517330535877207787e+00 -6.747899125855955776e-03 1.546402021396269477e+00
3.929680744681658844e+00 2.401382798578800326e+00 1.517330535877207787e+00 9.932521008741440616e-01 1.546402021396269477e+00
3.929680744681658844e+00 2.401382798578800326e+00 1.517330535877207787e+00 -1.624781899125856022e+00 1.546402021396269477e+00
3.929680744681658844e+00 2.401382798578800326e+00 1.517330535877207787e+00 -6.747899125855955776e-03 1.546402021396269477e+00
3.929680744681658844e+00 2.401382798578800326e+00 1.517330535877207787e+00 -6.247818739698559609e-01 1.546402021396269477e+00
3.929680744681658844e+00 2.401382798578800326e+00 1.517330535877207787e+00 3.752181008741440893e-01 1.546402021396269477e+00
3.929680744681658844e+00 2.401382798578800326e+00 1.517330535877207787e+00 -1.064611782840493986e-01 1.546402021396269477e+00
3.929680744681658844e+00 2.401382798578800326e+00 1.517330535877207787e+00 1.080359352037999349e-01 1.546402021396269477e+00
3.929680744681658844e+00 2.401382798578800326e+00 1.517330535877207787e+00 -1.253310724106604206e-02 1.546402021396269477e+00
3.929680744681658844e+00 2.401382798578800326e+00 1.517330535877207787e+00 -5.351341713212737217e-02 1.546402021396269477e+00
3.929680744681658844e+00 2.401382798578800326e+00 1.517330535877207787e+00 -2.818619228891517184e-02 1.546402021396269477e+00
3.929680744681658844e+00 2.401382798578800326e+00 1.517330535877207787e+00 -1.851205352445278382e-02 1.546402021396269477e+00
3.929680744681658844e+00 2.401382798578800326e+00 1.517330535877207787e+00 -1.481686143714614282e-02 1.546402021396269477e+00
3.929680744681658844e+00 2.401382798578800326e+00 1.517330535877207787e+00 -1.032335443813170613e-02 1.546402021396269477e+00
3.929680744681658844e+00 2.401382798578800326e+00 1.517330535877207787e+00 -1.259095933221814415e-02 1.546402021396269477e+00
3.929680744681658844e+00 2.401382798578800326e+00 1.517330535877207787e+00 -1.168905680194042528e-02 1.546402021396269477e+00
3.929680744681658844e+00 2.401382798578800326e+00 1.517330535877207787e+00 -1.221070867103498693e-02 1.546402021396269477e+00
3.929680744681658844e+00 2.401382798578800326e+00 1.517330535877207787e+00 -1.240996194886555964e-02 1.546402021396269477e+00
3.929680744681658844e+00 2.401382798578800326e+00 1.517330535877207787e+00 -1.247525514991393997e-02 1.546402021396269477e+00
3.929680744681658844e+00 2.401382798578800326e+00 1.517330535877207787e+00 -1.253310724106604206e-02 1.546402021396269477e+00
3.582156616428809670e+00 2.366940948648380338e+00 1.403015778753625042e+00 -6.013057595674320410e-02 1.538271403633314272e+00
4.491986600015128950e+00 2.457110882789117934e+00 1.702295699604907009e+00 6.448121545483592731e-02 1.559557637377735118e+00
3.929680744681658844e+00 2.401382798578800326e+00 1.517330535877207787e+00 -1.253310724106604206e-02 1.546402021396269477e+00
4.144462463019963572e+00 2.422669031992278565e+00 1.587980939605622144e+00 1.688374554179685599e-02 1.551427019410245967e+00
3.796938343509431046e+00 2.388227182928277514e+00 1.473666185357741298e+00 -3.071372197651838637e-02 1.543296401851824484e+00
3.987761467020304540e+00 2.407138967316478695e+00 1.536435637157754996e+00 -4.578277231432165487e-03 1.547760868493033515e+00
3.878977660675507533e+00 2.396357800691232498e+00 1.500652238566689167e+00 -1.947748392910783263e-02 1.545215780321355981e+00
3.951865605870461984e+00 2.403581459326856518e+00 1.524628034992933312e+00 -9.494632641606227594e-03 1.546921054786432048e+00
3.965576604370422586e+00 2.404940306423620555e+00 1.529138137561421473e+00 -7.616752031003681464e-03 1.547241835068687843e+00
3.944492249868893907e+00 2.402850712882958373e+00 1.522202639654939071e+00 -1.050449944820346093e-02 1.546748548953296609e+00
3.957102741123498024e+00 2.404100492717018867e+00 1.526350740830608510e+00 -8.777346096296816114e-03 1.547043581947724178e+00
3.949049234571966771e+00 2.403302339030666257e+00 1.523701616437260986e+00 -9.880367426254945545e-03 1.546855163423372703e+00
3.953866013474522934e+00 2.403779712434763294e+00 1.525286050050926656e+00 -9.220653569040573871e-03 1.546967855996122188e+00
3.950789847791061238e+00 2.403474844863802140e+00 1.524274174602897380e+00 -9.641970214359359831e-03 1.546895886526049813e+00
3.952629693561354962e+00 2.403657185273471164e+00 1.524879374372574814e+00 -9.389981951174615135e-03 1.546938931257292538e+00
3.951454702859905410e+00 2.403540736226861263e+00 1.524492872355192707e+00 -9.550910584920451613e-03 1.546911441366686901e+00
3.952157461389401494e+00 2.403610384063781247e+00 1.524724038090417455e+00 -9.454659635984826241e-03 1.546927882990500880e+00
