8.266167453732413684e-01 2.235912738480569040e+00 1.575333288169227686e+00 -2.784160601129812562e-01 2.543171120197691870e+00
8.266167453732413684e-01 2.235912738480569040e+00 1.575333288169227686e+00 -2.784160601129812562e-01 2.543171120197691870e+00
1.826616745373241368e+00 2.235912738480569040e+00 1.575333288169227686e+00 -2.784160601129812562e-01 2.543171120197691870e+00
-7.914172546267586039e-01 2.235912738480569040e+00 1.575333288169227686e+00 -2.784160601129812562e-01 2.543171120197691870e+00
-9.706873770108068733e-01 2.235912738480569040e+00 1.575333288169227686e+00 -2.784160601129812562e-01 2.543171120197691870e+00
-7.914172546267586039e-01 2.235912738480569040e+00 1.575333288169227686e+00 -2.784160601129812562e-01 2.543171120197691870e+00
-1.733832797827585814e-01 2.235912738480569040e+00 1.575333288169227686e+00 -2.784160601129812562e-01 2.543171120197691870e+00
-5.553492893914953044e-01 2.235912738480569040e+00 1.575333288169227686e+00 -2.784160601129812562e-01 2.543171120197691870e+00
-5.031878923316566166e-01 2.235912738480569040e+00 1.575333288169227686e+00 -2.784160601129812562e-01 2.543171120197691870e+00
-5.740273824688473248e-01 2.235912738480569040e+00 1.575333288169227686e+00 -2.784160601129812562e-01 2.543171120197691870e+00
-5.382110639956976250e-01 2.235912738480569040e+00 1.575333288169227686e+00 -2.784160601129812562e-01 2.543171120197691870e+00
-5.553492893914953044e-01 2.235912738480569040e+00 1.575333288169227686e+00 -2.784160601129812562e-01 2.543171120197691870e+00
-5.553492893914953044e-01 3.235912738480569040e+00 1.575333288169227686e+00 -2.784160601129812562e-01 2.543171120197691870e+00
-5.553492893914953044e-01 6.178787384805690674e-01 1.575333288169227686e+00 -2.784160601129812562e-01 2.543171120197691870e+00
-5.553492893914953044e-01 8.456223947934931040e-01 1.575333288169227686e+00 -2.784160601129812562e-01 2.543171120197691870e+00
-5.553492893914953044e-01 8.456223947934931040e-01 1.575333288169227686e+00 -2.784160601129812562e-01 2.543171120197691870e+00
-5.553492893914953044e-01 1.376666036210270949e+00 1.575333288169227686e+00 -2.784160601129812562e-01 2.543171120197691870e+00
-5.553492893914953044e-01 1.048463010330894063e+00 1.575333288169227686e+00 -2.784160601129812562e-01 2.543171120197691870e+00
-5.553492893914953044e-01 7.586320613662707046e-01 1.575333288169227686e+00 -2.784160601129812562e-01 2.543171120197691870e+00
-5.553492893914953044e-01 9.231006133478520947e-01 1.575333288169227686e+00 -2.784160601129812562e-01 2.543171120197691870e+00
-5.553492893914953044e-01 8.852949372201721623e-01 1.575333288169227686e+00 -2.784160601129812562e-01 2.543171120197691870e+00
-5.553492893914953044e-01 9.709847866738767763e-01 1.575333288169227686e+00 -2.784160601129812562e-01 2.543171120197691870e+00
-5.553492893914953044e-01 1.000578833851253124e+00 1.575333288169227686e+00 -2.784160601129812562e-01 2.543171120197691870e+00
-5.553492893914953044e-01 9.526946605252284428e-01 1.575333288169227686e+00 -2.784160601129812562e-01 2.543171120197691870e+00
-5.553492893914953044e-01 9.836340662019436021e-01 1.575333288169227686e+00 -2.784160601129812562e-01 2.543171120197691870e+00
-5.553492893914953044e-01 9.836340662019436021e-01 1.575333288169227686e+00 -2.784160601129812562e-01 2.543171120197691870e+00
-5.553492893914953044e-01 9.836340662019436021e-01 2.575333288169227686e+00 -2.784160601129812562e-01 2.543171120197691870e+00
-5.553492893914953044e-01 9.836340662019436021e-01 4.193367288169227436e+00 -2.784160601129812562e-01 2.543171120197691870e+00
-5.553492893914953044e-01 9.836340662019436021e-01 2.575333288169227686e+00 -2.784160601129812562e-01 2.543171120197691870e+00
-5.553492893914953044e-01 9.836340662019436021e-01 3.193367263013227486e+00 -2.784160601129812562e-01 2.543171120197691870e+00
-5.553492893914953044e-01 9.836340662019436021e-01 3.575333272621964209e+00 -2.784160601129812562e-01 2.543171120197691870e+00
-5.553492893914953044e-01 9.836340662019436021e-01 3.000358861111014797e+00 -2.784160601129812562e-01 2.543171120197691870e+00
-5.553492893914953044e-01 9.836340662019436021e-01 2.948829794089532719e+00 -2.784160601129812562e-01 2.543171120197691870e+00
-5.553492893914953044e-01 9.836340662019436021e-01 3.078066423462450629e+00 -2.784160601129812562e-01 2.543171120197691870e+00
-5.553492893914953044e-01 9.836340662019436021e-01 3.014609116850432535e+00 -2.784160601129812562e-01 2.543171120197691870e+00
-5.553492893914953044e-01 9.836340662019436021e-01 2.980676509497087068e+00 -2.784160601129812562e-01 2.543171120197691870e+00
-5.553492893914953044e-01 9.836340662019436021e-01 3.000358861111014797e+00 -2.784160601129812562e-01 2.543171120197691870e+00
-5.553492893914953044e-01 9.836340662019436021e-01 3.000358861111014797e+00 7.215839398870187438e-01 2.543171120197691870e+00
-5.553492893914953044e-01 9.836340662019436021e-01 3.000358861111014797e+00 -1.896450060112981228e+00 2.543171120197691870e+00
-5.553492893914953044e-01 9.836340662019436021e-01 3.000358861111014797e+00 -2.784160601129812562e-01 2.543171120197691870e+00
-5.553492893914953044e-01 9.836340662019436021e-01 3.000358861111014797e+00 -8.964500349569812787e-01 2.543171120197691870e+00
-5.553492893914953044e-01 9.836340662019436021e-01 3.000358861111014797e+00 1.035499398870187715e-01 2.543171120197691870e+00
-5.553492893914953044e-01 9.836340662019436021e-01 3.000358861111014797e+00 -3.260385459656990337e-01 2.543171120197691870e+00
-5.553492893914953044e-01 9.836340662019436021e-01 3.000358861111014797e+00 -3.678188846892586072e-01 2.543171120197691870e+00
-5.553492893914953044e-01 9.836340662019436021e-01 3.000358861111014797e+00 -3.253007333554694402e-01 2.543171120197691870e+00
-5.553492893914953044e-01 9.836340662019436021e-01 3.000358861111014797e+00 -3.456991955801103633e-01 2.543171120197691870e+00
-5.553492893914953044e-01 9.836340662019436021e-01 3.000358861111014797e+00 -3.335482456563172438e-01 2.543171120197691870e+00
-5.553492893914953044e-01 9.836340662019436021e-01 3.000358861111014797e+00 -3.289069959177257085e-01 2.543171120197691870e+00
-5.553492893914953044e-01 9.836340662019436021e-01 3.000358861111014797e+00 -3.272924522338196973e-01 2.543171120197691870e+00
-5.553492893914953044e-01 9.836340662019436021e-01 3.000358861111014797e+00 -3.265174955273080215e-01 2.543171120197691870e+00
-5.553492893914953044e-01 9.836340662019436021e-01 3.000358861111014797e+00 -3.260385459656990337e-01 2.543171120197691870e+00
-5.553492893914953044e-01 9.836340662019436021e-01 3.000358861111014797e+00 -3.260385459656990337e-01 3.543171120197691870e+00
-5.553492893914953044e-01 9.836340662019436021e-01 3.000358861111014797e+00 -3.260385459656990337e-01 9.251371201976918979e-01
-5.553492893914953044e-01 9.836340662019436021e-01 3.000358861111014797e+00 -3.260385459656990337e-01 2.543171120197691870e+00
-5.553492893914953044e-01 9.836340662019436021e-01 3.000358861111014797e+00 -3.260385459656990337e-01 1.925137145353691848e+00
-5.553492893914953044e-01 9.836340662019436021e-01 3.000358861111014797e+00 -3.260385459656990337e-01 2.925137120197692120e+00
-5.553492893914953044e-01 9.836340662019436021e-01 3.000358861111014797e+00 -3.260385459656990337e-01 2.485011647809925339e+00
-5.553492893914953044e-01 9.836340662019436021e-01 3.000358861111014797e+00 -3.260385459656990337e-01 2.617420767536229764e+00
-5.553492893914953044e-01 9.836340662019436021e-01 3.000358861111014797e+00 -3.260385459656990337e-01 2.734957951896917816e+00
-5.553492893914953044e-01 9.836340662019436021e-01 3.000358861111014797e+00 -3.260385459656990337e-01 2.584422233253124368e+00
-5.553492893914953044e-01 9.836340662019436021e-01 3.000358861111014797e+00 -3.260385459656990337e-01 2.662315975697744364e+00
-5.553492893914953044e-01 9.836340662019436021e-01 3.000358861111014797e+00 -3.260385459656990337e-01 2.634569210616851009e+00
-5.553492893914953044e-01 9.836340662019436021e-01 3.000358861111014797e+00 -3.260385459656990337e-01 2.604816449390249034e+00
-5.553492893914953044e-01 9.836340662019436021e-01 3.000358861111014797e+00 -3.260385459656990337e-01 2.623970889745962154e+00
-5.553492893914953044e-01 9.836340662019436021e-01 3.000358861111014797e+00 -3.260385459656990337e-01 2.612606346551281877e+00
-5.553492893914953044e-01 9.836340662019436021e-01 3.000358861111014797e+00 -3.260385459656990337e-01 2.619922691516192614e+00
-5.553492893914953044e-01 9.836340662019436021e-01 3.000358861111014797e+00 -3.260385459656990337e-01 2.615581822410293356e+00
-5.553492893914953044e-01 9.836340662019436021e-01 3.000358861111014797e+00 -3.260385459656990337e-01 2.618376417431160341e+00
-5.553492893914953044e-01 9.836340662019436021e-01 3.000358861111014797e+00 -3.260385459656990337e-01 2.616678271052844451e+00
-1.937315324156231977e+00 -2.686446060766818356e-01 4.425384434052801907e+00 -3.736610318184168111e-01 2.691670414874767658e+00
-5.553492893914953044e-01 9.836340662019436021e-01 3.000358861111014797e+00 -3.260385459656990337e-01 2.617420767536229764e+00
4.446507106085046956e-01 9.836340662019436021e-01 3.000358861111014797e+00 -3.260385459656990337e-01 2.617420767536229764e+00
-2.173383289391495055e+00 9.836340662019436021e-01 3.000358861111014797e+00 -3.260385459656990337e-01 2.617420767536229764e+00
-5.553492893914953044e-01 9.836340662019436021e-01 3.000358861111014797e+00 -3.260385459656990337e-01 2.617420767536229764e+00
-1.173383264235495327e+00 9.836340662019436021e-01 3.000358861111014797e+00 -3.260385459656990337e-01 2.617420767536229764e+00
-1.733832893914952766e-01 9.836340662019436021e-01 3.000358861111014797e+00 -3.260385459656990337e-01 2.617420767536229764e+00
-7.669482594174104051e-01 9.836340662019436021e-01 3.000358861111014797e+00 -3.260385459656990337e-01 2.617420767536229764e+00
-4.094512642354952714e-01 9.836340662019436021e-01 3.000358861111014797e+00 -3.260385459656990337e-01 2.617420767536229764e+00
-5.358058358409459876e-01 9.836340662019436021e-01 3.000358861111014797e+00 -3.260385459656990337e-01 2.617420767536229764e+00
-5.345781433756043866e-01 9.836340662019436021e-01 3.000358861111014797e+00 -3.260385459656990337e-01 2.617420767536229764e+00
-5.453013330633502687e-01 9.836340662019436021e-01 3.000358861111014797e+00 -3.260385459656990337e-01 2.617420767536229764e+00
-5.491393107501865156e-01 9.836340662019436021e-01 3.000358861111014797e+00 -3.260385459656990337e-01 2.617420767536229764e+00
-5.515113114518926940e-01 9.836340662019436021e-01 3.000358861111014797e+00 -3.260385459656990337e-01 2.617420767536229764e+00
-5.478360837998612620e-01 9.836340662019436021e-01 3.000358861111014797e+00 -3.260385459656990337e-01 2.617420767536229764e+00
-5.500453343702144116e-01 9.836340662019436021e-01 3.000358861111014797e+00 -3.260385459656990337e-01 2.617420767536229764e+00
-5.486415223648785089e-01 9.836340662019436021e-01 3.000358861111014797e+00 -3.260385459656990337e-01 2.617420767536229764e+00
-5.494853809682340717e-01 9.836340662019436021e-01 3.000358861111014797e+00 -3.260385459656990337e-01 2.617420767536229764e+00
-5.496992641293748649e-01 9.836340662019436021e-01 3.000358861111014797e+00 -3.260385459656990337e-01 2.617420767536229764e+00
-5.493870805814510261e-01 9.836340662019436021e-01 3.000358861111014797e+00 -3.260385459656990337e-01 2.617420767536229764e+00
-5.495440200624667204e-01 9.836340662019436021e-01 3.000358861111014797e+00 -3.260385459656990337e-01 2.617420767536229764e+00
-5.496033180177273270e-01 9.836340662019436021e-01 3.000358861111014797e+00 -3.260385459656990337e-01 2.617420767536229764e+00
-5.495440200624667204e-01 9.836340662019436021e-01 3.000358861111014797e+00 -3.260385459656990337e-01 2.617420767536229764e+00
-5.495440200624667204e-01 1.983634066201943602e+00 3.000358861111014797e+00 -3.260385459656990337e-01 2.617420767536229764e+00
-5.495440200624667204e-01 -6.343999337980563702e-01 3.000358861111014797e+00 -3.260385459656990337e-01 2.617420767536229764e+00
-5.495440200624667204e-01 9.836340662019436021e-01 3.000358861111014797e+00 -3.260385459656990337e-01 2.617420767536229764e+00
-5.495440200624667204e-01 3.656000913579435796e-01 3.000358861111014797e+00 -3.260385459656990337e-01 2.617420767536229764e+00
-5.495440200624667204e-01 1.365600066201943630e+00 3.000358861111014797e+00 -3.260385459656990337e-01 2.617420767536229764e+00
-5.495440200624667204e-01 1.078213475205860972e+00 3.000358861111014797e+00 -3.260385459656990337e-01 2.617420767536229764e+00
-5.495440200624667204e-01 9.269259810788952336e-01 3.000358861111014797e+00 -3.260385459656990337e-01 2.617420767536229764e+00
-5.495440200624667204e-01 1.014278074970774490e+00 3.000358861111014797e+00 -3.260385459656990337e-01 2.617420767536229764e+00
-5.495440200624667204e-01 9.619735057598333139e-01 3.000358861111014797e+00 -3.260385459656990337e-01 2.617420767536229764e+00
-5.495440200624667204e-01 9.485865429475540678e-01 3.000358861111014797e+00 -3.260385459656990337e-01 2.617420767536229764e+00
-5.495440200624667204e-01 9.702471033896643560e-01 3.000358861111014797e+00 -3.260385459656990337e-01 2.617420767536229764e+00
-5.495440200624667204e-01 9.568601411222782405e-01 3.000358861111014797e+00 -3.260385459656990337e-01 2.617420767536229764e+00
-5.495440200624667204e-01 9.651337387521093936e-01 3.000358861111014797e+00 -3.260385459656990337e-01 2.617420767536229764e+00
-5.495440200624667204e-01 9.600203743226849440e-01 3.000358861111014797e+00 -3.260385459656990337e-01 2.617420767536229764e+00
-5.495440200624667204e-01 9.631806073149610237e-01 3.000358861111014797e+00 -3.260385459656990337e-01 2.617420767536229764e+00
-5.495440200624667204e-01 9.613324370073316194e-01 3.000358861111014797e+00 -3.260385459656990337e-01 2.617420767536229764e+00
-5.495440200624667204e-01 9.624345775124392155e-01 3.000358861111014797e+00 -3.260385459656990337e-01 2.617420767536229764e+00
-5.495440200624667204e-01 9.627195355319893011e-01 3.000358861111014797e+00 -3.260385459656990337e-01 2.617420767536229764e+00
-5.495440200624667204e-01 9.622225826155441641e-01 3.000358861111014797e+00 -3.260385459656990337e-01 2.617420767536229764e+00
-5.495440200624667204e-01 9.624345775124392155e-01 3.000358861111014797e+00 -3.260385459656990337e-01 2.617420767536229764e+00
-5.495440200624667204e-01 9.624345775124392155e-01 4.000358861111014797e+00 -3.260385459656990337e-01 2.617420767536229764e+00
-5.495440200624667204e-01 9.624345775124392155e-01 1.382324861111014824e+00 -3.260385459656990337e-01 2.617420767536229764e+00
-5.495440200624667204e-01 9.624345775124392155e-01 3.000358861111014797e+00 -3.260385459656990337e-01 2.617420767536229764e+00
-5.495440200624667204e-01 9.624345775124392155e-01 2.382324886267014996e+00 -3.260385459656990337e-01 2.617420767536229764e+00
-5.495440200624667204e-01 9.624345775124392155e-01 2.000358876658277829e+00 -3.260385459656990337e-01 2.617420767536229764e+00
-5.495440200624667204e-01 9.624345775124392155e-01 2.632837343860754409e+00 -3.260385459656990337e-01 2.617420767536229764e+00
-5.495440200624667204e-01 9.624345775124392155e-01 2.648071795877220858e+00 -3.260385459656990337e-01 2.617420767536229764e+00
-5.495440200624667204e-01 9.624345775124392155e-01 2.516857005731070629e+00 -3.260385459656990337e-01 2.617420767536229764e+00
-5.495440200624667204e-01 9.624345775124392155e-01 2.465470310187862779e+00 -3.260385459656990337e-01 2.617420767536229764e+00
-5.495440200624667204e-01 9.624345775124392155e-01 2.570242087575649315e+00 -3.260385459656990337e-01 2.617420767536229764e+00
-5.495440200624667204e-01 9.624345775124392155e-01 2.537248291902916897e+00 -3.260385459656990337e-01 2.617420767536229764e+00
-5.495440200624667204e-01 9.624345775124392155e-01 2.497229035181213419e+00 -3.260385459656990337e-01 2.617420767536229764e+00
-5.495440200624667204e-01 9.624345775124392155e-01 2.524645783744985827e+00 -3.260385459656990337e-01 2.617420767536229764e+00
-5.495440200624667204e-01 9.624345775124392155e-01 2.509359788332023999e+00 -3.260385459656990337e-01 2.617420767536229764e+00
-5.495440200624667204e-01 9.624345775124392155e-01 2.516857005731070629e+00 -3.260385459656990337e-01 2.617420767536229764e+00
-5.495440200624667204e-01 9.624345775124392155e-01 2.516857005731070629e+00 6.739614540343009663e-01 2.617420767536229764e+00
-5.495440200624667204e-01 9.624345775124392155e-01 2.516857005731070629e+00 -1.944072545965699117e+00 2.617420767536229764e+00
-5.495440200624667204e-01 9.624345775124392155e-01 2.516857005731070629e+00 -3.260385459656990337e-01 2.617420767536229764e+00
-5.495440200624667204e-01 9.624345775124392155e-01 2.516857005731070629e+00 -9.440725208096990562e-01 2.617420767536229764e+00
-5.495440200624667204e-01 9.624345775124392155e-01 2.516857005731070629e+00 5.592745403430099405e-02 2.617420767536229764e+00
-5.495440200624667204e-01 9.624345775124392155e-01 2.516857005731070629e+00 -3.993877276733958648e-01 2.617420767536229764e+00
-5.495440200624667204e-01 9.624345775124392155e-01 2.516857005731070629e+00 -3.147499964824257979e-01 2.617420767536229764e+00
-5.495440200624667204e-01 9.624345775124392155e-01 2.516857005731070629e+00 -1.731638134183537125e-01 2.617420767536229764e+00
-5.495440200624667204e-01 9.624345775124392155e-01 2.516857005731070629e+00 -2.572698018678981069e-01 2.617420767536229764e+00
-5.495440200624667204e-01 9.624345775124392155e-01 2.516857005731070629e+00 -3.067314826765555891e-01 2.617420767536229764e+00
-5.495440200624667204e-01 9.624345775124392155e-01 2.516857005731070629e+00 -3.190719309602714215e-01 2.617420767536229764e+00
-5.495440200624667204e-01 9.624345775124392155e-01 2.516857005731070629e+00 -3.116871968380527935e-01 2.617420767536229764e+00
-5.495440200624667204e-01 9.624345775124392155e-01 2.516857005731070629e+00 -3.142948821077434229e-01 2.617420767536229764e+00
-5.495440200624667204e-01 9.624345775124392155e-01 2.516857005731070629e+00 -3.164008285071905902e-01 2.617420767536229764e+00
-5.495440200624667204e-01 9.624345775124392155e-01 2.516857005731070629e+00 -3.153805581875970820e-01 2.617420767536229764e+00
-5.495440200624667204e-01 9.624345775124392155e-01 2.516857005731070629e+00 -3.149908496147032499e-01 2.617420767536229764e+00
-5.495440200624667204e-01 9.624345775124392155e-01 2.516857005731070629e+00 -3.145761582651858679e-01 2.617420767536229764e+00
-5.495440200624667204e-01 9.624345775124392155e-01 2.516857005731070629e+00 -3.148628819872585360e-01 2.617420767536229764e+00
-5.495440200624667204e-01 9.624345775124392155e-01 2.516857005731070629e+00 -3.147499964824257979e-01 2.617420767536229764e+00
-5.495440200624667204e-01 9.624345775124392155e-01 2.516857005731070629e+00 -3.147499964824257979e-01 3.617420767536229764e+00
-5.495440200624667204e-01 9.624345775124392155e-01 2.516857005731070629e+00 -3.147499964824257979e-01 9.993867675362297920e-01
-5.495440200624667204e-01 9.624345775124392155e-01 2.516857005731070629e+00 -3.147499964824257979e-01 2.617420767536229764e+00
-5.495440200624667204e-01 9.624345775124392155e-01 2.516857005731070629e+00 -3.147499964824257979e-01 1.999386792692229742e+00
-5.495440200624667204e-01 9.624345775124392155e-01 2.516857005731070629e+00 -3.147499964824257979e-01 2.999386767536229570e+00
-5.495440200624667204e-01 9.624345775124392155e-01 2.516857005731070629e+00 -3.147499964824257979e-01 2.533485272631842644e+00
-5.495440200624667204e-01 9.624345775124392155e-01 2.516857005731070629e+00 -3.147499964824257979e-01 2.585949894701671248e+00
-5.495440200624667204e-01 9.624345775124392155e-01 2.516857005731070629e+00 -3.147499964824257979e-01 2.575961388491237347e+00
-5.495440200624667204e-01 9.624345775124392155e-01 2.516857005731070629e+00 -3.147499964824257979e-01 2.592872750205998944e+00
-5.495440200624667204e-01 9.624345775124392155e-01 2.516857005731070629e+00 -3.147499964824257979e-01 2.582134624938496881e+00
-5.495440200624667204e-01 9.624345775124392155e-01 2.516857005731070629e+00 -3.147499964824257979e-01 2.588594190127237571e+00
-5.495440200624667204e-01 9.624345775124392155e-01 2.516857005731070629e+00 -3.147499964824257979e-01 2.584492591371310599e+00
-5.495440200624667204e-01 9.624345775124392155e-01 2.516857005731070629e+00 -3.147499964824257979e-01 2.586959925648192993e+00
-5.495440200624667204e-01 9.624345775124392155e-01 2.516857005731070629e+00 -3.147499964824257979e-01 2.585393254377786665e+00
-5.495440200624667204e-01 9.624345775124392155e-01 2.516857005731070629e+00 -3.147499964824257979e-01 2.586335692182190726e+00
