-1.238846583279408664e+00 1.938134524546552662e+00 2.000141703921678449e+00 -8.159390374549269076e-01 8.287109045369778215e-01 1.895563267301580979e+00 -4.699038679230769233e-01 3.046832838565214807e+00
-1.238846583279408664e+00 1.938134524546552662e+00 2.000141703921678449e+00 -8.159390374549269076e-01 8.287109045369778215e-01 1.895563267301580979e+00 -4.699038679230769233e-01 3.046832838565214807e+00
-2.388465832794086641e-01 1.938134524546552662e+00 2.000141703921678449e+00 -8.159390374549269076e-01 8.287109045369778215e-01 1.895563267301580979e+00 -4.699038679230769233e-01 3.046832838565214807e+00
-2.856880583279408636e+00 1.938134524546552662e+00 2.000141703921678449e+00 -8.159390374549269076e-01 8.287109045369778215e-01 1.895563267301580979e+00 -4.699038679230769233e-01 3.046832838565214807e+00
-2.673239163027424148e+00 1.938134524546552662e+00 2.000141703921678449e+00 -8.159390374549269076e-01 8.287109045369778215e-01 1.895563267301580979e+00 -4.699038679230769233e-01 3.046832838565214807e+00
-2.673239163027424148e+00 1.938134524546552662e+00 2.000141703921678449e+00 -8.159390374549269076e-01 8.287109045369778215e-01 1.895563267301580979e+00 -4.699038679230769233e-01 3.046832838565214807e+00
-2.125349966911393551e+00 1.938134524546552662e+00 2.000141703921678449e+00 -8.159390374549269076e-01 8.287109045369778215e-01 1.895563267301580979e+00 -4.699038679230769233e-01 3.046832838565214807e+00
-2.463964118343768384e+00 1.938134524546552662e+00 2.000141703921678449e+00 -8.159390374549269076e-01 8.287109045369778215e-01 1.895563267301580979e+00 -4.699038679230769233e-01 3.046832838565214807e+00
-2.442771089024731168e+00 1.938134524546552662e+00 2.000141703921678449e+00 -8.159390374549269076e-01 8.287109045369778215e-01 1.895563267301580979e+00 -4.699038679230769233e-01 3.046832838565214807e+00
-2.321527012695587810e+00 1.938134524546552662e+00 2.000141703921678449e+00 -8.159390374549269076e-01 8.287109045369778215e-01 1.895563267301580979e+00 -4.699038679230769233e-01 3.046832838565214807e+00
-2.401591382913114359e+00 1.938134524546552662e+00 2.000141703921678449e+00 -8.159390374549269076e-01 8.287109045369778215e-01 1.895563267301580979e+00 -4.699038679230769233e-01 3.046832838565214807e+00
-2.427041841400101152e+00 1.938134524546552662e+00 2.000141703921678449e+00 -8.159390374549269076e-01 8.287109045369778215e-01 1.895563267301580979e+00 -4.699038679230769233e-01 3.046832838565214807e+00
-2.442771089024731168e+00 1.938134524546552662e+00 2.000141703921678449e+00 -8.159390374549269076e-01 8.287109045369778215e-01 1.895563267301580979e+00 -4.699038679230769233e-01 3.046832838565214807e+00
-2.442771089024731168e+00 2.938134524546552662e+00 2.000141703921678449e+00 -8.159390374549269076e-01 8.287109045369778215e-01 1.895563267301580979e+00 -4.699038679230769233e-01 3.046832838565214807e+00
-2.442771089024731168e+00 4.556168524546552412e+00 2.000141703921678449e+00 -8.159390374549269076e-01 8.287109045369778215e-01 1.895563267301580979e+00 -4.699038679230769233e-01 3.046832838565214807e+00
-2.442771089024731168e+00 2.938134524546552662e+00 2.000141703921678449e+00 -8.159390374549269076e-01 8.287109045369778215e-01 1.895563267301580979e+00 -4.699038679230769233e-01 3.046832838565214807e+00
-2.442771089024731168e+00 3.556168499390552462e+00 2.000141703921678449e+00 -8.159390374549269076e-01 8.287109045369778215e-01 1.895563267301580979e+00 -4.699038679230769233e-01 3.046832838565214807e+00
-2.442771089024731168e+00 2.556168524546552412e+00 2.000141703921678449e+00 -8.159390374549269076e-01 8.287109045369778215e-01 1.895563267301580979e+00 -4.699038679230769233e-01 3.046832838565214807e+00
-2.442771089024731168e+00 2.896653843310663223e+00 2.000141703921678449e+00 -8.159390374549269076e-01 8.287109045369778215e-01 1.895563267301580979e+00 -4.699038679230769233e-01 3.046832838565214807e+00
-2.442771089024731168e+00 3.174202489781816183e+00 2.000141703921678449e+00 -8.159390374549269076e-01 8.287109045369778215e-01 1.895563267301580979e+00 -4.699038679230769233e-01 3.046832838565214807e+00
-2.442771089024731168e+00 3.026311165809575598e+00 2.000141703921678449e+00 -8.159390374549269076e-01 8.287109045369778215e-01 1.895563267301580979e+00 -4.699038679230769233e-01 3.046832838565214807e+00
-2.442771089024731168e+00 2.968800010640338272e+00 2.000141703921678449e+00 -8.159390374549269076e-01 8.287109045369778215e-01 1.895563267301580979e+00 -4.699038679230769233e-01 3.046832838565214807e+00
-2.442771089024731168e+00 2.922290314657605137e+00 2.000141703921678449e+00 -8.159390374549269076e-01 8.287109045369778215e-01 1.895563267301580979e+00 -4.699038679230769233e-01 3.046832838565214807e+00
-2.442771089024731168e+00 2.948134524556552449e+00 2.000141703921678449e+00 -8.159390374549269076e-01 8.287109045369778215e-01 1.895563267301580979e+00 -4.699038679230769233e-01 3.046832838565214807e+00
-2.442771089024731168e+00 2.938134524546552662e+00 2.000141703921678449e+00 -8.159390374549269076e-01 8.287109045369778215e-01 1.895563267301580979e+00 -4.699038679230769233e-01 3.046832838565214807e+00
-2.442771089024731168e+00 2.938134524546552662e+00 3.000141703921678449e+00 -8.159390374549269076e-01 8.287109045369778215e-01 1.895563267301580979e+00 -4.699038679230769233e-01 3.046832838565214807e+00
-2.442771089024731168e+00 2.938134524546552662e+00 3.821077039216784765e-01 -8.159390374549269076e-01 8.287109045369778215e-01 1.895563267301580979e+00 -4.699038679230769233e-01 3.046832838565214807e+00
-2.442771089024731168e+00 2.938134524546552662e+00 2.000141703921678449e+00 -8.159390374549269076e-01 8.287109045369778215e-01 1.895563267301580979e+00 -4.699038679230769233e-01 3.046832838565214807e+00
-2.442771089024731168e+00 2.938134524546552662e+00 1.382107729077678426e+00 -8.159390374549269076e-01 8.287109045369778215e-01 1.895563267301580979e+00 -4.699038679230769233e-01 3.046832838565214807e+00
-2.442771089024731168e+00 2.938134524546552662e+00 2.382107703921678699e+00 -8.159390374549269076e-01 8.287109045369778215e-01 1.895563267301580979e+00 -4.699038679230769233e-01 3.046832838565214807e+00
-2.442771089024731168e+00 2.938134524546552662e+00 2.444292973054135398e+00 -8.159390374549269076e-01 8.287109045369778215e-01 1.895563267301580979e+00 -4.699038679230769233e-01 3.046832838565214807e+00
-2.442771089024731168e+00 2.938134524546552662e+00 2.249544112020283038e+00 -8.159390374549269076e-01 8.287109045369778215e-01 1.895563267301580979e+00 -4.699038679230769233e-01 3.046832838565214807e+00
-2.442771089024731168e+00 2.938134524546552662e+00 2.260529513932738155e+00 -8.159390374549269076e-01 8.287109045369778215e-01 1.895563267301580979e+00 -4.699038679230769233e-01 3.046832838565214807e+00
-2.442771089024731168e+00 2.938134524546552662e+00 2.154280871808491149e+00 -8.159390374549269076e-01 8.287109045369778215e-01 1.895563267301580979e+00 -4.699038679230769233e-01 3.046832838565214807e+00
-2.442771089024731168e+00 2.938134524546552662e+00 2.244576446049410201e+00 -8.159390374549269076e-01 8.287109045369778215e-01 1.895563267301580979e+00 -4.699038679230769233e-01 3.046832838565214807e+00
-2.442771089024731168e+00 2.938134524546552662e+00 2.203447214107578045e+00 -8.159390374549269076e-01 8.287109045369778215e-01 1.895563267301580979e+00 -4.699038679230769233e-01 3.046832838565214807e+00
-2.442771089024731168e+00 2.938134524546552662e+00 2.228866477841516591e+00 -8.159390374549269076e-01 8.287109045369778215e-01 1.895563267301580979e+00 -4.699038679230769233e-01 3.046832838565214807e+00
-2.442771089024731168e+00 2.938134524546552662e+00 2.238575772332914049e+00 -8.159390374549269076e-01 8.287109045369778215e-01 1.895563267301580979e+00 -4.699038679230769233e-01 3.046832838565214807e+00
-2.442771089024731168e+00 2.938134524546552662e+00 2.242132098618133007e+00 -8.159390374549269076e-01 8.287109045369778215e-01 1.895563267301580979e+00 -4.699038679230769233e-01 3.046832838565214807e+00
-2.442771089024731168e+00 2.938134524546552662e+00 2.247020793480687839e+00 -8.159390374549269076e-01 8.287109045369778215e-01 1.895563267301580979e+00 -4.699038679230769233e-01 3.046832838565214807e+00
-2.442771089024731168e+00 2.938134524546552662e+00 2.244576446049410201e+00 -8.159390374549269076e-01 8.287109045369778215e-01 1.895563267301580979e+00 -4.699038679230769233e-01 3.046832838565214807e+00
-2.442771089024731168e+00 2.938134524546552662e+00 2.244576446049410201e+00 1.840609625450730924e-01 8.287109045369778215e-01 1.895563267301580979e+00 -4.699038679230769233e-01 3.046832838565214807e+00
-2.442771089024731168e+00 2.938134524546552662e+00 2.244576446049410201e+00 -2.433973037454927102e+00 8.287109045369778215e-01 1.895563267301580979e+00 -4.699038679230769233e-01 3.046832838565214807e+00
-2.442771089024731168e+00 2.938134524546552662e+00 2.244576446049410201e+00 -8.159390374549269076e-01 8.287109045369778215e-01 1.895563267301580979e+00 -4.699038679230769233e-01 3.046832838565214807e+00
-2.442771089024731168e+00 2.938134524546552662e+00 2.244576446049410201e+00 -1.433973012298926930e+00 8.287109045369778215e-01 1.895563267301580979e+00 -4.699038679230769233e-01 3.046832838565214807e+00
-2.442771089024731168e+00 2.938134524546552662e+00 2.244576446049410201e+00 -1.815939021907663653e+00 8.287109045369778215e-01 1.895563267301580979e+00 -4.699038679230769233e-01 3.046832838565214807e+00
-2.442771089024731168e+00 2.938134524546552662e+00 2.244576446049410201e+00 -1.221094884562397009e+00 8.287109045369778215e-01 1.895563267301580979e+00 -4.699038679230769233e-01 3.046832838565214807e+00
-2.442771089024731168e+00 2.938134524546552662e+00 2.244576446049410201e+00 -1.201785113605291722e+00 8.287109045369778215e-01 1.895563267301580979e+00 -4.699038679230769233e-01 3.046832838565214807e+00
-2.442771089024731168e+00 2.938134524546552662e+00 2.244576446049410201e+00 -1.054405031282441563e+00 8.287109045369778215e-01 1.895563267301580979e+00 -4.699038679230769233e-01 3.046832838565214807e+00
-2.442771089024731168e+00 2.938134524546552662e+00 2.244576446049410201e+00 -1.125645955252965180e+00 8.287109045369778215e-01 1.895563267301580979e+00 -4.699038679230769233e-01 3.046832838565214807e+00
-2.442771089024731168e+00 2.938134524546552662e+00 2.244576446049410201e+00 -1.052020371334166260e+00 8.287109045369778215e-01 1.895563267301580979e+00 -4.699038679230769233e-01 3.046832838565214807e+00
-2.442771089024731168e+00 2.938134524546552662e+00 2.244576446049410201e+00 -9.618453285576487044e-01 8.287109045369778215e-01 1.895563267301580979e+00 -4.699038679230769233e-01 3.046832838565214807e+00
-2.442771089024731168e+00 2.938134524546552662e+00 2.244576446049410201e+00 -1.017576570944991099e+00 8.287109045369778215e-01 1.895563267301580979e+00 -4.699038679230769233e-01 3.046832838565214807e+00
-2.442771089024731168e+00 2.938134524546552662e+00 2.244576446049410201e+00 -1.040253073212322521e+00 8.287109045369778215e-01 1.895563267301580979e+00 -4.699038679230769233e-01 3.046832838565214807e+00
-2.442771089024731168e+00 2.938134524546552662e+00 2.244576446049410201e+00 -1.049659557985374025e+00 8.287109045369778215e-01 1.895563267301580979e+00 -4.699038679230769233e-01 3.046832838565214807e+00
-2.442771089024731168e+00 2.938134524546552662e+00 2.244576446049410201e+00 -1.046066600622550524e+00 8.287109045369778215e-01 1.895563267301580979e+00 -4.699038679230769233e-01 3.046832838565214807e+00
-2.442771089024731168e+00 2.938134524546552662e+00 2.244576446049410201e+00 -1.043765324980874265e+00 8.287109045369778215e-01 1.895563267301580979e+00 -4.699038679230769233e-01 3.046832838565214807e+00
-2.442771089024731168e+00 2.938134524546552662e+00 2.244576446049410201e+00 -1.046066600622550524e+00 8.287109045369778215e-01 1.895563267301580979e+00 -4.699038679230769233e-01 3.046832838565214807e+00
-2.442771089024731168e+00 2.938134524546552662e+00 2.244576446049410201e+00 -1.046066600622550524e+00 1.828710904536977822e+00 1.895563267301580979e+00 -4.699038679230769233e-01 3.046832838565214807e+00
-2.442771089024731168e+00 2.938134524546552662e+00 2.244576446049410201e+00 -1.046066600622550524e+00 -7.893230954630221508e-01 1.895563267301580979e+00 -4.699038679230769233e-01 3.046832838565214807e+00
-2.442771089024731168e+00 2.938134524546552662e+00 2.244576446049410201e+00 -1.046066600622550524e+00 8.287109045369778215e-01 1.895563267301580979e+00 -4.699038679230769233e-01 3.046832838565214807e+00
-2.442771089024731168e+00 2.938134524546552662e+00 2.244576446049410201e+00 -1.046066600622550524e+00 2.106769296929777990e-01 1.895563267301580979e+00 -4.699038679230769233e-01 3.046832838565214807e+00
-2.442771089024731168e+00 2.938134524546552662e+00 2.244576446049410201e+00 -1.046066600622550524e+00 1.210676904536977849e+00 1.895563267301580979e+00 -4.699038679230769233e-01 3.046832838565214807e+00
-2.442771089024731168e+00 2.938134524546552662e+00 2.244576446049410201e+00 -1.046066600622550524e+00 5.730985951132558931e-01 1.895563267301580979e+00 -4.699038679230769233e-01 3.046832838565214807e+00
-2.442771089024731168e+00 2.938134524546552662e+00 2.244576446049410201e+00 -1.046066600622550524e+00 5.528502294289288077e-01 1.895563267301580979e+00 -4.699038679230769233e-01 3.046832838565214807e+00
-2.442771089024731168e+00 2.938134524546552662e+00 2.244576446049410201e+00 -1.046066600622550524e+00 4.221516628219865730e-01 1.895563267301580979e+00 -4.699038679230769233e-01 3.046832838565214807e+00
-2.442771089024731168e+00 2.938134524546552662e+00 2.244576446049410201e+00 -1.046066600622550524e+00 5.130650774042551099e-01 1.895563267301580979e+00 -4.699038679230769233e-01 3.046832838565214807e+00
-2.442771089024731168e+00 2.938134524546552662e+00 2.244576446049410201e+00 -1.046066600622550524e+00 5.500916226678482790e-01 1.895563267301580979e+00 -4.699038679230769233e-01 3.046832838565214807e+00
-2.442771089024731168e+00 2.938134524546552662e+00 2.244576446049410201e+00 -1.046066600622550524e+00 5.359487412796946071e-01 1.895563267301580979e+00 -4.699038679230769233e-01 3.046832838565214807e+00
-2.442771089024731168e+00 2.938134524546552662e+00 2.244576446049410201e+00 -1.046066600622550524e+00 5.447920412572416771e-01 1.895563267301580979e+00 -4.699038679230769233e-01 3.046832838565214807e+00
-2.442771089024731168e+00 2.938134524546552662e+00 2.244576446049410201e+00 -1.046066600622550524e+00 5.500916226678482790e-01 1.895563267301580979e+00 -4.699038679230769233e-01 3.046832838565214807e+00
-2.442771089024731168e+00 2.938134524546552662e+00 2.244576446049410201e+00 -1.046066600622550524e+00 5.500916226678482790e-01 2.895563267301580979e+00 -4.699038679230769233e-01 3.046832838565214807e+00
-2.442771089024731168e+00 2.938134524546552662e+00 2.244576446049410201e+00 -1.046066600622550524e+00 5.500916226678482790e-01 2.775292673015810063e-01 -4.699038679230769233e-01 3.046832838565214807e+00
-2.442771089024731168e+00 2.938134524546552662e+00 2.244576446049410201e+00 -1.046066600622550524e+00 5.500916226678482790e-01 1.895563267301580979e+00 -4.699038679230769233e-01 3.046832838565214807e+00
-2.442771089024731168e+00 2.938134524546552662e+00 2.244576446049410201e+00 -1.046066600622550524e+00 5.500916226678482790e-01 1.277529292457580956e+00 -4.699038679230769233e-01 3.046832838565214807e+00
-2.442771089024731168e+00 2.938134524546552662e+00 2.244576446049410201e+00 -1.046066600622550524e+00 5.500916226678482790e-01 2.277529267301581228e+00 -4.699038679230769233e-01 3.046832838565214807e+00
-2.442771089024731168e+00 2.938134524546552662e+00 2.244576446049410201e+00 -1.046066600622550524e+00 5.500916226678482790e-01 1.849054897625908467e+00 -4.699038679230769233e-01 3.046832838565214807e+00
-2.442771089024731168e+00 2.938134524546552662e+00 2.244576446049410201e+00 -1.046066600622550524e+00 5.500916226678482790e-01 1.698312863710393916e+00 -4.699038679230769233e-01 3.046832838565214807e+00
-2.442771089024731168e+00 2.938134524546552662e+00 2.244576446049410201e+00 -1.046066600622550524e+00 5.500916226678482790e-01 1.841187307924175398e+00 -4.699038679230769233e-01 3.046832838565214807e+00
-2.442771089024731168e+00 2.938134524546552662e+00 2.244576446049410201e+00 -1.046066600622550524e+00 5.500916226678482790e-01 1.786614127965614029e+00 -4.699038679230769233e-01 3.046832838565214807e+00
-2.442771089024731168e+00 2.938134524546552662e+00 2.244576446049410201e+00 -1.046066600622550524e+00 5.500916226678482790e-01 1.820342208668123574e+00 -4.699038679230769233e-01 3.046832838565214807e+00
-2.442771089024731168e+00 2.938134524546552662e+00 2.244576446049410201e+00 -1.046066600622550524e+00 5.500916226678482790e-01 1.834771868701098096e+00 -4.699038679230769233e-01 3.046832838565214807e+00
-2.442771089024731168e+00 2.938134524546552662e+00 2.244576446049410201e+00 -1.046066600622550524e+00 5.500916226678482790e-01 1.841731067527949461e+00 -4.699038679230769233e-01 3.046832838565214807e+00
-2.442771089024731168e+00 2.938134524546552662e+00 2.244576446049410201e+00 -1.046066600622550524e+00 5.500916226678482790e-01 1.838231200433912305e+00 -4.699038679230769233e-01 3.046832838565214807e+00
-2.442771089024731168e+00 2.938134524546552662e+00 2.244576446049410201e+00 -1.046066600622550524e+00 5.500916226678482790e-01 1.840058175370549609e+00 -4.699038679230769233e-01 3.046832838565214807e+00
-2.442771089024731168e+00 2.938134524546552662e+00 2.244576446049410201e+00 -1.046066600622550524e+00 5.500916226678482790e-01 1.840643548320401335e+00 -4.699038679230769233e-01 3.046832838565214807e+00
-2.442771089024731168e+00 2.938134524546552662e+00 2.244576446049410201e+00 -1.046066600622550524e+00 5.500916226678482790e-01 1.841187307924175398e+00 -4.699038679230769233e-01 3.046832838565214807e+00
-2.442771089024731168e+00 2.938134524546552662e+00 2.244576446049410201e+00 -1.046066600622550524e+00 5.500916226678482790e-01 1.841187307924175398e+00 5.300961320769230767e-01 3.046832838565214807e+00
-2.442771089024731168e+00 2.938134524546552662e+00 2.244576446049410201e+00 -1.046066600622550524e+00 5.500916226678482790e-01 1.841187307924175398e+00 -2.087937867923076674e+00 3.046832838565214807e+00
-2.442771089024731168e+00 2.938134524546552662e+00 2.244576446049410201e+00 -1.046066600622550524e+00 5.500916226678482790e-01 1.841187307924175398e+00 -4.699038679230769233e-01 3.046832838565214807e+00
-2.442771089024731168e+00 2.938134524546552662e+00 2.244576446049410201e+00 -1.046066600622550524e+00 5.500916226678482790e-01 1.841187307924175398e+00 -1.087937842767076946e+00 3.046832838565214807e+00
-2.442771089024731168e+00 2.938134524546552662e+00 2.244576446049410201e+00 -1.046066600622550524e+00 5.500916226678482790e-01 1.841187307924175398e+00 -8.793786792307689559e-02 3.046832838565214807e+00
-2.442771089024731168e+00 2.938134524546552662e+00 2.244576446049410201e+00 -1.046066600622550524e+00 5.500916226678482790e-01 1.841187307924175398e+00 -4.396867261352216949e-01 3.046832838565214807e+00
-2.442771089024731168e+00 2.938134524546552662e+00 2.244576446049410201e+00 -1.046066600622550524e+00 5.500916226678482790e-01 1.841187307924175398e+00 -7.059718331583402229e-01 3.046832838565214807e+00
-2.442771089024731168e+00 2.938134524546552662e+00 2.244576446049410201e+00 -1.046066600622550524e+00 5.500916226678482790e-01 1.841187307924175398e+00 -4.636825748978297690e-01 3.046832838565214807e+00
-2.442771089024731168e+00 2.938134524546552662e+00 2.244576446049410201e+00 -1.046066600622550524e+00 5.500916226678482790e-01 1.841187307924175398e+00 -5.600738043321294990e-01 3.046832838565214807e+00
-2.442771089024731168e+00 2.938134524546552662e+00 2.244576446049410201e+00 -1.046066600622550524e+00 5.500916226678482790e-01 1.841187307924175398e+00 -5.043457178534971330e-01 3.046832838565214807e+00
-2.442771089024731168e+00 2.938134524546552662e+00 2.244576446049410201e+00 -1.046066600622550524e+00 5.500916226678482790e-01 1.841187307924175398e+00 -4.830594835735997905e-01 3.046832838565214807e+00
-2.442771089024731168e+00 2.938134524546552662e+00 2.244576446049410201e+00 -1.046066600622550524e+00 5.500916226678482790e-01 1.841187307924175398e+00 -4.749288658106445293e-01 3.046832838565214807e+00
-2.442771089024731168e+00 2.938134524546552662e+00 2.244576446049410201e+00 -1.046066600622550524e+00 5.500916226678482790e-01 1.841187307924175398e+00 -4.675275455113953593e-01 3.046832838565214807e+00
-2.442771089024731168e+00 2.938134524546552662e+00 2.244576446049410201e+00 -1.046066600622550524e+00 5.500916226678482790e-01 1.841187307924175398e+00 -4.718232462661995918e-01 3.046832838565214807e+00
-2.442771089024731168e+00 2.938134524546552662e+00 2.244576446049410201e+00 -1.046066600622550524e+00 5.500916226678482790e-01 1.841187307924175398e+00 -4.689961935567765750e-01 3.046832838565214807e+00
-2.442771089024731168e+00 2.938134524546552662e+00 2.244576446049410201e+00 -1.046066600622550524e+00 5.500916226678482790e-01 1.841187307924175398e+00 -4.706370051912860952e-01 3.046832838565214807e+00
-2.442771089024731168e+00 2.938134524546552662e+00 2.244576446049410201e+00 -1.046066600622550524e+00 5.500916226678482790e-01 1.841187307924175398e+00 -4.697530866604194832e-01 3.046832838565214807e+00
-2.442771089024731168e+00 2.938134524546552662e+00 2.244576446049410201e+00 -1.046066600622550524e+00 5.500916226678482790e-01 1.841187307924175398e+00 -4.701839014328657029e-01 3.046832838565214807e+00
-2.442771089024731168e+00 2.938134524546552662e+00 2.244576446049410201e+00 -1.046066600622550524e+00 5.500916226678482790e-01 1.841187307924175398e+00 -4.700108312026768931e-01 3.046832838565214807e+00
-2.442771089024731168e+00 2.938134524546552662e+00 2.244576446049410201e+00 -1.046066600622550524e+00 5.500916226678482790e-01 1.841187307924175398e+00 -4.700769381462212015e-01 3.046832838565214807e+00
-2.442771089024731168e+00 2.938134524546552662e+00 2.244576446049410201e+00 -1.046066600622550524e+00 5.500916226678482790e-01 1.841187307924175398e+00 -4.699699748666212318e-01 3.046832838565214807e+00
-2.442771089024731168e+00 2.938134524546552662e+00 2.244576446049410201e+00 -1.046066600622550524e+00 5.500916226678482790e-01 1.841187307924175398e+00 -4.700360818074747482e-01 3.046832838565214807e+00
-2.442771089024731168e+00 2.938134524546552662e+00 2.244576446049410201e+00 -1.046066600622550524e+00 5.500916226678482790e-01 1.841187307924175398e+00 -4.699952254714190869e-01 3.046832838565214807e+00
-2.442771089024731168e+00 2.938134524546552662e+00 2.244576446049410201e+00 -1.046066600622550524e+00 5.500916226678482790e-01 1.841187307924175398e+00 -4.700204760751890976e-01 3.046832838565214807e+00
-2.442771089024731168e+00 2.938134524546552662e+00 2.244576446049410201e+00 -1.046066600622550524e+00 5.500916226678482790e-01 1.841187307924175398e+00 -4.700048703439312914e-01 3.046832838565214807e+00
-2.442771089024731168e+00 2.938134524546552662e+00 2.244576446049410201e+00 -1.046066600622550524e+00 5.500916226678482790e-01 1.841187307924175398e+00 -4.700145152160509210e-01 3.046832838565214807e+00
-2.442771089024731168e+00 2.938134524546552662e+00 2.244576446049410201e+00 -1.046066600622550524e+00 5.500916226678482790e-01 1.841187307924175398e+00 -4.700085543573052638e-01 3.046832838565214807e+00
-2.442771089024731168e+00 2.938134524546552662e+00 2.244576446049410201e+00 -1.046066600622550524e+00 5.500916226678482790e-01 1.841187307924175398e+00 -4.700122383705293005e-01 3.046832838565214807e+00
-2.442771089024731168e+00 2.938134524546552662e+00 2.244576446049410201e+00 -1.046066600622550524e+00 5.500916226678482790e-01 1.841187307924175398e+00 -4.700097615598808898e-01 3.046832838565214807e+00
-2.442771089024731168e+00 2.938134524546552662e+00 2.244576446049410201e+00 -1.046066600622550524e+00 5.500916226678482790e-01 1.841187307924175398e+00 -4.700108312026768931e-01 3.046832838565214807e+00
-2.442771089024731168e+00 2.938134524546552662e+00 2.244576446049410201e+00 -1.046066600622550524e+00 5.500916226678482790e-01 1.841187307924175398e+00 -4.700108312026768931e-01 4.046832838565214807e+00
-2.442771089024731168e+00 2.938134524546552662e+00 2.244576446049410201e+00 -1.046066600622550524e+00 5.500916226678482790e-01 1.841187307924175398e+00 -4.700108312026768931e-01 1.428798838565214835e+00
-2.442771089024731168e+00 2.938134524546552662e+00 2.244576446049410201e+00 -1.046066600622550524e+00 5.500916226678482790e-01 1.841187307924175398e+00 -4.700108312026768931e-01 3.046832838565214807e+00
-2.442771089024731168e+00 2.938134524546552662e+00 2.244576446049410201e+00 -1.046066600622550524e+00 5.500916226678482790e-01 1.841187307924175398e+00 -4.700108312026768931e-01 2.428798863721215007e+00
-2.442771089024731168e+00 2.938134524546552662e+00 2.244576446049410201e+00 -1.046066600622550524e+00 5.500916226678482790e-01 1.841187307924175398e+00 -4.700108312026768931e-01 3.428798838565215057e+00
-2.442771089024731168e+00 2.938134524546552662e+00 2.244576446049410201e+00 -1.046066600622550524e+00 5.500916226678482790e-01 1.841187307924175398e+00 -4.700108312026768931e-01 3.415625574718128110e+00
-2.442771089024731168e+00 2.938134524546552662e+00 2.244576446049410201e+00 -1.046066600622550524e+00 5.500916226678482790e-01 1.841187307924175398e+00 -4.700108312026768931e-01 3.258713248976667920e+00
-2.442771089024731168e+00 2.938134524546552662e+00 2.244576446049410201e+00 -1.046066600622550524e+00 5.500916226678482790e-01 1.841187307924175398e+00 -4.700108312026768931e-01 3.355690401303965675e+00
-2.442771089024731168e+00 2.938134524546552662e+00 2.244576446049410201e+00 -1.046066600622550524e+00 5.500916226678482790e-01 1.841187307924175398e+00 -4.700108312026768931e-01 3.392732376269814054e+00
-2.442771089024731168e+00 2.938134524546552662e+00 2.244576446049410201e+00 -1.046066600622550524e+00 5.500916226678482790e-01 1.841187307924175398e+00 -4.700108312026768931e-01 3.406881151279619324e+00
-2.442771089024731168e+00 2.938134524546552662e+00 2.244576446049410201e+00 -1.046066600622550524e+00 5.500916226678482790e-01 1.841187307924175398e+00 -4.700108312026768931e-01 3.403280668142475207e+00
-2.442771089024731168e+00 2.938134524546552662e+00 2.244576446049410201e+00 -1.046066600622550524e+00 5.500916226678482790e-01 1.841187307924175398e+00 -4.700108312026768931e-01 3.410481634416763441e+00
-3.646695594770053894e+00 3.938134524546552662e+00 2.489011188177141953e+00 -1.276194163790174141e+00 2.714723407987187365e-01 1.786811348546769818e+00 -4.701177944822768628e-01 3.774130430268312075e+00
-2.442771089024731168e+00 2.938134524546552662e+00 2.244576446049410201e+00 -1.046066600622550524e+00 5.500916226678482790e-01 1.841187307924175398e+00 -4.700108312026768931e-01 3.410481634416763441e+00
-1.442771089024731168e+00 2.938134524546552662e+00 2.244576446049410201e+00 -1.046066600622550524e+00 5.500916226678482790e-01 1.841187307924175398e+00 -4.700108312026768931e-01 3.410481634416763441e+00
-4.060805089024730918e+00 2.938134524546552662e+00 2.244576446049410201e+00 -1.046066600622550524e+00 5.500916226678482790e-01 1.841187307924175398e+00 -4.700108312026768931e-01 3.410481634416763441e+00
-2.442771089024731168e+00 2.938134524546552662e+00 2.244576446049410201e+00 -1.046066600622550524e+00 5.500916226678482790e-01 1.841187307924175398e+00 -4.700108312026768931e-01 3.410481634416763441e+00
-3.060805063868730969e+00 2.938134524546552662e+00 2.244576446049410201e+00 -1.046066600622550524e+00 5.500916226678482790e-01 1.841187307924175398e+00 -4.700108312026768931e-01 3.410481634416763441e+00
-2.060805089024730918e+00 2.938134524546552662e+00 2.244576446049410201e+00 -1.046066600622550524e+00 5.500916226678482790e-01 1.841187307924175398e+00 -4.700108312026768931e-01 3.410481634416763441e+00
-2.472234653710320806e+00 2.938134524546552662e+00 2.244576446049410201e+00 -1.046066600622550524e+00 5.500916226678482790e-01 1.841187307924175398e+00 -4.700108312026768931e-01 3.410481634416763441e+00
-2.273262446180590590e+00 2.938134524546552662e+00 2.244576446049410201e+00 -1.046066600622550524e+00 5.500916226678482790e-01 1.841187307924175398e+00 -4.700108312026768931e-01 3.410481634416763441e+00
-2.378024550752126043e+00 2.938134524546552662e+00 2.244576446049410201e+00 -1.046066600622550524e+00 5.500916226678482790e-01 1.841187307924175398e+00 -4.700108312026768931e-01 3.410481634416763441e+00
-2.418040112786897122e+00 2.938134524546552662e+00 2.244576446049410201e+00 -1.046066600622550524e+00 5.500916226678482790e-01 1.841187307924175398e+00 -4.700108312026768931e-01 3.410481634416763441e+00
-2.454025168973426929e+00 2.938134524546552662e+00 2.244576446049410201e+00 -1.046066600622550524e+00 5.500916226678482790e-01 1.841187307924175398e+00 -4.700108312026768931e-01 3.410481634416763441e+00
-2.433324696955070809e+00 2.938134524546552662e+00 2.244576446049410201e+00 -1.046066600622550524e+00 5.500916226678482790e-01 1.841187307924175398e+00 -4.700108312026768931e-01 3.410481634416763441e+00
-2.447069764926414592e+00 2.938134524546552662e+00 2.244576446049410201e+00 -1.046066600622550524e+00 5.500916226678482790e-01 1.841187307924175398e+00 -4.700108312026768931e-01 3.410481634416763441e+00
-2.439061468338131089e+00 2.938134524546552662e+00 2.244576446049410201e+00 -1.046066600622550524e+00 5.500916226678482790e-01 1.841187307924175398e+00 -4.700108312026768931e-01 3.410481634416763441e+00
-2.444413037064193439e+00 2.938134524546552662e+00 2.244576446049410201e+00 -1.046066600622550524e+00 5.500916226678482790e-01 1.841187307924175398e+00 -4.700108312026768931e-01 3.410481634416763441e+00
-2.441354140049553312e+00 2.938134524546552662e+00 2.244576446049410201e+00 -1.046066600622550524e+00 5.500916226678482790e-01 1.841187307924175398e+00 -4.700108312026768931e-01 3.410481634416763441e+00
-2.443398257349572500e+00 2.938134524546552662e+00 2.244576446049410201e+00 -1.046066600622550524e+00 5.500916226678482790e-01 1.841187307924175398e+00 -4.700108312026768931e-01 3.410481634416763441e+00
-2.442229862692478548e+00 2.938134524546552662e+00 2.244576446049410201e+00 -1.046066600622550524e+00 5.500916226678482790e-01 1.841187307924175398e+00 -4.700108312026768931e-01 3.410481634416763441e+00
-2.443010646001097630e+00 2.938134524546552662e+00 2.244576446049410201e+00 -1.046066600622550524e+00 5.500916226678482790e-01 1.841187307924175398e+00 -4.700108312026768931e-01 3.410481634416763441e+00
-2.442564358967505900e+00 2.938134524546552662e+00 2.244576446049410201e+00 -1.046066600622550524e+00 5.500916226678482790e-01 1.841187307924175398e+00 -4.700108312026768931e-01 3.410481634416763441e+00
-2.442862591644765935e+00 2.938134524546552662e+00 2.244576446049410201e+00 -1.046066600622550524e+00 5.500916226678482790e-01 1.841187307924175398e+00 -4.700108312026768931e-01 3.410481634416763441e+00
-2.442919143375036573e+00 2.938134524546552662e+00 2.244576446049410201e+00 -1.046066600622550524e+00 5.500916226678482790e-01 1.841187307924175398e+00 -4.700108312026768931e-01 3.410481634416763441e+00
-2.442865963974637733e+00 2.938134524546552662e+00 2.244576446049410201e+00 -1.046066600622550524e+00 5.500916226678482790e-01 1.841187307924175398e+00 -4.700108312026768931e-01 3.410481634416763441e+00
-2.442861676608565347e+00 2.938134524546552662e+00 2.244576446049410201e+00 -1.046066600622550524e+00 5.500916226678482790e-01 1.841187307924175398e+00 -4.700108312026768931e-01 3.410481634416763441e+00
-2.442863879760117651e+00 2.938134524546552662e+00 2.244576446049410201e+00 -1.046066600622550524e+00 5.500916226678482790e-01 1.841187307924175398e+00 -4.700108312026768931e-01 3.410481634416763441e+00
-2.442862591644765935e+00 2.938134524546552662e+00 2.244576446049410201e+00 -1.046066600622550524e+00 5.500916226678482790e-01 1.841187307924175398e+00 -4.700108312026768931e-01 3.410481634416763441e+00
-2.442862591644765935e+00 3.938134524546552662e+00 2.244576446049410201e+00 -1.046066600622550524e+00 5.500916226678482790e-01 1.841187307924175398e+00 -4.700108312026768931e-01 3.410481634416763441e+00
-2.442862591644765935e+00 1.320100524546552689e+00 2.244576446049410201e+00 -1.046066600622550524e+00 5.500916226678482790e-01 1.841187307924175398e+00 -4.700108312026768931e-01 3.410481634416763441e+00
-2.442862591644765935e+00 2.938134524546552662e+00 2.244576446049410201e+00 -1.046066600622550524e+00 5.500916226678482790e-01 1.841187307924175398e+00 -4.700108312026768931e-01 3.410481634416763441e+00
-2.442862591644765935e+00 2.320100549702552861e+00 2.244576446049410201e+00 -1.046066600622550524e+00 5.500916226678482790e-01 1.841187307924175398e+00 -4.700108312026768931e-01 3.410481634416763441e+00
-2.442862591644765935e+00 3.320100524546552911e+00 2.244576446049410201e+00 -1.046066600622550524e+00 5.500916226678482790e-01 1.841187307924175398e+00 -4.700108312026768931e-01 3.410481634416763441e+00
-2.442862591644765935e+00 2.844934702349428690e+00 2.244576446049410201e+00 -1.046066600622550524e+00 5.500916226678482790e-01 1.841187307924175398e+00 -4.700108312026768931e-01 3.410481634416763441e+00
-2.442862591644765935e+00 2.644465900399511682e+00 2.244576446049410201e+00 -1.046066600622550524e+00 5.500916226678482790e-01 1.841187307924175398e+00 -4.700108312026768931e-01 3.410481634416763441e+00
-2.442862591644765935e+00 2.768094975336401919e+00 2.244576446049410201e+00 -1.046066600622550524e+00 5.500916226678482790e-01 1.841187307924175398e+00 -4.700108312026768931e-01 3.410481634416763441e+00
-2.442862591644765935e+00 2.800692997183529709e+00 2.244576446049410201e+00 -1.046066600622550524e+00 5.500916226678482790e-01 1.841187307924175398e+00 -4.700108312026768931e-01 3.410481634416763441e+00
-2.442862591644765935e+00 2.720872872099057815e+00 2.244576446049410201e+00 -1.046066600622550524e+00 5.500916226678482790e-01 1.841187307924175398e+00 -4.700108312026768931e-01 3.410481634416763441e+00
-2.442862591644765935e+00 2.750057737451246709e+00 2.244576446049410201e+00 -1.046066600622550524e+00 5.500916226678482790e-01 1.841187307924175398e+00 -4.700108312026768931e-01 3.410481634416763441e+00
-2.442862591644765935e+00 2.780546311349262112e+00 2.244576446049410201e+00 -1.046066600622550524e+00 5.500916226678482790e-01 1.841187307924175398e+00 -4.700108312026768931e-01 3.410481634416763441e+00
-2.442862591644765935e+00 2.761205363730360851e+00 2.244576446049410201e+00 -1.046066600622550524e+00 5.500916226678482790e-01 1.841187307924175398e+00 -4.700108312026768931e-01 3.410481634416763441e+00
-2.442862591644765935e+00 2.772850962347890302e+00 2.244576446049410201e+00 -1.046066600622550524e+00 5.500916226678482790e-01 1.841187307924175398e+00 -4.700108312026768931e-01 3.410481634416763441e+00
-2.442862591644765935e+00 2.765463377949688883e+00 2.244576446049410201e+00 -1.046066600622550524e+00 5.500916226678482790e-01 1.841187307924175398e+00 -4.700108312026768931e-01 3.410481634416763441e+00
-2.442862591644765935e+00 2.769911600671232321e+00 2.244576446049410201e+00 -1.046066600622550524e+00 5.500916226678482790e-01 1.841187307924175398e+00 -4.700108312026768931e-01 3.410481634416763441e+00
-2.442862591644765935e+00 2.768094975336401919e+00 2.244576446049410201e+00 -1.046066600622550524e+00 5.500916226678482790e-01 1.841187307924175398e+00 -4.700108312026768931e-01 3.410481634416763441e+00
-2.442862591644765935e+00 2.768094975336401919e+00 3.244576446049410201e+00 -1.046066600622550524e+00 5.500916226678482790e-01 1.841187307924175398e+00 -4.700108312026768931e-01 3.410481634416763441e+00
-2.442862591644765935e+00 2.768094975336401919e+00 6.265424460494102288e-01 -1.046066600622550524e+00 5.500916226678482790e-01 1.841187307924175398e+00 -4.700108312026768931e-01 3.410481634416763441e+00
-2.442862591644765935e+00 2.768094975336401919e+00 2.244576446049410201e+00 -1.046066600622550524e+00 5.500916226678482790e-01 1.841187307924175398e+00 -4.700108312026768931e-01 3.410481634416763441e+00
-2.442862591644765935e+00 2.768094975336401919e+00 1.626542471205410179e+00 -1.046066600622550524e+00 5.500916226678482790e-01 1.841187307924175398e+00 -4.700108312026768931e-01 3.410481634416763441e+00
-2.442862591644765935e+00 2.768094975336401919e+00 2.626542446049410451e+00 -1.046066600622550524e+00 5.500916226678482790e-01 1.841187307924175398e+00 -4.700108312026768931e-01 3.410481634416763441e+00
-2.442862591644765935e+00 2.768094975336401919e+00 2.128363246879548143e+00 -1.046066600622550524e+00 5.500916226678482790e-01 1.841187307924175398e+00 -4.700108312026768931e-01 3.410481634416763441e+00
-2.442862591644765935e+00 2.768094975336401919e+00 2.229196453806428835e+00 -1.046066600622550524e+00 5.500916226678482790e-01 1.841187307924175398e+00 -4.700108312026768931e-01 3.410481634416763441e+00
-2.442862591644765935e+00 2.768094975336401919e+00 2.189360469048375890e+00 -1.046066600622550524e+00 5.500916226678482790e-01 1.841187307924175398e+00 -4.700108312026768931e-01 3.410481634416763441e+00
-2.442862591644765935e+00 2.768094975336401919e+00 2.213980462052334452e+00 -1.046066600622550524e+00 5.500916226678482790e-01 1.841187307924175398e+00 -4.700108312026768931e-01 3.410481634416763441e+00
-2.442862591644765935e+00 2.768094975336401919e+00 2.235071087923511168e+00 -1.046066600622550524e+00 5.500916226678482790e-01 1.841187307924175398e+00 -4.700108312026768931e-01 3.410481634416763441e+00
-2.442862591644765935e+00 2.768094975336401919e+00 2.223384462300084241e+00 -1.046066600622550524e+00 5.500916226678482790e-01 1.841187307924175398e+00 -4.700108312026768931e-01 3.410481634416763441e+00
-2.442862591644765935e+00 2.768094975336401919e+00 2.231440364301594315e+00 -1.046066600622550524e+00 5.500916226678482790e-01 1.841187307924175398e+00 -4.700108312026768931e-01 3.410481634416763441e+00
-2.442862591644765935e+00 2.768094975336401919e+00 2.226976470658716512e+00 -1.046066600622550524e+00 5.500916226678482790e-01 1.841187307924175398e+00 -4.700108312026768931e-01 3.410481634416763441e+00
-2.442862591644765935e+00 2.768094975336401919e+00 2.230053551322625172e+00 -1.046066600622550524e+00 5.500916226678482790e-01 1.841187307924175398e+00 -4.700108312026768931e-01 3.410481634416763441e+00
-2.442862591644765935e+00 2.768094975336401919e+00 2.228526567562112870e+00 -1.046066600622550524e+00 5.500916226678482790e-01 1.841187307924175398e+00 -4.700108312026768931e-01 3.410481634416763441e+00
-2.442862591644765935e+00 2.768094975336401919e+00 2.229523835916300101e+00 -1.046066600622550524e+00 5.500916226678482790e-01 1.841187307924175398e+00 -4.700108312026768931e-01 3.410481634416763441e+00
-2.442862591644765935e+00 2.768094975336401919e+00 2.229674362027631140e+00 -1.046066600622550524e+00 5.500916226678482790e-01 1.841187307924175398e+00 -4.700108312026768931e-01 3.410481634416763441e+00
-2.442862591644765935e+00 2.768094975336401919e+00 2.229373309804969061e+00 -1.046066600622550524e+00 5.500916226678482790e-01 1.841187307924175398e+00 -4.700108312026768931e-01 3.410481634416763441e+00
-2.442862591644765935e+00 2.768094975336401919e+00 2.229523835916300101e+00 -1.046066600622550524e+00 5.500916226678482790e-01 1.841187307924175398e+00 -4.700108312026768931e-01 3.410481634416763441e+00
-2.442862591644765935e+00 2.768094975336401919e+00 2.229523835916300101e+00 -4.606660062255052424e-02 5.500916226678482790e-01 1.841187307924175398e+00 -4.700108312026768931e-01 3.410481634416763441e+00
-2.442862591644765935e+00 2.768094975336401919e+00 2.229523835916300101e+00 -2.664100600622550274e+00 5.500916226678482790e-01 1.841187307924175398e+00 -4.700108312026768931e-01 3.410481634416763441e+00
-2.442862591644765935e+00 2.768094975336401919e+00 2.229523835916300101e+00 -1.046066600622550524e+00 5.500916226678482790e-01 1.841187307924175398e+00 -4.700108312026768931e-01 3.410481634416763441e+00
-2.442862591644765935e+00 2.768094975336401919e+00 2.229523835916300101e+00 -1.664100575466550547e+00 5.500916226678482790e-01 1.841187307924175398e+00 -4.700108312026768931e-01 3.410481634416763441e+00
-2.442862591644765935e+00 2.768094975336401919e+00 2.229523835916300101e+00 -6.641006006225504965e-01 5.500916226678482790e-01 1.841187307924175398e+00 -4.700108312026768931e-01 3.410481634416763441e+00
-2.442862591644765935e+00 2.768094975336401919e+00 2.229523835916300101e+00 -1.011643988056888821e+00 5.500916226678482790e-01 1.841187307924175398e+00 -4.700108312026768931e-01 3.410481634416763441e+00
-2.442862591644765935e+00 2.768094975336401919e+00 2.229523835916300101e+00 -1.282134565857813824e+00 5.500916226678482790e-01 1.841187307924175398e+00 -4.700108312026768931e-01 3.410481634416763441e+00
-2.442862591644765935e+00 2.768094975336401919e+00 2.229523835916300101e+00 -1.249436580763534588e+00 5.500916226678482790e-01 1.841187307924175398e+00 -4.700108312026768931e-01 3.410481634416763441e+00
-2.442862591644765935e+00 2.768094975336401919e+00 2.229523835916300101e+00 -1.183932581715281485e+00 5.500916226678482790e-01 1.841187307924175398e+00 -4.700108312026768931e-01 3.410481634416763441e+00
-2.442862591644765935e+00 2.768094975336401919e+00 2.229523835916300101e+00 -1.131272464381215537e+00 5.500916226678482790e-01 1.841187307924175398e+00 -4.700108312026768931e-01 3.410481634416763441e+00
-2.442862591644765935e+00 2.768094975336401919e+00 2.229523835916300101e+00 -1.181042979660775316e+00 5.500916226678482790e-01 1.841187307924175398e+00 -4.700108312026768931e-01 3.410481634416763441e+00
-2.442862591644765935e+00 2.768094975336401919e+00 2.229523835916300101e+00 -1.185311241536208815e+00 5.500916226678482790e-01 1.841187307924175398e+00 -4.700108312026768931e-01 3.410481634416763441e+00
-2.442862591644765935e+00 2.768094975336401919e+00 2.229523835916300101e+00 -1.182553921894354154e+00 5.500916226678482790e-01 1.841187307924175398e+00 -4.700108312026768931e-01 3.410481634416763441e+00
-2.442862591644765935e+00 2.768094975336401919e+00 2.229523835916300101e+00 -1.183932581715281485e+00 5.500916226678482790e-01 1.841187307924175398e+00 -4.700108312026768931e-01 3.410481634416763441e+00
-2.442862591644765935e+00 2.768094975336401919e+00 2.229523835916300101e+00 -1.183932581715281485e+00 1.550091622667848279e+00 1.841187307924175398e+00 -4.700108312026768931e-01 3.410481634416763441e+00
-2.442862591644765935e+00 2.768094975336401919e+00 2.229523835916300101e+00 -1.183932581715281485e+00 -1.067942377332151693e+00 1.841187307924175398e+00 -4.700108312026768931e-01 3.410481634416763441e+00
-2.442862591644765935e+00 2.768094975336401919e+00 2.229523835916300101e+00 -1.183932581715281485e+00 5.500916226678482790e-01 1.841187307924175398e+00 -4.700108312026768931e-01 3.410481634416763441e+00
-2.442862591644765935e+00 2.768094975336401919e+00 2.229523835916300101e+00 -1.183932581715281485e+00 -6.794235217615174349e-02 1.841187307924175398e+00 -4.700108312026768931e-01 3.410481634416763441e+00
-2.442862591644765935e+00 2.768094975336401919e+00 2.229523835916300101e+00 -1.183932581715281485e+00 9.320576226678483067e-01 1.841187307924175398e+00 -4.700108312026768931e-01 3.410481634416763441e+00
-2.442862591644765935e+00 2.768094975336401919e+00 2.229523835916300101e+00 -1.183932581715281485e+00 4.995944489435835134e-01 1.841187307924175398e+00 -4.700108312026768931e-01 3.410481634416763441e+00
-2.442862591644765935e+00 2.768094975336401919e+00 2.229523835916300101e+00 -1.183932581715281485e+00 2.828146871670826901e-01 1.841187307924175398e+00 -4.700108312026768931e-01 3.410481634416763441e+00
-2.442862591644765935e+00 2.768094975336401919e+00 2.229523835916300101e+00 -1.183932581715281485e+00 4.108389778812462367e-01 1.841187307924175398e+00 -4.700108312026768931e-01 3.410481634416763441e+00
-2.442862591644765935e+00 2.768094975336401919e+00 2.229523835916300101e+00 -1.183932581715281485e+00 4.656928766837867828e-01 1.841187307924175398e+00 -4.700108312026768931e-01 3.410481634416763441e+00
-2.442862591644765935e+00 2.768094975336401919e+00 2.229523835916300101e+00 -1.183932581715281485e+00 5.188826524023461007e-01 1.841187307924175398e+00 -4.700108312026768931e-01 3.410481634416763441e+00
-2.442862591644765935e+00 2.768094975336401919e+00 2.229523835916300101e+00 -1.183932581715281485e+00 4.866452009937980439e-01 1.841187307924175398e+00 -4.700108312026768931e-01 3.410481634416763441e+00
-2.442862591644765935e+00 2.768094975336401919e+00 2.229523835916300101e+00 -1.183932581715281485e+00 5.069618868659132582e-01 1.841187307924175398e+00 -4.700108312026768931e-01 3.410481634416763441e+00
-2.442862591644765935e+00 2.768094975336401919e+00 2.229523835916300101e+00 -1.183932581715281485e+00 4.946482765011957494e-01 1.841187307924175398e+00 -4.700108312026768931e-01 3.410481634416763441e+00
-2.442862591644765935e+00 2.768094975336401919e+00 2.229523835916300101e+00 -1.183932581715281485e+00 5.024085597370241407e-01 1.841187307924175398e+00 -4.700108312026768931e-01 3.410481634416763441e+00
-2.442862591644765935e+00 2.768094975336401919e+00 2.229523835916300101e+00 -1.183932581715281485e+00 4.977051792404544317e-01 1.841187307924175398e+00 -4.700108312026768931e-01 3.410481634416763441e+00
-2.442862591644765935e+00 2.768094975336401919e+00 2.229523835916300101e+00 -1.183932581715281485e+00 5.006693435869108422e-01 1.841187307924175398e+00 -4.700108312026768931e-01 3.410481634416763441e+00
-2.442862591644765935e+00 2.768094975336401919e+00 2.229523835916300101e+00 -1.183932581715281485e+00 4.988728121521581182e-01 1.841187307924175398e+00 -4.700108312026768931e-01 3.410481634416763441e+00
-2.442862591644765935e+00 2.768094975336401919e+00 2.229523835916300101e+00 -1.183932581715281485e+00 5.000994206908262463e-01 1.841187307924175398e+00 -4.700108312026768931e-01 3.410481634416763441e+00
-2.442862591644765935e+00 2.768094975336401919e+00 2.229523835916300101e+00 -1.183932581715281485e+00 4.995944489435835134e-01 1.841187307924175398e+00 -4.700108312026768931e-01 3.410481634416763441e+00
-2.442862591644765935e+00 2.768094975336401919e+00 2.229523835916300101e+00 -1.183932581715281485e+00 4.995944489435835134e-01 2.841187307924175620e+00 -4.700108312026768931e-01 3.410481634416763441e+00
-2.442862591644765935e+00 2.768094975336401919e+00 2.229523835916300101e+00 -1.183932581715281485e+00 4.995944489435835134e-01 2.231533079241754258e-01 -4.700108312026768931e-01 3.410481634416763441e+00
-2.442862591644765935e+00 2.768094975336401919e+00 2.229523835916300101e+00 -1.183932581715281485e+00 4.995944489435835134e-01 1.841187307924175398e+00 -4.700108312026768931e-01 3.410481634416763441e+00
-2.442862591644765935e+00 2.768094975336401919e+00 2.229523835916300101e+00 -1.183932581715281485e+00 4.995944489435835134e-01 1.223153333080175376e+00 -4.700108312026768931e-01 3.410481634416763441e+00
-2.442862591644765935e+00 2.768094975336401919e+00 2.229523835916300101e+00 -1.183932581715281485e+00 4.995944489435835134e-01 8.411873234714386527e-01 -4.700108312026768931e-01 3.410481634416763441e+00
-2.442862591644765935e+00 2.768094975336401919e+00 2.229523835916300101e+00 -1.183932581715281485e+00 4.995944489435835134e-01 1.436612365703740624e+00 -4.700108312026768931e-01 3.410481634416763441e+00
-2.442862591644765935e+00 2.768094975336401919e+00 2.229523835916300101e+00 -1.183932581715281485e+00 4.995944489435835134e-01 1.458505597392752318e+00 -4.700108312026768931e-01 3.410481634416763441e+00
-2.442862591644765935e+00 2.768094975336401919e+00 2.229523835916300101e+00 -1.183932581715281485e+00 4.995944489435835134e-01 1.604676999637597801e+00 -4.700108312026768931e-01 3.410481634416763441e+00
-2.442862591644765935e+00 2.768094975336401919e+00 2.229523835916300101e+00 -1.183932581715281485e+00 4.995944489435835134e-01 1.630875329548532759e+00 -4.700108312026768931e-01 3.410481634416763441e+00
-2.442862591644765935e+00 2.768094975336401919e+00 2.229523835916300101e+00 -1.183932581715281485e+00 4.995944489435835134e-01 1.711207354680763348e+00 -4.700108312026768931e-01 3.410481634416763441e+00
-2.442862591644765935e+00 2.768094975336401919e+00 2.229523835916300101e+00 -1.183932581715281485e+00 4.995944489435835134e-01 1.760855277501336635e+00 -4.700108312026768931e-01 3.410481634416763441e+00
-2.442862591644765935e+00 2.768094975336401919e+00 2.229523835916300101e+00 -1.183932581715281485e+00 4.995944489435835134e-01 1.712507154223197547e+00 -4.700108312026768931e-01 3.410481634416763441e+00
-2.442862591644765935e+00 2.768094975336401919e+00 2.229523835916300101e+00 -1.183932581715281485e+00 4.995944489435835134e-01 1.734610866608031321e+00 -4.700108312026768931e-01 3.410481634416763441e+00
-2.442862591644765935e+00 2.768094975336401919e+00 2.229523835916300101e+00 -1.183932581715281485e+00 4.995944489435835134e-01 1.720950020827983096e+00 -4.700108312026768931e-01 3.410481634416763441e+00
-2.442862591644765935e+00 2.768094975336401919e+00 2.229523835916300101e+00 -1.183932581715281485e+00 4.995944489435835134e-01 1.715713948148634982e+00 -4.700108312026768931e-01 3.410481634416763441e+00
-2.442862591644765935e+00 2.768094975336401919e+00 2.229523835916300101e+00 -1.183932581715281485e+00 4.995944489435835134e-01 1.713793955770207322e+00 -4.700108312026768931e-01 3.410481634416763441e+00
-2.442862591644765935e+00 2.768094975336401919e+00 2.229523835916300101e+00 -1.183932581715281485e+00 4.995944489435835134e-01 1.712507154223197547e+00 -4.700108312026768931e-01 3.410481634416763441e+00
-2.442862591644765935e+00 2.768094975336401919e+00 2.229523835916300101e+00 -1.183932581715281485e+00 4.995944489435835134e-01 1.712507154223197547e+00 5.299891687973230514e-01 3.410481634416763441e+00
-2.442862591644765935e+00 2.768094975336401919e+00 2.229523835916300101e+00 -1.183932581715281485e+00 4.995944489435835134e-01 1.712507154223197547e+00 -2.088044831202676921e+00 3.410481634416763441e+00
-2.442862591644765935e+00 2.768094975336401919e+00 2.229523835916300101e+00 -1.183932581715281485e+00 4.995944489435835134e-01 1.712507154223197547e+00 -4.700108312026768931e-01 3.410481634416763441e+00
-2.442862591644765935e+00 2.768094975336401919e+00 2.229523835916300101e+00 -1.183932581715281485e+00 4.995944489435835134e-01 1.712507154223197547e+00 -1.088044806046676971e+00 3.410481634416763441e+00
-2.442862591644765935e+00 2.768094975336401919e+00 2.229523835916300101e+00 -1.183932581715281485e+00 4.995944489435835134e-01 1.712507154223197547e+00 -8.804483120267686536e-02 3.410481634416763441e+00
-2.442862591644765935e+00 2.768094975336401919e+00 2.229523835916300101e+00 -1.183932581715281485e+00 4.995944489435835134e-01 1.712507154223197547e+00 -4.483749697147034197e-01 3.410481634416763441e+00
-2.442862591644765935e+00 2.768094975336401919e+00 2.229523835916300101e+00 -1.183932581715281485e+00 4.995944489435835134e-01 1.712507154223197547e+00 -2.991742944553554273e-01 3.410481634416763441e+00
-2.442862591644765935e+00 2.768094975336401919e+00 2.229523835916300101e+00 -1.183932581715281485e+00 4.995944489435835134e-01 1.712507154223197547e+00 -3.913853845885912897e-01 3.410481634416763441e+00
-2.442862591644765935e+00 2.768094975336401919e+00 2.229523835916300101e+00 -1.183932581715281485e+00 4.995944489435835134e-01 1.712507154223197547e+00 -4.405767800004016799e-01 3.410481634416763441e+00
-2.442862591644765935e+00 2.768094975336401919e+00 2.229523835916300101e+00 -1.183932581715281485e+00 4.995944489435835134e-01 1.712507154223197547e+00 -4.485913283395831508e-01 3.410481634416763441e+00
-2.442862591644765935e+00 2.768094975336401919e+00 2.229523835916300101e+00 -1.183932581715281485e+00 4.995944489435835134e-01 1.712507154223197547e+00 -4.453963263822904306e-01 3.410481634416763441e+00
-2.442862591644765935e+00 2.768094975336401919e+00 2.229523835916300101e+00 -1.183932581715281485e+00 4.995944489435835134e-01 1.712507154223197547e+00 -4.472372292355949464e-01 3.410481634416763441e+00
-2.442862591644765935e+00 2.768094975336401919e+00 2.229523835916300101e+00 -1.183932581715281485e+00 4.995944489435835134e-01 1.712507154223197547e+00 -4.479403915348602605e-01 3.410481634416763441e+00
-2.442862591644765935e+00 2.768094975336401919e+00 2.229523835916300101e+00 -1.183932581715281485e+00 4.995944489435835134e-01 1.712507154223197547e+00 -4.481586110898236885e-01 3.410481634416763441e+00
-2.442862591644765935e+00 2.768094975336401919e+00 2.229523835916300101e+00 -1.183932581715281485e+00 4.995944489435835134e-01 1.712507154223197547e+00 -4.483749697147034197e-01 3.410481634416763441e+00
-2.442862591644765935e+00 2.768094975336401919e+00 2.229523835916300101e+00 -1.183932581715281485e+00 4.995944489435835134e-01 1.712507154223197547e+00 -4.483749697147034197e-01 4.410481634416763441e+00
-2.442862591644765935e+00 2.768094975336401919e+00 2.229523835916300101e+00 -1.183932581715281485e+00 4.995944489435835134e-01 1.712507154223197547e+00 -4.483749697147034197e-01 1.792447634416763469e+00
-2.442862591644765935e+00 2.768094975336401919e+00 2.229523835916300101e+00 -1.183932581715281485e+00 4.995944489435835134e-01 1.712507154223197547e+00 -4.483749697147034197e-01 3.410481634416763441e+00
-2.442862591644765935e+00 2.768094975336401919e+00 2.229523835916300101e+00 -1.183932581715281485e+00 4.995944489435835134e-01 1.712507154223197547e+00 -4.483749697147034197e-01 2.792447659572763641e+00
-2.442862591644765935e+00 2.768094975336401919e+00 2.229523835916300101e+00 -1.183932581715281485e+00 4.995944489435835134e-01 1.712507154223197547e+00 -4.483749697147034197e-01 3.792447634416763691e+00
-2.442862591644765935e+00 2.768094975336401919e+00 2.229523835916300101e+00 -1.183932581715281485e+00 4.995944489435835134e-01 1.712507154223197547e+00 -4.483749697147034197e-01 3.395771061788721124e+00
-2.442862591644765935e+00 2.768094975336401919e+00 2.229523835916300101e+00 -1.183932581715281485e+00 4.995944489435835134e-01 1.712507154223197547e+00 -4.483749697147034197e-01 3.595050880607053578e+00
-2.442862591644765935e+00 2.768094975336401919e+00 2.229523835916300101e+00 -1.183932581715281485e+00 4.995944489435835134e-01 1.712507154223197547e+00 -4.483749697147034197e-01 3.480980811107083905e+00
-2.442862591644765935e+00 2.768094975336401919e+00 2.229523835916300101e+00 -1.183932581715281485e+00 4.995944489435835134e-01 1.712507154223197547e+00 -4.483749697147034197e-01 3.437409922940458440e+00
-2.442862591644765935e+00 2.768094975336401919e+00 2.229523835916300101e+00 -1.183932581715281485e+00 4.995944489435835134e-01 1.712507154223197547e+00 -4.483749697147034197e-01 3.454052520809911542e+00
-2.442862591644765935e+00 2.768094975336401919e+00 2.229523835916300101e+00 -1.183932581715281485e+00 4.995944489435835134e-01 1.712507154223197547e+00 -4.483749697147034197e-01 3.428950581111438911e+00
-2.442862591644765935e+00 2.768094975336401919e+00 2.229523835916300101e+00 -1.183932581715281485e+00 4.995944489435835134e-01 1.712507154223197547e+00 -4.483749697147034197e-01 3.443766829478261737e+00
-2.442862591644765935e+00 2.768094975336401919e+00 2.229523835916300101e+00 -1.183932581715281485e+00 4.995944489435835134e-01 1.712507154223197547e+00 -4.483749697147034197e-01 3.434178741979394989e+00
-2.442862591644765935e+00 2.768094975336401919e+00 2.229523835916300101e+00 -1.183932581715281485e+00 4.995944489435835134e-01 1.712507154223197547e+00 -4.483749697147034197e-01 3.439838045103076780e+00
-2.442862591644765935e+00 2.768094975336401919e+00 2.229523835916300101e+00 -1.183932581715281485e+00 4.995944489435835134e-01 1.712507154223197547e+00 -4.483749697147034197e-01 3.436175721673484951e+00
-2.442862591644765935e+00 2.768094975336401919e+00 2.229523835916300101e+00 -1.183932581715281485e+00 4.995944489435835134e-01 1.712507154223197547e+00 -4.483749697147034197e-01 3.438337383050424911e+00
-2.442862591644765935e+00 2.768094975336401919e+00 2.229523835916300101e+00 -1.183932581715281485e+00 4.995944489435835134e-01 1.712507154223197547e+00 -4.483749697147034197e-01 3.436938500019317555e+00
-2.442862591644765935e+00 2.768094975336401919e+00 2.229523835916300101e+00 -1.183932581715281485e+00 4.995944489435835134e-01 1.712507154223197547e+00 -4.483749697147034197e-01 3.437764181168821764e+00
-2.442954094264800702e+00 2.598055426126251177e+00 2.214471225783190000e+00 -1.321798562808012445e+00 4.490972752193187478e-01 1.583827000522219697e+00 -4.267391082267299462e-01 3.464338211464153439e+00
-2.442862591644765935e+00 2.768094975336401919e+00 2.229523835916300101e+00 -1.183932581715281485e+00 4.995944489435835134e-01 1.712507154223197547e+00 -4.483749697147034197e-01 3.437409922940458440e+00
-1.442862591644765935e+00 2.768094975336401919e+00 2.229523835916300101e+00 -1.183932581715281485e+00 4.995944489435835134e-01 1.712507154223197547e+00 -4.483749697147034197e-01 3.437409922940458440e+00
-4.060896591644765685e+00 2.768094975336401919e+00 2.229523835916300101e+00 -1.183932581715281485e+00 4.995944489435835134e-01 1.712507154223197547e+00 -4.483749697147034197e-01 3.437409922940458440e+00
-2.442862591644765935e+00 2.768094975336401919e+00 2.229523835916300101e+00 -1.183932581715281485e+00 4.995944489435835134e-01 1.712507154223197547e+00 -4.483749697147034197e-01 3.437409922940458440e+00
-3.060896566488765735e+00 2.768094975336401919e+00 2.229523835916300101e+00 -1.183932581715281485e+00 4.995944489435835134e-01 1.712507154223197547e+00 -4.483749697147034197e-01 3.437409922940458440e+00
-2.060896591644765685e+00 2.768094975336401919e+00 2.229523835916300101e+00 -1.183932581715281485e+00 4.995944489435835134e-01 1.712507154223197547e+00 -4.483749697147034197e-01 3.437409922940458440e+00
-2.562716996672948166e+00 2.768094975336401919e+00 2.229523835916300101e+00 -1.183932581715281485e+00 4.995944489435835134e-01 1.712507154223197547e+00 -4.483749697147034197e-01 3.437409922940458440e+00
-2.622190609090821134e+00 2.768094975336401919e+00 2.229523835916300101e+00 -1.183932581715281485e+00 4.995944489435835134e-01 1.712507154223197547e+00 -4.483749697147034197e-01 3.437409922940458440e+00
-2.565933411288301880e+00 2.768094975336401919e+00 2.229523835916300101e+00 -1.183932581715281485e+00 4.995944489435835134e-01 1.712507154223197547e+00 -4.483749697147034197e-01 3.437409922940458440e+00
-2.584992849891838862e+00 2.768094975336401919e+00 2.229523835916300101e+00 -1.183932581715281485e+00 4.995944489435835134e-01 1.712507154223197547e+00 -4.483749697147034197e-01 3.437409922940458440e+00
-2.573213468813940530e+00 2.768094975336401919e+00 2.229523835916300101e+00 -1.183932581715281485e+00 4.995944489435835134e-01 1.712507154223197547e+00 -4.483749697147034197e-01 3.437409922940458440e+00
-2.574516977595632028e+00 2.768094975336401919e+00 2.229523835916300101e+00 -1.183932581715281485e+00 4.995944489435835134e-01 1.712507154223197547e+00 -4.483749697147034197e-01 3.437409922940458440e+00
-2.571909960032248588e+00 2.768094975336401919e+00 2.229523835916300101e+00 -1.183932581715281485e+00 4.995944489435835134e-01 1.712507154223197547e+00 -4.483749697147034197e-01 3.437409922940458440e+00
-2.573213468813940530e+00 2.768094975336401919e+00 2.229523835916300101e+00 -1.183932581715281485e+00 4.995944489435835134e-01 1.712507154223197547e+00 -4.483749697147034197e-01 3.437409922940458440e+00
-2.573213468813940530e+00 3.768094975336401919e+00 2.229523835916300101e+00 -1.183932581715281485e+00 4.995944489435835134e-01 1.712507154223197547e+00 -4.483749697147034197e-01 3.437409922940458440e+00
-2.573213468813940530e+00 1.150060975336401947e+00 2.229523835916300101e+00 -1.183932581715281485e+00 4.995944489435835134e-01 1.712507154223197547e+00 -4.483749697147034197e-01 3.437409922940458440e+00
-2.573213468813940530e+00 2.768094975336401919e+00 2.229523835916300101e+00 -1.183932581715281485e+00 4.995944489435835134e-01 1.712507154223197547e+00 -4.483749697147034197e-01 3.437409922940458440e+00
-2.573213468813940530e+00 2.150061000492401675e+00 2.229523835916300101e+00 -1.183932581715281485e+00 4.995944489435835134e-01 1.712507154223197547e+00 -4.483749697147034197e-01 3.437409922940458440e+00
-2.573213468813940530e+00 3.150060975336401725e+00 2.229523835916300101e+00 -1.183932581715281485e+00 4.995944489435835134e-01 1.712507154223197547e+00 -4.483749697147034197e-01 3.437409922940458440e+00
-2.573213468813940530e+00 2.808816445884311452e+00 2.229523835916300101e+00 -1.183932581715281485e+00 4.995944489435835134e-01 1.712507154223197547e+00 -4.483749697147034197e-01 3.437409922940458440e+00
-2.573213468813940530e+00 2.532027010101138398e+00 2.229523835916300101e+00 -1.183932581715281485e+00 4.995944489435835134e-01 1.712507154223197547e+00 -4.483749697147034197e-01 3.437409922940458440e+00
-2.573213468813940530e+00 2.677925038927349455e+00 2.229523835916300101e+00 -1.183932581715281485e+00 4.995944489435835134e-01 1.712507154223197547e+00 -4.483749697147034197e-01 3.437409922940458440e+00
-2.573213468813940530e+00 2.758974902011932961e+00 2.229523835916300101e+00 -1.183932581715281485e+00 4.995944489435835134e-01 1.712507154223197547e+00 -4.483749697147034197e-01 3.437409922940458440e+00
-2.573213468813940530e+00 2.786060140533899165e+00 2.229523835916300101e+00 -1.183932581715281485e+00 4.995944489435835134e-01 1.712507154223197547e+00 -4.483749697147034197e-01 3.437409922940458440e+00
-2.573213468813940530e+00 2.774957057626229240e+00 2.229523835916300101e+00 -1.183932581715281485e+00 4.995944489435835134e-01 1.712507154223197547e+00 -4.483749697147034197e-01 3.437409922940458440e+00
-2.573213468813940530e+00 2.764611417408947780e+00 2.229523835916300101e+00 -1.183932581715281485e+00 4.995944489435835134e-01 1.712507154223197547e+00 -4.483749697147034197e-01 3.437409922940458440e+00
-2.573213468813940530e+00 2.768955786174726263e+00 2.229523835916300101e+00 -1.183932581715281485e+00 4.995944489435835134e-01 1.712507154223197547e+00 -4.483749697147034197e-01 3.437409922940458440e+00
-2.573213468813940530e+00 2.766709346706031081e+00 2.229523835916300101e+00 -1.183932581715281485e+00 4.995944489435835134e-01 1.712507154223197547e+00 -4.483749697147034197e-01 3.437409922940458440e+00
-2.573213468813940530e+00 2.767565712310973591e+00 2.229523835916300101e+00 -1.183932581715281485e+00 4.995944489435835134e-01 1.712507154223197547e+00 -4.483749697147034197e-01 3.437409922940458440e+00
-2.573213468813940530e+00 2.768423775809073284e+00 2.229523835916300101e+00 -1.183932581715281485e+00 4.995944489435835134e-01 1.712507154223197547e+00 -4.483749697147034197e-01 3.437409922940458440e+00
-2.573213468813940530e+00 2.767974773074223904e+00 2.229523835916300101e+00 -1.183932581715281485e+00 4.995944489435835134e-01 1.712507154223197547e+00 -4.483749697147034197e-01 3.437409922940458440e+00
-2.573213468813940530e+00 2.768220565937746347e+00 2.229523835916300101e+00 -1.183932581715281485e+00 4.995944489435835134e-01 1.712507154223197547e+00 -4.483749697147034197e-01 3.437409922940458440e+00
-2.573213468813940530e+00 2.768102741253195553e+00 2.229523835916300101e+00 -1.183932581715281485e+00 4.995944489435835134e-01 1.712507154223197547e+00 -4.483749697147034197e-01 3.437409922940458440e+00
-2.573213468813940530e+00 2.768049062159126716e+00 2.229523835916300101e+00 -1.183932581715281485e+00 4.995944489435835134e-01 1.712507154223197547e+00 -4.483749697147034197e-01 3.437409922940458440e+00
-2.573213468813940530e+00 2.768077438063730966e+00 2.229523835916300101e+00 -1.183932581715281485e+00 4.995944489435835134e-01 1.712507154223197547e+00 -4.483749697147034197e-01 3.437409922940458440e+00
-2.573213468813940530e+00 2.768088276694508743e+00 2.229523835916300101e+00 -1.183932581715281485e+00 4.995944489435835134e-01 1.712507154223197547e+00 -4.483749697147034197e-01 3.437409922940458440e+00
-2.573213468813940530e+00 2.768097941652575944e+00 2.229523835916300101e+00 -1.183932581715281485e+00 4.995944489435835134e-01 1.712507154223197547e+00 -4.483749697147034197e-01 3.437409922940458440e+00
-2.573213468813940530e+00 2.768092416682952805e+00 2.229523835916300101e+00 -1.183932581715281485e+00 4.995944489435835134e-01 1.712507154223197547e+00 -4.483749697147034197e-01 3.437409922940458440e+00
-2.573213468813940530e+00 2.768096108368325758e+00 2.229523835916300101e+00 -1.183932581715281485e+00 4.995944489435835134e-01 1.712507154223197547e+00 -4.483749697147034197e-01 3.437409922940458440e+00
-2.573213468813940530e+00 2.768096808620577498e+00 2.229523835916300101e+00 -1.183932581715281485e+00 4.995944489435835134e-01 1.712507154223197547e+00 -4.483749697147034197e-01 3.437409922940458440e+00
-2.573213468813940530e+00 2.768095811246771287e+00 2.229523835916300101e+00 -1.183932581715281485e+00 4.995944489435835134e-01 1.712507154223197547e+00 -4.483749697147034197e-01 3.437409922940458440e+00
-2.573213468813940530e+00 2.768095628153346865e+00 2.229523835916300101e+00 -1.183932581715281485e+00 4.995944489435835134e-01 1.712507154223197547e+00 -4.483749697147034197e-01 3.437409922940458440e+00
-2.573213468813940530e+00 2.768095924737102642e+00 2.229523835916300101e+00 -1.183932581715281485e+00 4.995944489435835134e-01 1.712507154223197547e+00 -4.483749697147034197e-01 3.437409922940458440e+00
-2.573213468813940530e+00 2.768095741311308089e+00 2.229523835916300101e+00 -1.183932581715281485e+00 4.995944489435835134e-01 1.712507154223197547e+00 -4.483749697147034197e-01 3.437409922940458440e+00
-2.573213468813940530e+00 2.768095854596219318e+00 2.229523835916300101e+00 -1.183932581715281485e+00 4.995944489435835134e-01 1.712507154223197547e+00 -4.483749697147034197e-01 3.437409922940458440e+00
-2.573213468813940530e+00 2.768095784533802117e+00 2.229523835916300101e+00 -1.183932581715281485e+00 4.995944489435835134e-01 1.712507154223197547e+00 -4.483749697147034197e-01 3.437409922940458440e+00
-2.573213468813940530e+00 2.768095827804786246e+00 2.229523835916300101e+00 -1.183932581715281485e+00 4.995944489435835134e-01 1.712507154223197547e+00 -4.483749697147034197e-01 3.437409922940458440e+00
-2.573213468813940530e+00 2.768095801043325199e+00 2.229523835916300101e+00 -1.183932581715281485e+00 4.995944489435835134e-01 1.712507154223197547e+00 -4.483749697147034197e-01 3.437409922940458440e+00
-2.573213468813940530e+00 2.768095811246771287e+00 2.229523835916300101e+00 -1.183932581715281485e+00 4.995944489435835134e-01 1.712507154223197547e+00 -4.483749697147034197e-01 3.437409922940458440e+00
-2.573213468813940530e+00 2.768095811246771287e+00 3.229523835916300101e+00 -1.183932581715281485e+00 4.995944489435835134e-01 1.712507154223197547e+00 -4.483749697147034197e-01 3.437409922940458440e+00
-2.573213468813940530e+00 2.768095811246771287e+00 6.114898359163001285e-01 -1.183932581715281485e+00 4.995944489435835134e-01 1.712507154223197547e+00 -4.483749697147034197e-01 3.437409922940458440e+00
-2.573213468813940530e+00 2.768095811246771287e+00 2.229523835916300101e+00 -1.183932581715281485e+00 4.995944489435835134e-01 1.712507154223197547e+00 -4.483749697147034197e-01 3.437409922940458440e+00
-2.573213468813940530e+00 2.768095811246771287e+00 1.611489861072300078e+00 -1.183932581715281485e+00 4.995944489435835134e-01 1.712507154223197547e+00 -4.483749697147034197e-01 3.437409922940458440e+00
-2.573213468813940530e+00 2.768095811246771287e+00 2.611489835916300351e+00 -1.183932581715281485e+00 4.995944489435835134e-01 1.712507154223197547e+00 -4.483749697147034197e-01 3.437409922940458440e+00
-2.573213468813940530e+00 2.768095811246771287e+00 2.363691600730676967e+00 -1.183932581715281485e+00 4.995944489435835134e-01 1.712507154223197547e+00 -4.483749697147034197e-01 3.437409922940458440e+00
-2.573213468813940530e+00 2.768095811246771287e+00 1.993455870681036801e+00 -1.183932581715281485e+00 4.995944489435835134e-01 1.712507154223197547e+00 -4.483749697147034197e-01 3.437409922940458440e+00
-2.573213468813940530e+00 2.768095811246771287e+00 2.139353899507247636e+00 -1.183932581715281485e+00 4.995944489435835134e-01 1.712507154223197547e+00 -4.483749697147034197e-01 3.437409922940458440e+00
-2.573213468813940530e+00 2.768095811246771287e+00 2.254660775969579589e+00 -1.183932581715281485e+00 4.995944489435835134e-01 1.712507154223197547e+00 -4.483749697147034197e-01 3.437409922940458440e+00
-2.573213468813940530e+00 2.768095811246771287e+00 2.195081985985880113e+00 -1.183932581715281485e+00 4.995944489435835134e-01 1.712507154223197547e+00 -4.483749697147034197e-01 3.437409922940458440e+00
-2.573213468813940530e+00 2.768095811246771287e+00 2.244277860825921511e+00 -1.183932581715281485e+00 4.995944489435835134e-01 1.712507154223197547e+00 -4.483749697147034197e-01 3.437409922940458440e+00
-2.573213468813940530e+00 2.768095811246771287e+00 2.216368220265777289e+00 -1.183932581715281485e+00 4.995944489435835134e-01 1.712507154223197547e+00 -4.483749697147034197e-01 3.437409922940458440e+00
-2.573213468813940530e+00 2.768095811246771287e+00 2.235159371794928518e+00 -1.183932581715281485e+00 4.995944489435835134e-01 1.712507154223197547e+00 -4.483749697147034197e-01 3.437409922940458440e+00
-2.573213468813940530e+00 2.768095811246771287e+00 2.224498838028732273e+00 -1.183932581715281485e+00 4.995944489435835134e-01 1.712507154223197547e+00 -4.483749697147034197e-01 3.437409922940458440e+00
-2.573213468813940530e+00 2.768095811246771287e+00 2.221393218484287502e+00 -1.183932581715281485e+00 4.995944489435835134e-01 1.712507154223197547e+00 -4.483749697147034197e-01 3.437409922940458440e+00
-2.573213468813940530e+00 2.768095811246771287e+00 2.226418216371855330e+00 -1.183932581715281485e+00 4.995944489435835134e-01 1.712507154223197547e+00 -4.483749697147034197e-01 3.437409922940458440e+00
-2.573213468813940530e+00 2.768095811246771287e+00 2.223312596953819220e+00 -1.183932581715281485e+00 4.995944489435835134e-01 1.712507154223197547e+00 -4.483749697147034197e-01 3.437409922940458440e+00
-2.573213468813940530e+00 2.768095811246771287e+00 2.225231975296941833e+00 -1.183932581715281485e+00 4.995944489435835134e-01 1.712507154223197547e+00 -4.483749697147034197e-01 3.437409922940458440e+00
-2.573213468813940530e+00 2.768095811246771287e+00 2.224045734270311936e+00 -1.183932581715281485e+00 4.995944489435835134e-01 1.712507154223197547e+00 -4.483749697147034197e-01 3.437409922940458440e+00
-2.573213468813940530e+00 2.768095811246771287e+00 2.224778871538521052e+00 -1.183932581715281485e+00 4.995944489435835134e-01 1.712507154223197547e+00 -4.483749697147034197e-01 3.437409922940458440e+00
-2.573213468813940530e+00 2.768095811246771287e+00 2.224325767798543740e+00 -1.183932581715281485e+00 4.995944489435835134e-01 1.712507154223197547e+00 -4.483749697147034197e-01 3.437409922940458440e+00
-2.573213468813940530e+00 2.768095811246771287e+00 2.224605801308332520e+00 -1.183932581715281485e+00 4.995944489435835134e-01 1.712507154223197547e+00 -4.483749697147034197e-01 3.437409922940458440e+00
-2.573213468813940530e+00 2.768095811246771287e+00 2.224432731085188131e+00 -1.183932581715281485e+00 4.995944489435835134e-01 1.712507154223197547e+00 -4.483749697147034197e-01 3.437409922940458440e+00
-2.573213468813940530e+00 2.768095811246771287e+00 2.224549088017607978e+00 -1.183932581715281485e+00 4.995944489435835134e-01 1.712507154223197547e+00 -4.483749697147034197e-01 3.437409922940458440e+00
-2.573213468813940530e+00 2.768095811246771287e+00 2.224498838028732273e+00 -1.183932581715281485e+00 4.995944489435835134e-01 1.712507154223197547e+00 -4.483749697147034197e-01 3.437409922940458440e+00
-2.573213468813940530e+00 2.768095811246771287e+00 2.224498838028732273e+00 -1.839325817152814846e-01 4.995944489435835134e-01 1.712507154223197547e+00 -4.483749697147034197e-01 3.437409922940458440e+00
-2.573213468813940530e+00 2.768095811246771287e+00 2.224498838028732273e+00 -2.801966581715281457e+00 4.995944489435835134e-01 1.712507154223197547e+00 -4.483749697147034197e-01 3.437409922940458440e+00
-2.573213468813940530e+00 2.768095811246771287e+00 2.224498838028732273e+00 -1.183932581715281485e+00 4.995944489435835134e-01 1.712507154223197547e+00 -4.483749697147034197e-01 3.437409922940458440e+00
-2.573213468813940530e+00 2.768095811246771287e+00 2.224498838028732273e+00 -1.801966556559281507e+00 4.995944489435835134e-01 1.712507154223197547e+00 -4.483749697147034197e-01 3.437409922940458440e+00
-2.573213468813940530e+00 2.768095811246771287e+00 2.224498838028732273e+00 -8.019665817152814569e-01 4.995944489435835134e-01 1.712507154223197547e+00 -4.483749697147034197e-01 3.437409922940458440e+00
-2.573213468813940530e+00 2.768095811246771287e+00 2.224498838028732273e+00 -1.278445395532706197e+00 4.995944489435835134e-01 1.712507154223197547e+00 -4.483749697147034197e-01 3.437409922940458440e+00
-2.573213468813940530e+00 2.768095811246771287e+00 2.224498838028732273e+00 -1.214689361749693886e+00 4.995944489435835134e-01 1.712507154223197547e+00 -4.483749697147034197e-01 3.437409922940458440e+00
-2.573213468813940530e+00 2.768095811246771287e+00 2.224498838028732273e+00 -1.228405720389194933e+00 4.995944489435835134e-01 1.712507154223197547e+00 -4.483749697147034197e-01 3.437409922940458440e+00
-2.573213468813940530e+00 2.768095811246771287e+00 2.224498838028732273e+00 -1.247519174945061371e+00 4.995944489435835134e-01 1.712507154223197547e+00 -4.483749697147034197e-01 3.437409922940458440e+00
-2.573213468813940530e+00 2.768095811246771287e+00 2.224498838028732273e+00 -1.259331939718041582e+00 4.995944489435835134e-01 1.712507154223197547e+00 -4.483749697147034197e-01 3.437409922940458440e+00
-2.573213468813940530e+00 2.768095811246771287e+00 2.224498838028732273e+00 -1.248155040887359180e+00 4.995944489435835134e-01 1.712507154223197547e+00 -4.483749697147034197e-01 3.437409922940458440e+00
-2.573213468813940530e+00 2.768095811246771287e+00 2.224498838028732273e+00 -1.240218485162175366e+00 4.995944489435835134e-01 1.712507154223197547e+00 -4.483749697147034197e-01 3.437409922940458440e+00
-2.573213468813940530e+00 2.768095811246771287e+00 2.224498838028732273e+00 -1.244730559671451520e+00 4.995944489435835134e-01 1.712507154223197547e+00 -4.483749697147034197e-01 3.437409922940458440e+00
-2.573213468813940530e+00 2.768095811246771287e+00 2.224498838028732273e+00 -1.246454018723461621e+00 4.995944489435835134e-01 1.712507154223197547e+00 -4.483749697147034197e-01 3.437409922940458440e+00
-2.573213468813940530e+00 2.768095811246771287e+00 2.224498838028732273e+00 -1.245795715963201600e+00 4.995944489435835134e-01 1.712507154223197547e+00 -4.483749697147034197e-01 3.437409922940458440e+00
-2.573213468813940530e+00 2.768095811246771287e+00 2.224498838028732273e+00 -1.245795715963201600e+00 4.995944489435835134e-01 1.712507154223197547e+00 -4.483749697147034197e-01 3.437409922940458440e+00
-2.573213468813940530e+00 2.768095811246771287e+00 2.224498838028732273e+00 -1.245795715963201600e+00 1.499594448943583513e+00 1.712507154223197547e+00 -4.483749697147034197e-01 3.437409922940458440e+00
-2.573213468813940530e+00 2.768095811246771287e+00 2.224498838028732273e+00 -1.245795715963201600e+00 -1.118439551056416459e+00 1.712507154223197547e+00 -4.483749697147034197e-01 3.437409922940458440e+00
-2.573213468813940530e+00 2.768095811246771287e+00 2.224498838028732273e+00 -1.245795715963201600e+00 4.995944489435835134e-01 1.712507154223197547e+00 -4.483749697147034197e-01 3.437409922940458440e+00
-2.573213468813940530e+00 2.768095811246771287e+00 2.224498838028732273e+00 -1.245795715963201600e+00 -1.184395259004165091e-01 1.712507154223197547e+00 -4.483749697147034197e-01 3.437409922940458440e+00
-2.573213468813940530e+00 2.768095811246771287e+00 2.224498838028732273e+00 -1.245795715963201600e+00 8.815604489435835411e-01 1.712507154223197547e+00 -4.483749697147034197e-01 3.437409922940458440e+00
-2.573213468813940530e+00 2.768095811246771287e+00 2.224498838028732273e+00 -1.245795715963201600e+00 4.204023429713495963e-01 1.712507154223197547e+00 -4.483749697147034197e-01 3.437409922940458440e+00
-2.573213468813940530e+00 2.768095811246771287e+00 2.224498838028732273e+00 -1.245795715963201600e+00 5.476318855462652957e-01 1.712507154223197547e+00 -4.483749697147034197e-01 3.437409922940458440e+00
-2.573213468813940530e+00 2.768095811246771287e+00 2.224498838028732273e+00 -1.245795715963201600e+00 5.707970642264107441e-01 1.712507154223197547e+00 -4.483749697147034197e-01 3.437409922940458440e+00
-2.573213468813940530e+00 2.768095811246771287e+00 2.224498838028732273e+00 -1.245795715963201600e+00 5.276195440066038245e-01 1.712507154223197547e+00 -4.483749697147034197e-01 3.437409922940458440e+00
-2.573213468813940530e+00 2.768095811246771287e+00 2.224498838028732273e+00 -1.245795715963201600e+00 5.564801961860057489e-01 1.712507154223197547e+00 -4.483749697147034197e-01 3.437409922940458440e+00
-2.573213468813940530e+00 2.768095811246771287e+00 2.224498838028732273e+00 -1.245795715963201600e+00 5.619487530039271039e-01 1.712507154223197547e+00 -4.483749697147034197e-01 3.437409922940458440e+00
-2.573213468813940530e+00 2.768095811246771287e+00 2.224498838028732273e+00 -1.245795715963201600e+00 5.546787543731981351e-01 1.712507154223197547e+00 -4.483749697147034197e-01 3.437409922940458440e+00
-2.573213468813940530e+00 2.768095811246771287e+00 2.224498838028732273e+00 -1.245795715963201600e+00 5.585689989595199467e-01 1.712507154223197547e+00 -4.483749697147034197e-01 3.437409922940458440e+00
-2.573213468813940530e+00 2.768095811246771287e+00 2.224498838028732273e+00 -1.245795715963201600e+00 5.572780478261938342e-01 1.712507154223197547e+00 -4.483749697147034197e-01 3.437409922940458440e+00
-2.573213468813940530e+00 2.768095811246771287e+00 2.224498838028732273e+00 -1.245795715963201600e+00 5.557921066625348683e-01 1.712507154223197547e+00 -4.483749697147034197e-01 3.437409922940458440e+00
-2.573213468813940530e+00 2.768095811246771287e+00 2.224498838028732273e+00 -1.245795715963201600e+00 5.564801961860057489e-01 1.712507154223197547e+00 -4.483749697147034197e-01 3.437409922940458440e+00
-2.573213468813940530e+00 2.768095811246771287e+00 2.224498838028732273e+00 -1.245795715963201600e+00 5.564801961860057489e-01 2.712507154223197325e+00 -4.483749697147034197e-01 3.437409922940458440e+00
-2.573213468813940530e+00 2.768095811246771287e+00 2.224498838028732273e+00 -1.245795715963201600e+00 5.564801961860057489e-01 9.447315422319757516e-02 -4.483749697147034197e-01 3.437409922940458440e+00
-2.573213468813940530e+00 2.768095811246771287e+00 2.224498838028732273e+00 -1.245795715963201600e+00 5.564801961860057489e-01 1.712507154223197547e+00 -4.483749697147034197e-01 3.437409922940458440e+00
-2.573213468813940530e+00 2.768095811246771287e+00 2.224498838028732273e+00 -1.245795715963201600e+00 5.564801961860057489e-01 1.094473179379197525e+00 -4.483749697147034197e-01 3.437409922940458440e+00
-2.573213468813940530e+00 2.768095811246771287e+00 2.224498838028732273e+00 -1.245795715963201600e+00 5.564801961860057489e-01 2.094473154223197575e+00 -4.483749697147034197e-01 3.437409922940458440e+00
-2.573213468813940530e+00 2.768095811246771287e+00 2.224498838028732273e+00 -1.245795715963201600e+00 5.564801961860057489e-01 1.616984652431349589e+00 -4.483749697147034197e-01 3.437409922940458440e+00
-2.573213468813940530e+00 2.768095811246771287e+00 2.224498838028732273e+00 -1.245795715963201600e+00 5.564801961860057489e-01 1.858405179379197580e+00 -4.483749697147034197e-01 3.437409922940458440e+00
-2.573213468813940530e+00 2.768095811246771287e+00 2.224498838028732273e+00 -1.245795715963201600e+00 5.564801961860057489e-01 1.768235239299934314e+00 -4.483749697147034197e-01 3.437409922940458440e+00
-2.573213468813940530e+00 2.768095811246771287e+00 2.224498838028732273e+00 -1.245795715963201600e+00 5.564801961860057489e-01 1.676020806303772481e+00 -4.483749697147034197e-01 3.437409922940458440e+00
-2.573213468813940530e+00 2.768095811246771287e+00 2.224498838028732273e+00 -1.245795715963201600e+00 5.564801961860057489e-01 1.695912889777908550e+00 -4.483749697147034197e-01 3.437409922940458440e+00
-2.573213468813940530e+00 2.768095811246771287e+00 2.224498838028732273e+00 -1.245795715963201600e+00 5.564801961860057489e-01 1.733793387967618393e+00 -4.483749697147034197e-01 3.437409922940458440e+00
-2.573213468813940530e+00 2.768095811246771287e+00 2.224498838028732273e+00 -1.245795715963201600e+00 5.564801961860057489e-01 1.720637771781619030e+00 -4.483749697147034197e-01 3.437409922940458440e+00
-2.573213468813940530e+00 2.768095811246771287e+00 2.224498838028732273e+00 -1.245795715963201600e+00 5.564801961860057489e-01 1.706168709410088358e+00 -4.483749697147034197e-01 3.437409922940458440e+00
-2.573213468813940530e+00 2.768095811246771287e+00 2.224498838028732273e+00 -1.245795715963201600e+00 5.564801961860057489e-01 1.715612773689517478e+00 -4.483749697147034197e-01 3.437409922940458440e+00
-2.573213468813940530e+00 2.768095811246771287e+00 2.224498838028732273e+00 -1.245795715963201600e+00 5.564801961860057489e-01 1.717532152110765153e+00 -4.483749697147034197e-01 3.437409922940458440e+00
-2.573213468813940530e+00 2.768095811246771287e+00 2.224498838028732273e+00 -1.245795715963201600e+00 5.564801961860057489e-01 1.717135052993247868e+00 -4.483749697147034197e-01 3.437409922940458440e+00
-2.573213468813940530e+00 2.768095811246771287e+00 2.224498838028732273e+00 -1.245795715963201600e+00 5.564801961860057489e-01 1.717582402099640859e+00 -4.483749697147034197e-01 3.437409922940458440e+00
-2.573213468813940530e+00 2.768095811246771287e+00 2.224498838028732273e+00 -1.245795715963201600e+00 5.564801961860057489e-01 1.717380473749243519e+00 -4.483749697147034197e-01 3.437409922940458440e+00
-2.573213468813940530e+00 2.768095811246771287e+00 2.224498838028732273e+00 -1.245795715963201600e+00 5.564801961860057489e-01 1.717474216133728193e+00 -4.483749697147034197e-01 3.437409922940458440e+00
-2.573213468813940530e+00 2.768095811246771287e+00 2.224498838028732273e+00 -1.245795715963201600e+00 5.564801961860057489e-01 1.717532152110765153e+00 -4.483749697147034197e-01 3.437409922940458440e+00
-2.573213468813940530e+00 2.768095811246771287e+00 2.224498838028732273e+00 -1.245795715963201600e+00 5.564801961860057489e-01 1.717532152110765153e+00 5.516250302852965248e-01 3.437409922940458440e+00
-2.573213468813940530e+00 2.768095811246771287e+00 2.224498838028732273e+00 -1.245795715963201600e+00 5.564801961860057489e-01 1.717532152110765153e+00 -2.066408969714703225e+00 3.437409922940458440e+00
-2.573213468813940530e+00 2.768095811246771287e+00 2.224498838028732273e+00 -1.245795715963201600e+00 5.564801961860057489e-01 1.717532152110765153e+00 -4.483749697147034197e-01 3.437409922940458440e+00
-2.573213468813940530e+00 2.768095811246771287e+00 2.224498838028732273e+00 -1.245795715963201600e+00 5.564801961860057489e-01 1.717532152110765153e+00 -1.066408944558703498e+00 3.437409922940458440e+00
-2.573213468813940530e+00 2.768095811246771287e+00 2.224498838028732273e+00 -1.245795715963201600e+00 5.564801961860057489e-01 1.717532152110765153e+00 -6.640896971470339194e-02 3.437409922940458440e+00
-2.573213468813940530e+00 2.768095811246771287e+00 2.224498838028732273e+00 -1.245795715963201600e+00 5.564801961860057489e-01 1.717532152110765153e+00 -5.816487343600871274e-01 3.437409922940458440e+00
-2.573213468813940530e+00 2.768095811246771287e+00 2.224498838028732273e+00 -1.245795715963201600e+00 5.564801961860057489e-01 1.717532152110765153e+00 -6.180859208866198440e-01 3.437409922940458440e+00
-2.573213468813940530e+00 2.768095811246771287e+00 2.224498838028732273e+00 -1.245795715963201600e+00 5.564801961860057489e-01 1.717532152110765153e+00 -5.434880204497235523e-01 3.437409922940458440e+00
-2.573213468813940530e+00 2.768095811246771287e+00 2.224498838028732273e+00 -1.245795715963201600e+00 5.564801961860057489e-01 1.717532152110765153e+00 -5.670726391106011288e-01 3.437409922940458440e+00
-2.573213468813940530e+00 2.768095811246771287e+00 2.224498838028732273e+00 -1.245795715963201600e+00 5.564801961860057489e-01 1.717532152110765153e+00 -5.580641166591804314e-01 3.437409922940458440e+00
-2.573213468813940530e+00 2.768095811246771287e+00 2.224498838028732273e+00 -1.245795715963201600e+00 5.564801961860057489e-01 1.717532152110765153e+00 -5.687887805018579934e-01 3.437409922940458440e+00
-2.573213468813940530e+00 2.768095811246771287e+00 2.224498838028732273e+00 -1.245795715963201600e+00 5.564801961860057489e-01 1.717532152110765153e+00 -5.737008456372703069e-01 3.437409922940458440e+00
-2.573213468813940530e+00 2.768095811246771287e+00 2.224498838028732273e+00 -1.245795715963201600e+00 5.564801961860057489e-01 1.717532152110765153e+00 -5.706650223733709115e-01 3.437409922940458440e+00
-2.573213468813940530e+00 2.768095811246771287e+00 2.224498838028732273e+00 -1.245795715963201600e+00 5.564801961860057489e-01 1.717532152110765153e+00 -5.718879229099576023e-01 3.437409922940458440e+00
-2.573213468813940530e+00 2.768095811246771287e+00 2.224498838028732273e+00 -1.245795715963201600e+00 5.564801961860057489e-01 1.717532152110765153e+00 -5.706650223733709115e-01 3.437409922940458440e+00
-2.573213468813940530e+00 2.768095811246771287e+00 2.224498838028732273e+00 -1.245795715963201600e+00 5.564801961860057489e-01 1.717532152110765153e+00 -5.706650223733709115e-01 4.437409922940458884e+00
-2.573213468813940530e+00 2.768095811246771287e+00 2.224498838028732273e+00 -1.245795715963201600e+00 5.564801961860057489e-01 1.717532152110765153e+00 -5.706650223733709115e-01 1.819375922940458468e+00
-2.573213468813940530e+00 2.768095811246771287e+00 2.224498838028732273e+00 -1.245795715963201600e+00 5.564801961860057489e-01 1.717532152110765153e+00 -5.706650223733709115e-01 3.437409922940458440e+00
-2.573213468813940530e+00 2.768095811246771287e+00 2.224498838028732273e+00 -1.245795715963201600e+00 5.564801961860057489e-01 1.717532152110765153e+00 -5.706650223733709115e-01 2.819375948096458195e+00
-2.573213468813940530e+00 2.768095811246771287e+00 2.224498838028732273e+00 -1.245795715963201600e+00 5.564801961860057489e-01 1.717532152110765153e+00 -5.706650223733709115e-01 3.819375922940458246e+00
-2.573213468813940530e+00 2.768095811246771287e+00 2.224498838028732273e+00 -1.245795715963201600e+00 5.564801961860057489e-01 1.717532152110765153e+00 -5.706650223733709115e-01 3.346110745552665744e+00
-2.573213468813940530e+00 2.768095811246771287e+00 2.224498838028732273e+00 -1.245795715963201600e+00 5.564801961860057489e-01 1.717532152110765153e+00 -5.706650223733709115e-01 3.144915961907507995e+00
-2.573213468813940530e+00 2.768095811246771287e+00 2.224498838028732273e+00 -1.245795715963201600e+00 5.564801961860057489e-01 1.717532152110765153e+00 -5.706650223733709115e-01 3.303511830007145988e+00
-2.573213468813940530e+00 2.768095811246771287e+00 2.224498838028732273e+00 -1.245795715963201600e+00 5.564801961860057489e-01 1.717532152110765153e+00 -5.706650223733709115e-01 3.370287716167888803e+00
-2.573213468813940530e+00 2.768095811246771287e+00 2.224498838028732273e+00 -1.245795715963201600e+00 5.564801961860057489e-01 1.717532152110765153e+00 -5.706650223733709115e-01 3.353195199328139697e+00
-2.573213468813940530e+00 2.768095811246771287e+00 2.224498838028732273e+00 -1.245795715963201600e+00 5.564801961860057489e-01 1.717532152110765153e+00 -5.706650223733709115e-01 3.329839408177405868e+00
-2.573213468813940530e+00 2.768095811246771287e+00 2.224498838028732273e+00 -1.245795715963201600e+00 5.564801961860057489e-01 1.717532152110765153e+00 -5.706650223733709115e-01 3.319783168454024214e+00
-2.573213468813940530e+00 2.768095811246771287e+00 2.224498838028732273e+00 -1.245795715963201600e+00 5.564801961860057489e-01 1.717532152110765153e+00 -5.706650223733709115e-01 3.313568070392824083e+00
-2.573213468813940530e+00 2.768095811246771287e+00 2.224498838028732273e+00 -1.245795715963201600e+00 5.564801961860057489e-01 1.717532152110765153e+00 -5.706650223733709115e-01 3.323624310116205294e+00
-2.573213468813940530e+00 2.768095811246771287e+00 2.224498838028732273e+00 -1.245795715963201600e+00 5.564801961860057489e-01 1.717532152110765153e+00 -5.706650223733709115e-01 3.317409212307980138e+00
-2.573213468813940530e+00 2.768095811246771287e+00 2.224498838028732273e+00 -1.245795715963201600e+00 5.564801961860057489e-01 1.717532152110765153e+00 -5.706650223733709115e-01 3.321250353970161218e+00
-2.573213468813940530e+00 2.768095811246771287e+00 2.224498838028732273e+00 -1.245795715963201600e+00 5.564801961860057489e-01 1.717532152110765153e+00 -5.706650223733709115e-01 3.318606900899160106e+00
