-1.242835978913833461e+00 2.737059009721209080e+00 -4.161570784662544931e-01 -1.029633863159423068e+00 -2.324658642086901761e+00 -5.484095375210129575e-01 -2.718871270280974972e+00 2.788196510418913476e+00
-1.242835978913833461e+00 2.737059009721209080e+00 -4.161570784662544931e-01 -1.029633863159423068e+00 -2.324658642086901761e+00 -5.484095375210129575e-01 -2.718871270280974972e+00 2.788196510418913476e+00
-2.428359789138334612e-01 2.737059009721209080e+00 -4.161570784662544931e-01 -1.029633863159423068e+00 -2.324658642086901761e+00 -5.484095375210129575e-01 -2.718871270280974972e+00 2.788196510418913476e+00
-2.860869978913833656e+00 2.737059009721209080e+00 -4.161570784662544931e-01 -1.029633863159423068e+00 -2.324658642086901761e+00 -5.484095375210129575e-01 -2.718871270280974972e+00 2.788196510418913476e+00
-2.351183465390257687e+00 2.737059009721209080e+00 -4.161570784662544931e-01 -1.029633863159423068e+00 -2.324658642086901761e+00 -5.484095375210129575e-01 -2.718871270280974972e+00 2.788196510418913476e+00
-2.351183465390257687e+00 2.737059009721209080e+00 -4.161570784662544931e-01 -1.029633863159423068e+00 -2.324658642086901761e+00 -5.484095375210129575e-01 -2.718871270280974972e+00 2.788196510418913476e+00
-1.927832409370803912e+00 2.737059009721209080e+00 -4.161570784662544931e-01 -1.029633863159423068e+00 -2.324658642086901761e+00 -5.484095375210129575e-01 -2.718871270280974972e+00 2.788196510418913476e+00
-1.666187062814876718e+00 2.737059009721209080e+00 -4.161570784662544931e-01 -1.029633863159423068e+00 -2.324658642086901761e+00 -5.484095375210129575e-01 -2.718871270280974972e+00 2.788196510418913476e+00
-2.048999990117618353e+00 2.737059009721209080e+00 -4.161570784662544931e-01 -1.029633863159423068e+00 -2.324658642086901761e+00 -5.484095375210129575e-01 -2.718871270280974972e+00 2.788196510418913476e+00
-1.827892782928222548e+00 2.737059009721209080e+00 -4.161570784662544931e-01 -1.029633863159423068e+00 -2.324658642086901761e+00 -5.484095375210129575e-01 -2.718871270280974972e+00 2.788196510418913476e+00
-1.974114305518341661e+00 2.737059009721209080e+00 -4.161570784662544931e-01 -1.029633863159423068e+00 -2.324658642086901761e+00 -5.484095375210129575e-01 -2.718871270280974972e+00 2.788196510418913476e+00
-1.889658870017036918e+00 2.737059009721209080e+00 -4.161570784662544931e-01 -1.029633863159423068e+00 -2.324658642086901761e+00 -5.484095375210129575e-01 -2.718871270280974972e+00 2.788196510418913476e+00
-1.945510520114694275e+00 2.737059009721209080e+00 -4.161570784662544931e-01 -1.029633863159423068e+00 -2.324658642086901761e+00 -5.484095375210129575e-01 -2.718871270280974972e+00 2.788196510418913476e+00
-1.938483774692685735e+00 2.737059009721209080e+00 -4.161570784662544931e-01 -1.029633863159423068e+00 -2.324658642086901761e+00 -5.484095375210129575e-01 -2.718871270280974972e+00 2.788196510418913476e+00
-1.956436193610183949e+00 2.737059009721209080e+00 -4.161570784662544931e-01 -1.029633863159423068e+00 -2.324658642086901761e+00 -5.484095375210129575e-01 -2.718871270280974972e+00 2.788196510418913476e+00
-1.945510520114694275e+00 2.737059009721209080e+00 -4.161570784662544931e-01 -1.029633863159423068e+00 -2.324658642086901761e+00 -5.484095375210129575e-01 -2.718871270280974972e+00 2.788196510418913476e+00
-1.945510520114694275e+00 3.737059009721209080e+00 -4.161570784662544931e-01 -1.029633863159423068e+00 -2.324658642086901761e+00 -5.484095375210129575e-01 -2.718871270280974972e+00 2.788196510418913476e+00
-1.945510520114694275e+00 1.119025009721209107e+00 -4.161570784662544931e-01 -1.029633863159423068e+00 -2.324658642086901761e+00 -5.484095375210129575e-01 -2.718871270280974972e+00 2.788196510418913476e+00
-1.945510520114694275e+00 1.042562683794378664e+00 -4.161570784662544931e-01 -1.029633863159423068e+00 -2.324658642086901761e+00 -5.484095375210129575e-01 -2.718871270280974972e+00 2.788196510418913476e+00
-1.945510520114694275e+00 1.119025009721209107e+00 -4.161570784662544931e-01 -1.029633863159423068e+00 -2.324658642086901761e+00 -5.484095375210129575e-01 -2.718871270280974972e+00 2.788196510418913476e+00
-1.945510520114694275e+00 1.737058984565209130e+00 -4.161570784662544931e-01 -1.029633863159423068e+00 -2.324658642086901761e+00 -5.484095375210129575e-01 -2.718871270280974972e+00 2.788196510418913476e+00
-1.945510520114694275e+00 1.355092974956472407e+00 -4.161570784662544931e-01 -1.029633863159423068e+00 -2.324658642086901761e+00 -5.484095375210129575e-01 -2.718871270280974972e+00 2.788196510418913476e+00
-1.945510520114694275e+00 1.329100643523032144e+00 -4.161570784662544931e-01 -1.029633863159423068e+00 -2.324658642086901761e+00 -5.484095375210129575e-01 -2.718871270280974972e+00 2.788196510418913476e+00
-1.945510520114694275e+00 1.500991003782683242e+00 -4.161570784662544931e-01 -1.029633863159423068e+00 -2.324658642086901761e+00 -5.484095375210129575e-01 -2.718871270280974972e+00 2.788196510418913476e+00
-1.945510520114694275e+00 1.410821061435104884e+00 -4.161570784662544931e-01 -1.029633863159423068e+00 -2.324658642086901761e+00 -5.484095375210129575e-01 -2.718871270280974972e+00 2.788196510418913476e+00
-1.945510520114694275e+00 1.376379209236369805e+00 -4.161570784662544931e-01 -1.029633863159423068e+00 -2.324658642086901761e+00 -5.484095375210129575e-01 -2.718871270280974972e+00 2.788196510418913476e+00
-1.945510520114694275e+00 1.355092974956472407e+00 -4.161570784662544931e-01 -1.029633863159423068e+00 -2.324658642086901761e+00 -5.484095375210129575e-01 -2.718871270280974972e+00 2.788196510418913476e+00
-1.945510520114694275e+00 1.355092974956472407e+00 5.838429215337455069e-01 -1.029633863159423068e+00 -2.324658642086901761e+00 -5.484095375210129575e-01 -2.718871270280974972e+00 2.788196510418913476e+00
-1.945510520114694275e+00 1.355092974956472407e+00 2.201876921533745257e+00 -1.029633863159423068e+00 -2.324658642086901761e+00 -5.484095375210129575e-01 -2.718871270280974972e+00 2.788196510418913476e+00
-1.945510520114694275e+00 1.355092974956472407e+00 4.819910946689745401e+00 -1.029633863159423068e+00 -2.324658642086901761e+00 -5.484095375210129575e-01 -2.718871270280974972e+00 2.788196510418913476e+00
-1.945510520114694275e+00 1.355092974956472407e+00 2.201876921533745257e+00 -1.029633863159423068e+00 -2.324658642086901761e+00 -5.484095375210129575e-01 -2.718871270280974972e+00 2.788196510418913476e+00
-1.945510520114694275e+00 1.355092974956472407e+00 3.201876905986481781e+00 -1.029633863159423068e+00 -2.324658642086901761e+00 -5.484095375210129575e-01 -2.718871270280974972e+00 2.788196510418913476e+00
-1.945510520114694275e+00 1.355092974956472407e+00 3.819910896377744169e+00 -1.029633863159423068e+00 -2.324658642086901761e+00 -5.484095375210129575e-01 -2.718871270280974972e+00 2.788196510418913476e+00
-1.945510520114694275e+00 1.355092974956472407e+00 3.025594950194743227e+00 -1.029633863159423068e+00 -2.324658642086901761e+00 -5.484095375210129575e-01 -2.718871270280974972e+00 2.788196510418913476e+00
-1.945510520114694275e+00 1.355092974956472407e+00 3.297435126063714250e+00 -1.029633863159423068e+00 -2.324658642086901761e+00 -5.484095375210129575e-01 -2.718871270280974972e+00 2.788196510418913476e+00
-1.945510520114694275e+00 1.355092974956472407e+00 3.138463929818127163e+00 -1.029633863159423068e+00 -2.324658642086901761e+00 -5.484095375210129575e-01 -2.718871270280974972e+00 2.788196510418913476e+00
-1.945510520114694275e+00 1.355092974956472407e+00 3.238376897076502114e+00 -1.029633863159423068e+00 -2.324658642086901761e+00 -5.484095375210129575e-01 -2.718871270280974972e+00 2.788196510418913476e+00
-1.945510520114694275e+00 1.355092974956472407e+00 3.201876905986481781e+00 -1.029633863159423068e+00 -2.324658642086901761e+00 -5.484095375210129575e-01 -2.718871270280974972e+00 2.788196510418913476e+00
-1.945510520114694275e+00 1.355092974956472407e+00 3.201876905986481781e+00 -2.963386315942306837e-02 -2.324658642086901761e+00 -5.484095375210129575e-01 -2.718871270280974972e+00 2.788196510418913476e+00
-1.945510520114694275e+00 1.355092974956472407e+00 3.201876905986481781e+00 -2.647667863159423263e+00 -2.324658642086901761e+00 -5.484095375210129575e-01 -2.718871270280974972e+00 2.788196510418913476e+00
-1.945510520114694275e+00 1.355092974956472407e+00 3.201876905986481781e+00 -1.029633863159423068e+00 -2.324658642086901761e+00 -5.484095375210129575e-01 -2.718871270280974972e+00 2.788196510418913476e+00
-1.945510520114694275e+00 1.355092974956472407e+00 3.201876905986481781e+00 -1.647667838003423091e+00 -2.324658642086901761e+00 -5.484095375210129575e-01 -2.718871270280974972e+00 2.788196510418913476e+00
-1.945510520114694275e+00 1.355092974956472407e+00 3.201876905986481781e+00 -6.476678631594230406e-01 -2.324658642086901761e+00 -5.484095375210129575e-01 -2.718871270280974972e+00 2.788196510418913476e+00
-1.945510520114694275e+00 1.355092974956472407e+00 3.201876905986481781e+00 -3.184217347953661736e-01 -2.324658642086901761e+00 -5.484095375210129575e-01 -2.718871270280974972e+00 2.788196510418913476e+00
-1.945510520114694275e+00 1.355092974956472407e+00 3.201876905986481781e+00 -6.992744205509746624e-01 -2.324658642086901761e+00 -5.484095375210129575e-01 -2.718871270280974972e+00 2.788196510418913476e+00
-1.945510520114694275e+00 1.355092974956472407e+00 3.201876905986481781e+00 -5.219070364927176353e-01 -2.324658642086901761e+00 -5.484095375210129575e-01 -2.718871270280974972e+00 2.788196510418913476e+00
-1.945510520114694275e+00 1.355092974956472407e+00 3.201876905986481781e+00 -5.996315032408482404e-01 -2.324658642086901761e+00 -5.484095375210129575e-01 -2.718871270280974972e+00 2.788196510418913476e+00
-1.945510520114694275e+00 1.355092974956472407e+00 3.201876905986481781e+00 -6.357809480607580221e-01 -2.324658642086901761e+00 -5.484095375210129575e-01 -2.718871270280974972e+00 2.788196510418913476e+00
-1.945510520114694275e+00 1.355092974956472407e+00 3.201876905986481781e+00 -6.673798134600444909e-01 -2.324658642086901761e+00 -5.484095375210129575e-01 -2.718871270280974972e+00 2.788196510418913476e+00
-1.945510520114694275e+00 1.355092974956472407e+00 3.201876905986481781e+00 -6.514875231694230440e-01 -2.324658642086901761e+00 -5.484095375210129575e-01 -2.718871270280974972e+00 2.788196510418913476e+00
-1.945510520114694275e+00 1.355092974956472407e+00 3.201876905986481781e+00 -6.575578377225705928e-01 -2.324658642086901761e+00 -5.484095375210129575e-01 -2.718871270280974972e+00 2.788196510418913476e+00
-1.945510520114694275e+00 1.355092974956472407e+00 3.201876905986481781e+00 -6.514875231694230440e-01 -2.324658642086901761e+00 -5.484095375210129575e-01 -2.718871270280974972e+00 2.788196510418913476e+00
-1.945510520114694275e+00 1.355092974956472407e+00 3.201876905986481781e+00 -6.514875231694230440e-01 -1.324658642086901761e+00 -5.484095375210129575e-01 -2.718871270280974972e+00 2.788196510418913476e+00
-1.945510520114694275e+00 1.355092974956472407e+00 3.201876905986481781e+00 -6.514875231694230440e-01 -3.942692642086901955e+00 -5.484095375210129575e-01 -2.718871270280974972e+00 2.788196510418913476e+00
-1.945510520114694275e+00 1.355092974956472407e+00 3.201876905986481781e+00 -6.514875231694230440e-01 -2.324658642086901761e+00 -5.484095375210129575e-01 -2.718871270280974972e+00 2.788196510418913476e+00
-1.945510520114694275e+00 1.355092974956472407e+00 3.201876905986481781e+00 -6.514875231694230440e-01 -2.942692616930902005e+00 -5.484095375210129575e-01 -2.718871270280974972e+00 2.788196510418913476e+00
-1.945510520114694275e+00 1.355092974956472407e+00 3.201876905986481781e+00 -6.514875231694230440e-01 -1.942692642086901733e+00 -5.484095375210129575e-01 -2.718871270280974972e+00 2.788196510418913476e+00
-1.945510520114694275e+00 1.355092974956472407e+00 3.201876905986481781e+00 -6.514875231694230440e-01 -2.046268013033654576e+00 -5.484095375210129575e-01 -2.718871270280974972e+00 2.788196510418913476e+00
-1.945510520114694275e+00 1.355092974956472407e+00 3.201876905986481781e+00 -6.514875231694230440e-01 -2.098611980982616920e+00 -5.484095375210129575e-01 -2.718871270280974972e+00 2.788196510418913476e+00
-1.945510520114694275e+00 1.355092974956472407e+00 3.201876905986481781e+00 -6.514875231694230440e-01 -2.035495511088715848e+00 -5.484095375210129575e-01 -2.718871270280974972e+00 2.788196510418913476e+00
-1.945510520114694275e+00 1.355092974956472407e+00 3.201876905986481781e+00 -6.514875231694230440e-01 -2.027953527583128412e+00 -5.484095375210129575e-01 -2.718871270280974972e+00 2.788196510418913476e+00
-1.945510520114694275e+00 1.355092974956472407e+00 3.201876905986481781e+00 -6.514875231694230440e-01 -1.995386768193676774e+00 -5.484095375210129575e-01 -2.718871270280974972e+00 2.788196510418913476e+00
-1.945510520114694275e+00 1.355092974956472407e+00 3.201876905986481781e+00 -6.514875231694230440e-01 -2.015514132766177191e+00 -5.484095375210129575e-01 -2.718871270280974972e+00 2.788196510418913476e+00
-1.945510520114694275e+00 1.355092974956472407e+00 3.201876905986481781e+00 -6.514875231694230440e-01 -2.023202101702477052e+00 -5.484095375210129575e-01 -2.718871270280974972e+00 2.788196510418913476e+00
-1.945510520114694275e+00 1.355092974956472407e+00 3.201876905986481781e+00 -6.514875231694230440e-01 -2.030920578738166338e+00 -5.484095375210129575e-01 -2.718871270280974972e+00 2.788196510418913476e+00
-1.945510520114694275e+00 1.355092974956472407e+00 3.201876905986481781e+00 -6.514875231694230440e-01 -2.030920578738166338e+00 -5.484095375210129575e-01 -2.718871270280974972e+00 2.788196510418913476e+00
-1.945510520114694275e+00 1.355092974956472407e+00 3.201876905986481781e+00 -6.514875231694230440e-01 -2.030920578738166338e+00 4.515904624789870425e-01 -2.718871270280974972e+00 2.788196510418913476e+00
-1.945510520114694275e+00 1.355092974956472407e+00 3.201876905986481781e+00 -6.514875231694230440e-01 -2.030920578738166338e+00 -2.166443537521012708e+00 -2.718871270280974972e+00 2.788196510418913476e+00
-1.945510520114694275e+00 1.355092974956472407e+00 3.201876905986481781e+00 -6.514875231694230440e-01 -2.030920578738166338e+00 -5.484095375210129575e-01 -2.718871270280974972e+00 2.788196510418913476e+00
-1.945510520114694275e+00 1.355092974956472407e+00 3.201876905986481781e+00 -6.514875231694230440e-01 -2.030920578738166338e+00 -1.166443512365012980e+00 -2.718871270280974972e+00 2.788196510418913476e+00
-1.945510520114694275e+00 1.355092974956472407e+00 3.201876905986481781e+00 -6.514875231694230440e-01 -2.030920578738166338e+00 -1.664435375210129298e-01 -2.718871270280974972e+00 2.788196510418913476e+00
-1.945510520114694275e+00 1.355092974956472407e+00 3.201876905986481781e+00 -6.514875231694230440e-01 -2.030920578738166338e+00 -3.405172808240362059e-01 -2.718871270280974972e+00 2.788196510418913476e+00
-1.945510520114694275e+00 1.355092974956472407e+00 3.201876905986481781e+00 -6.514875231694230440e-01 -2.030920578738166338e+00 -3.372928240392453758e-01 -2.718871270280974972e+00 2.788196510418913476e+00
-1.945510520114694275e+00 1.355092974956472407e+00 3.201876905986481781e+00 -6.514875231694230440e-01 -2.030920578738166338e+00 -4.199250545455536221e-01 -2.718871270280974972e+00 2.788196510418913476e+00
-1.945510520114694275e+00 1.355092974956472407e+00 3.201876905986481781e+00 -6.514875231694230440e-01 -2.030920578738166338e+00 -3.708483505213493459e-01 -2.718871270280974972e+00 2.788196510418913476e+00
-1.945510520114694275e+00 1.355092974956472407e+00 3.201876905986481781e+00 -6.514875231694230440e-01 -2.030920578738166338e+00 -3.521027181920401428e-01 -2.718871270280974972e+00 2.788196510418913476e+00
-1.945510520114694275e+00 1.355092974956472407e+00 3.201876905986481781e+00 -6.514875231694230440e-01 -2.030920578738166338e+00 -3.449425239937432552e-01 -2.718871270280974972e+00 2.788196510418913476e+00
-1.945510520114694275e+00 1.355092974956472407e+00 3.201876905986481781e+00 -6.514875231694230440e-01 -2.030920578738166338e+00 -3.476774747308899460e-01 -2.718871270280974972e+00 2.788196510418913476e+00
-1.945510520114694275e+00 1.355092974956472407e+00 3.201876905986481781e+00 -6.514875231694230440e-01 -2.030920578738166338e+00 -3.429078538484705563e-01 -2.718871270280974972e+00 2.788196510418913476e+00
-1.945510520114694275e+00 1.355092974956472407e+00 3.201876905986481781e+00 -6.514875231694230440e-01 -2.030920578738166338e+00 -3.449425239937432552e-01 -2.718871270280974972e+00 2.788196510418913476e+00
-1.945510520114694275e+00 1.355092974956472407e+00 3.201876905986481781e+00 -6.514875231694230440e-01 -2.030920578738166338e+00 -3.449425239937432552e-01 -1.718871270280974972e+00 2.788196510418913476e+00
-1.945510520114694275e+00 1.355092974956472407e+00 3.201876905986481781e+00 -6.514875231694230440e-01 -2.030920578738166338e+00 -3.449425239937432552e-01 -4.336905270280975166e+00 2.788196510418913476e+00
-1.945510520114694275e+00 1.355092974956472407e+00 3.201876905986481781e+00 -6.514875231694230440e-01 -2.030920578738166338e+00 -3.449425239937432552e-01 -2.718871270280974972e+00 2.788196510418913476e+00
-1.945510520114694275e+00 1.355092974956472407e+00 3.201876905986481781e+00 -6.514875231694230440e-01 -2.030920578738166338e+00 -3.449425239937432552e-01 -3.336905245124975217e+00 2.788196510418913476e+00
-1.945510520114694275e+00 1.355092974956472407e+00 3.201876905986481781e+00 -6.514875231694230440e-01 -2.030920578738166338e+00 -3.449425239937432552e-01 -2.336905270280975166e+00 2.788196510418913476e+00
-1.945510520114694275e+00 1.355092974956472407e+00 3.201876905986481781e+00 -6.514875231694230440e-01 -2.030920578738166338e+00 -3.449425239937432552e-01 -2.937498297621953913e+00 2.788196510418913476e+00
-1.945510520114694275e+00 1.355092974956472407e+00 3.201876905986481781e+00 -6.514875231694230440e-01 -2.030920578738166338e+00 -3.449425239937432552e-01 -2.941998347101014488e+00 2.788196510418913476e+00
-1.945510520114694275e+00 1.355092974956472407e+00 3.201876905986481781e+00 -6.514875231694230440e-01 -2.030920578738166338e+00 -3.449425239937432552e-01 -2.838074235824784797e+00 2.788196510418913476e+00
-1.945510520114694275e+00 1.355092974956472407e+00 3.201876905986481781e+00 -6.514875231694230440e-01 -2.030920578738166338e+00 -3.449425239937432552e-01 -2.899521686433536249e+00 2.788196510418913476e+00
-1.945510520114694275e+00 1.355092974956472407e+00 3.201876905986481781e+00 -6.514875231694230440e-01 -2.030920578738166338e+00 -3.449425239937432552e-01 -2.919801676540206614e+00 2.788196510418913476e+00
-1.945510520114694275e+00 1.355092974956472407e+00 3.201876905986481781e+00 -6.514875231694230440e-01 -2.030920578738166338e+00 -3.449425239937432552e-01 -2.930738790053843079e+00 2.788196510418913476e+00
-1.945510520114694275e+00 1.355092974956472407e+00 3.201876905986481781e+00 -6.514875231694230440e-01 -2.030920578738166338e+00 -3.449425239937432552e-01 -2.926561184553493344e+00 2.788196510418913476e+00
-1.945510520114694275e+00 1.355092974956472407e+00 3.201876905986481781e+00 -6.514875231694230440e-01 -2.030920578738166338e+00 -3.449425239937432552e-01 -2.933320692121604178e+00 2.788196510418913476e+00
-1.945510520114694275e+00 1.355092974956472407e+00 3.201876905986481781e+00 -6.514875231694230440e-01 -2.030920578738166338e+00 -3.449425239937432552e-01 -2.933320692121604178e+00 2.788196510418913476e+00
-1.945510520114694275e+00 1.355092974956472407e+00 3.201876905986481781e+00 -6.514875231694230440e-01 -2.030920578738166338e+00 -3.449425239937432552e-01 -2.933320692121604178e+00 3.788196510418913476e+00
-1.945510520114694275e+00 1.355092974956472407e+00 3.201876905986481781e+00 -6.514875231694230440e-01 -2.030920578738166338e+00 -3.449425239937432552e-01 -2.933320692121604178e+00 1.170162510418913504e+00
-1.945510520114694275e+00 1.355092974956472407e+00 3.201876905986481781e+00 -6.514875231694230440e-01 -2.030920578738166338e+00 -3.449425239937432552e-01 -2.933320692121604178e+00 2.788196510418913476e+00
-1.945510520114694275e+00 1.355092974956472407e+00 3.201876905986481781e+00 -6.514875231694230440e-01 -2.030920578738166338e+00 -3.449425239937432552e-01 -2.933320692121604178e+00 2.170162535574913676e+00
-1.945510520114694275e+00 1.355092974956472407e+00 3.201876905986481781e+00 -6.514875231694230440e-01 -2.030920578738166338e+00 -3.449425239937432552e-01 -2.933320692121604178e+00 3.170162510418913726e+00
-1.945510520114694275e+00 1.355092974956472407e+00 3.201876905986481781e+00 -6.514875231694230440e-01 -2.030920578738166338e+00 -3.449425239937432552e-01 -2.933320692121604178e+00 2.622737094228461352e+00
-1.945510520114694275e+00 1.355092974956472407e+00 3.201876905986481781e+00 -6.514875231694230440e-01 -2.030920578738166338e+00 -3.449425239937432552e-01 -2.933320692121604178e+00 2.563316753953649663e+00
-1.945510520114694275e+00 1.355092974956472407e+00 3.201876905986481781e+00 -6.514875231694230440e-01 -2.030920578738166338e+00 -3.449425239937432552e-01 -2.933320692121604178e+00 2.634532192109255710e+00
-1.945510520114694275e+00 1.355092974956472407e+00 3.201876905986481781e+00 -6.514875231694230440e-01 -2.030920578738166338e+00 -3.449425239937432552e-01 -2.933320692121604178e+00 2.595480640495380520e+00
-1.945510520114694275e+00 1.355092974956472407e+00 3.201876905986481781e+00 -6.514875231694230440e-01 -2.030920578738166338e+00 -3.449425239937432552e-01 -2.933320692121604178e+00 2.612326055621851495e+00
-1.945510520114694275e+00 1.355092974956472407e+00 3.201876905986481781e+00 -6.514875231694230440e-01 -2.030920578738166338e+00 -3.449425239937432552e-01 -2.933320692121604178e+00 2.627242420585596872e+00
-1.945510520114694275e+00 1.355092974956472407e+00 3.201876905986481781e+00 -6.514875231694230440e-01 -2.030920578738166338e+00 -3.449425239937432552e-01 -2.933320692121604178e+00 2.618760431456049087e+00
-1.945510520114694275e+00 1.355092974956472407e+00 3.201876905986481781e+00 -6.514875231694230440e-01 -2.030920578738166338e+00 -3.449425239937432552e-01 -2.933320692121604178e+00 2.624457975715791314e+00
-1.945510520114694275e+00 1.355092974956472407e+00 3.201876905986481781e+00 -6.514875231694230440e-01 -2.030920578738166338e+00 -3.449425239937432552e-01 -2.933320692121604178e+00 2.621082500056556963e+00
-2.648185061315555089e+00 -2.687305980826426577e-02 6.819910890439217610e+00 -2.733411831794230196e-01 -1.737182515389430915e+00 -1.414755104664735530e-01 -3.147770113962233385e+00 2.457277678038009228e+00
-1.945510520114694275e+00 1.355092974956472407e+00 3.201876905986481781e+00 -6.514875231694230440e-01 -2.030920578738166338e+00 -3.449425239937432552e-01 -2.933320692121604178e+00 2.622737094228461352e+00
-9.455105201146942751e-01 1.355092974956472407e+00 3.201876905986481781e+00 -6.514875231694230440e-01 -2.030920578738166338e+00 -3.449425239937432552e-01 -2.933320692121604178e+00 2.622737094228461352e+00
-3.563544520114694247e+00 1.355092974956472407e+00 3.201876905986481781e+00 -6.514875231694230440e-01 -2.030920578738166338e+00 -3.449425239937432552e-01 -2.933320692121604178e+00 2.622737094228461352e+00
-1.945510520114694275e+00 1.355092974956472407e+00 3.201876905986481781e+00 -6.514875231694230440e-01 -2.030920578738166338e+00 -3.449425239937432552e-01 -2.933320692121604178e+00 2.622737094228461352e+00
-2.563544494958694298e+00 1.355092974956472407e+00 3.201876905986481781e+00 -6.514875231694230440e-01 -2.030920578738166338e+00 -3.449425239937432552e-01 -2.933320692121604178e+00 2.622737094228461352e+00
-1.563544520114694247e+00 1.355092974956472407e+00 3.201876905986481781e+00 -6.514875231694230440e-01 -2.030920578738166338e+00 -3.449425239937432552e-01 -2.933320692121604178e+00 2.622737094228461352e+00
-2.073007126639142772e+00 1.355092974956472407e+00 3.201876905986481781e+00 -6.514875231694230440e-01 -2.030920578738166338e+00 -3.449425239937432552e-01 -2.933320692121604178e+00 2.622737094228461352e+00
-2.080086155384732294e+00 1.355092974956472407e+00 3.201876905986481781e+00 -6.514875231694230440e-01 -2.030920578738166338e+00 -3.449425239937432552e-01 -2.933320692121604178e+00 2.622737094228461352e+00
-2.264750803518440492e+00 1.355092974956472407e+00 3.201876905986481781e+00 -6.514875231694230440e-01 -2.030920578738166338e+00 -3.449425239937432552e-01 -2.933320692121604178e+00 2.622737094228461352e+00
-2.150621772373772167e+00 1.355092974956472407e+00 3.201876905986481781e+00 -6.514875231694230440e-01 -2.030920578738166338e+00 -3.449425239937432552e-01 -2.933320692121604178e+00 2.622737094228461352e+00
-2.107028362863567761e+00 1.355092974956472407e+00 3.201876905986481781e+00 -6.514875231694230440e-01 -2.030920578738166338e+00 -3.449425239937432552e-01 -2.933320692121604178e+00 2.622737094228461352e+00
-2.090377162606593231e+00 1.355092974956472407e+00 3.201876905986481781e+00 -6.514875231694230440e-01 -2.030920578738166338e+00 -3.449425239937432552e-01 -2.933320692121604178e+00 2.622737094228461352e+00
-2.084016970249237488e+00 1.355092974956472407e+00 3.201876905986481781e+00 -6.514875231694230440e-01 -2.030920578738166338e+00 -3.449425239937432552e-01 -2.933320692121604178e+00 2.622737094228461352e+00
-2.077588861101420381e+00 1.355092974956472407e+00 3.201876905986481781e+00 -6.514875231694230440e-01 -2.030920578738166338e+00 -3.449425239937432552e-01 -2.933320692121604178e+00 2.622737094228461352e+00
-2.081587593015267856e+00 1.355092974956472407e+00 3.201876905986481781e+00 -6.514875231694230440e-01 -2.030920578738166338e+00 -3.449425239937432552e-01 -2.933320692121604178e+00 2.622737094228461352e+00
-2.080086155384732294e+00 1.355092974956472407e+00 3.201876905986481781e+00 -6.514875231694230440e-01 -2.030920578738166338e+00 -3.449425239937432552e-01 -2.933320692121604178e+00 2.622737094228461352e+00
-2.080086155384732294e+00 2.355092974956472407e+00 3.201876905986481781e+00 -6.514875231694230440e-01 -2.030920578738166338e+00 -3.449425239937432552e-01 -2.933320692121604178e+00 2.622737094228461352e+00
-2.080086155384732294e+00 -2.629410250435275653e-01 3.201876905986481781e+00 -6.514875231694230440e-01 -2.030920578738166338e+00 -3.449425239937432552e-01 -2.933320692121604178e+00 2.622737094228461352e+00
-2.080086155384732294e+00 1.355092974956472407e+00 3.201876905986481781e+00 -6.514875231694230440e-01 -2.030920578738166338e+00 -3.449425239937432552e-01 -2.933320692121604178e+00 2.622737094228461352e+00
-2.080086155384732294e+00 7.370590001124723845e-01 3.201876905986481781e+00 -6.514875231694230440e-01 -2.030920578738166338e+00 -3.449425239937432552e-01 -2.933320692121604178e+00 2.622737094228461352e+00
-2.080086155384732294e+00 1.737058974956472435e+00 3.201876905986481781e+00 -6.514875231694230440e-01 -2.030920578738166338e+00 -3.449425239937432552e-01 -2.933320692121604178e+00 2.622737094228461352e+00
-2.080086155384732294e+00 1.350983278410559318e+00 3.201876905986481781e+00 -6.514875231694230440e-01 -2.030920578738166338e+00 -3.449425239937432552e-01 -2.933320692121604178e+00 2.622737094228461352e+00
-2.080086155384732294e+00 1.440667936110074265e+00 3.201876905986481781e+00 -6.514875231694230440e-01 -2.030920578738166338e+00 -3.449425239937432552e-01 -2.933320692121604178e+00 2.622737094228461352e+00
-2.080086155384732294e+00 1.387779700568469110e+00 3.201876905986481781e+00 -6.514875231694230440e-01 -2.030920578738166338e+00 -3.449425239937432552e-01 -2.933320692121604178e+00 2.622737094228461352e+00
-2.080086155384732294e+00 1.372930038356387383e+00 3.201876905986481781e+00 -6.514875231694230440e-01 -2.030920578738166338e+00 -3.449425239937432552e-01 -2.933320692121604178e+00 2.622737094228461352e+00
-2.080086155384732294e+00 1.372546684298670661e+00 3.201876905986481781e+00 -6.514875231694230440e-01 -2.030920578738166338e+00 -3.449425239937432552e-01 -2.933320692121604178e+00 2.622737094228461352e+00
-2.080086155384732294e+00 1.378602104432887332e+00 3.201876905986481781e+00 -6.514875231694230440e-01 -2.030920578738166338e+00 -3.449425239937432552e-01 -2.933320692121604178e+00 2.622737094228461352e+00
-2.080086155384732294e+00 1.379293901908243303e+00 3.201876905986481781e+00 -6.514875231694230440e-01 -2.030920578738166338e+00 -3.449425239937432552e-01 -2.933320692121604178e+00 2.622737094228461352e+00
-2.080086155384732294e+00 1.376647171809374459e+00 3.201876905986481781e+00 -6.514875231694230440e-01 -2.030920578738166338e+00 -3.449425239937432552e-01 -2.933320692121604178e+00 2.622737094228461352e+00
-2.080086155384732294e+00 1.377855386638414670e+00 3.201876905986481781e+00 -6.514875231694230440e-01 -2.030920578738166338e+00 -3.449425239937432552e-01 -2.933320692121604178e+00 2.622737094228461352e+00
-2.080086155384732294e+00 1.378316883623803779e+00 3.201876905986481781e+00 -6.514875231694230440e-01 -2.030920578738166338e+00 -3.449425239937432552e-01 -2.933320692121604178e+00 2.622737094228461352e+00
-2.080086155384732294e+00 1.378837195737651511e+00 3.201876905986481781e+00 -6.514875231694230440e-01 -2.030920578738166338e+00 -3.449425239937432552e-01 -2.933320692121604178e+00 2.622737094228461352e+00
-2.080086155384732294e+00 1.378602104432887332e+00 3.201876905986481781e+00 -6.514875231694230440e-01 -2.030920578738166338e+00 -3.449425239937432552e-01 -2.933320692121604178e+00 2.622737094228461352e+00
-2.080086155384732294e+00 1.378602104432887332e+00 4.201876905986481781e+00 -6.514875231694230440e-01 -2.030920578738166338e+00 -3.449425239937432552e-01 -2.933320692121604178e+00 2.622737094228461352e+00
-2.080086155384732294e+00 1.378602104432887332e+00 1.583842905986481808e+00 -6.514875231694230440e-01 -2.030920578738166338e+00 -3.449425239937432552e-01 -2.933320692121604178e+00 2.622737094228461352e+00
-2.080086155384732294e+00 1.378602104432887332e+00 3.201876905986481781e+00 -6.514875231694230440e-01 -2.030920578738166338e+00 -3.449425239937432552e-01 -2.933320692121604178e+00 2.622737094228461352e+00
-2.080086155384732294e+00 1.378602104432887332e+00 2.583842931142481980e+00 -6.514875231694230440e-01 -2.030920578738166338e+00 -3.449425239937432552e-01 -2.933320692121604178e+00 2.622737094228461352e+00
-2.080086155384732294e+00 1.378602104432887332e+00 3.583842905986482030e+00 -6.514875231694230440e-01 -2.030920578738166338e+00 -3.449425239937432552e-01 -2.933320692121604178e+00 2.622737094228461352e+00
-2.080086155384732294e+00 1.378602104432887332e+00 3.065353155721795897e+00 -6.514875231694230440e-01 -2.030920578738166338e+00 -3.449425239937432552e-01 -2.933320692121604178e+00 2.622737094228461352e+00
-2.080086155384732294e+00 1.378602104432887332e+00 3.347774931142481591e+00 -6.514875231694230440e-01 -2.030920578738166338e+00 -3.449425239937432552e-01 -2.933320692121604178e+00 2.622737094228461352e+00
-2.080086155384732294e+00 1.378602104432887332e+00 3.437944871221745302e+00 -6.514875231694230440e-01 -2.030920578738166338e+00 -3.449425239937432552e-01 -2.933320692121604178e+00 2.622737094228461352e+00
-2.080086155384732294e+00 1.378602104432887332e+00 3.336443704770761798e+00 -6.514875231694230440e-01 -2.030920578738166338e+00 -3.449425239937432552e-01 -2.933320692121604178e+00 2.622737094228461352e+00
-2.080086155384732294e+00 1.378602104432887332e+00 3.285043762906325604e+00 -6.514875231694230440e-01 -2.030920578738166338e+00 -3.449425239937432552e-01 -2.933320692121604178e+00 2.622737094228461352e+00
-2.080086155384732294e+00 1.378602104432887332e+00 3.308839803515561950e+00 -6.514875231694230440e-01 -2.030920578738166338e+00 -3.449425239937432552e-01 -2.933320692121604178e+00 2.622737094228461352e+00
-2.080086155384732294e+00 1.378602104432887332e+00 3.253276851236080347e+00 -6.514875231694230440e-01 -2.030920578738166338e+00 -3.449425239937432552e-01 -2.933320692121604178e+00 2.622737094228461352e+00
-2.080086155384732294e+00 1.378602104432887332e+00 3.272909882723288533e+00 -6.514875231694230440e-01 -2.030920578738166338e+00 -3.449425239937432552e-01 -2.933320692121604178e+00 2.622737094228461352e+00
-2.080086155384732294e+00 1.378602104432887332e+00 3.294133041353673352e+00 -6.514875231694230440e-01 -2.030920578738166338e+00 -3.449425239937432552e-01 -2.933320692121604178e+00 2.622737094228461352e+00
-2.080086155384732294e+00 1.378602104432887332e+00 3.280409033228331772e+00 -6.514875231694230440e-01 -2.030920578738166338e+00 -3.449425239937432552e-01 -2.933320692121604178e+00 2.622737094228461352e+00
-2.080086155384732294e+00 1.378602104432887332e+00 3.288515558237745218e+00 -6.514875231694230440e-01 -2.030920578738166338e+00 -3.449425239937432552e-01 -2.933320692121604178e+00 2.622737094228461352e+00
-2.080086155384732294e+00 1.378602104432887332e+00 3.283273453750140902e+00 -6.514875231694230440e-01 -2.030920578738166338e+00 -3.449425239937432552e-01 -2.933320692121604178e+00 2.622737094228461352e+00
-2.080086155384732294e+00 1.378602104432887332e+00 3.286369870681886685e+00 -6.514875231694230440e-01 -2.030920578738166338e+00 -3.449425239937432552e-01 -2.933320692121604178e+00 2.622737094228461352e+00
-2.080086155384732294e+00 1.378602104432887332e+00 3.284212094327127129e+00 -6.514875231694230440e-01 -2.030920578738166338e+00 -3.449425239937432552e-01 -2.933320692121604178e+00 2.622737094228461352e+00
-2.080086155384732294e+00 1.378602104432887332e+00 3.285043762906325604e+00 -6.514875231694230440e-01 -2.030920578738166338e+00 -3.449425239937432552e-01 -2.933320692121604178e+00 2.622737094228461352e+00
-2.080086155384732294e+00 1.378602104432887332e+00 3.285043762906325604e+00 3.485124768305769560e-01 -2.030920578738166338e+00 -3.449425239937432552e-01 -2.933320692121604178e+00 2.622737094228461352e+00
-2.080086155384732294e+00 1.378602104432887332e+00 3.285043762906325604e+00 -2.269521523169423016e+00 -2.030920578738166338e+00 -3.449425239937432552e-01 -2.933320692121604178e+00 2.622737094228461352e+00
-2.080086155384732294e+00 1.378602104432887332e+00 3.285043762906325604e+00 -6.514875231694230440e-01 -2.030920578738166338e+00 -3.449425239937432552e-01 -2.933320692121604178e+00 2.622737094228461352e+00
-2.080086155384732294e+00 1.378602104432887332e+00 3.285043762906325604e+00 -1.269521498013423066e+00 -2.030920578738166338e+00 -3.449425239937432552e-01 -2.933320692121604178e+00 2.622737094228461352e+00
-2.080086155384732294e+00 1.378602104432887332e+00 3.285043762906325604e+00 -2.695215231694230162e-01 -2.030920578738166338e+00 -3.449425239937432552e-01 -2.933320692121604178e+00 2.622737094228461352e+00
-2.080086155384732294e+00 1.378602104432887332e+00 3.285043762906325604e+00 -6.905247169649744166e-01 -2.030920578738166338e+00 -3.449425239937432552e-01 -2.933320692121604178e+00 2.622737094228461352e+00
-2.080086155384732294e+00 1.378602104432887332e+00 3.285043762906325604e+00 -9.116818014349261645e-01 -2.030920578738166338e+00 -3.449425239937432552e-01 -2.933320692121604178e+00 2.622737094228461352e+00
-2.080086155384732294e+00 1.378602104432887332e+00 3.285043762906325604e+00 -7.759729712914185118e-01 -2.030920578738166338e+00 -3.449425239937432552e-01 -2.933320692121604178e+00 2.622737094228461352e+00
-2.080086155384732294e+00 1.378602104432887332e+00 3.285043762906325604e+00 -7.104252515943131341e-01 -2.030920578738166338e+00 -3.449425239937432552e-01 -2.933320692121604178e+00 2.622737094228461352e+00
-2.080086155384732294e+00 1.378602104432887332e+00 3.285043762906325604e+00 -7.354622518961376754e-01 -2.030920578738166338e+00 -3.449425239937432552e-01 -2.933320692121604178e+00 2.622737094228461352e+00
-2.080086155384732294e+00 1.378602104432887332e+00 3.285043762906325604e+00 -7.199885344515998264e-01 -2.030920578738166338e+00 -3.449425239937432552e-01 -2.933320692121604178e+00 2.622737094228461352e+00
-2.080086155384732294e+00 1.378602104432887332e+00 3.285043762906325604e+00 -7.028239239840831099e-01 -2.030920578738166338e+00 -3.449425239937432552e-01 -2.933320692121604178e+00 2.622737094228461352e+00
-2.080086155384732294e+00 1.378602104432887332e+00 3.285043762906325604e+00 -7.140781004941795240e-01 -2.030920578738166338e+00 -3.449425239937432552e-01 -2.933320692121604178e+00 2.622737094228461352e+00
-2.080086155384732294e+00 1.378602104432887332e+00 3.285043762906325604e+00 -7.075218028923440095e-01 -2.030920578738166338e+00 -3.449425239937432552e-01 -2.933320692121604178e+00 2.622737094228461352e+00
-2.080086155384732294e+00 1.378602104432887332e+00 3.285043762906325604e+00 -7.118205156771995057e-01 -2.030920578738166338e+00 -3.449425239937432552e-01 -2.933320692121604178e+00 2.622737094228461352e+00
-2.080086155384732294e+00 1.378602104432887332e+00 3.285043762906325604e+00 -7.093162329074167438e-01 -2.030920578738166338e+00 -3.449425239937432552e-01 -2.933320692121604178e+00 2.622737094228461352e+00
-2.080086155384732294e+00 1.378602104432887332e+00 3.285043762906325604e+00 -7.110146288885620391e-01 -2.030920578738166338e+00 -3.449425239937432552e-01 -2.933320692121604178e+00 2.622737094228461352e+00
-2.080086155384732294e+00 1.378602104432887332e+00 3.285043762906325604e+00 -7.110146288885620391e-01 -2.030920578738166338e+00 -3.449425239937432552e-01 -2.933320692121604178e+00 2.622737094228461352e+00
-2.080086155384732294e+00 1.378602104432887332e+00 3.285043762906325604e+00 -7.110146288885620391e-01 -1.030920578738166338e+00 -3.449425239937432552e-01 -2.933320692121604178e+00 2.622737094228461352e+00
-2.080086155384732294e+00 1.378602104432887332e+00 3.285043762906325604e+00 -7.110146288885620391e-01 -3.648954578738166532e+00 -3.449425239937432552e-01 -2.933320692121604178e+00 2.622737094228461352e+00
-2.080086155384732294e+00 1.378602104432887332e+00 3.285043762906325604e+00 -7.110146288885620391e-01 -2.030920578738166338e+00 -3.449425239937432552e-01 -2.933320692121604178e+00 2.622737094228461352e+00
-2.080086155384732294e+00 1.378602104432887332e+00 3.285043762906325604e+00 -7.110146288885620391e-01 -2.648954553582166582e+00 -3.449425239937432552e-01 -2.933320692121604178e+00 2.622737094228461352e+00
-2.080086155384732294e+00 1.378602104432887332e+00 3.285043762906325604e+00 -7.110146288885620391e-01 -1.648954578738166310e+00 -3.449425239937432552e-01 -2.933320692121604178e+00 2.622737094228461352e+00
-2.080086155384732294e+00 1.378602104432887332e+00 3.285043762906325604e+00 -7.110146288885620391e-01 -1.983855830607800019e+00 -3.449425239937432552e-01 -2.933320692121604178e+00 2.622737094228461352e+00
-2.080086155384732294e+00 1.378602104432887332e+00 3.285043762906325604e+00 -7.110146288885620391e-01 -1.897350479232752019e+00 -3.449425239937432552e-01 -2.933320692121604178e+00 2.622737094228461352e+00
-2.080086155384732294e+00 1.378602104432887332e+00 3.285043762906325604e+00 -7.110146288885620391e-01 -1.950813727564478572e+00 -3.449425239937432552e-01 -2.933320692121604178e+00 2.622737094228461352e+00
-2.080086155384732294e+00 1.378602104432887332e+00 3.285043762906325604e+00 -7.110146288885620391e-01 -1.963457992840110578e+00 -3.449425239937432552e-01 -2.933320692121604178e+00 2.622737094228461352e+00
-2.080086155384732294e+00 1.378602104432887332e+00 3.285043762906325604e+00 -7.110146288885620391e-01 -1.966810812868477809e+00 -3.449425239937432552e-01 -2.933320692121604178e+00 2.622737094228461352e+00
-2.080086155384732294e+00 1.378602104432887332e+00 3.285043762906325604e+00 -7.110146288885620391e-01 -1.958628313409838562e+00 -3.449425239937432552e-01 -2.933320692121604178e+00 2.622737094228461352e+00
-2.080086155384732294e+00 1.378602104432887332e+00 3.285043762906325604e+00 -7.110146288885620391e-01 -1.961613219506847194e+00 -3.449425239937432552e-01 -2.933320692121604178e+00 2.622737094228461352e+00
-2.080086155384732294e+00 1.378602104432887332e+00 3.285043762906325604e+00 -7.110146288885620391e-01 -1.964738656095065927e+00 -3.449425239937432552e-01 -2.933320692121604178e+00 2.622737094228461352e+00
-2.080086155384732294e+00 1.378602104432887332e+00 3.285043762906325604e+00 -7.110146288885620391e-01 -1.962753352149097408e+00 -3.449425239937432552e-01 -2.933320692121604178e+00 2.622737094228461352e+00
-2.080086155384732294e+00 1.378602104432887332e+00 3.285043762906325604e+00 -7.110146288885620391e-01 -1.963457992840110578e+00 -3.449425239937432552e-01 -2.933320692121604178e+00 2.622737094228461352e+00
-2.080086155384732294e+00 1.378602104432887332e+00 3.285043762906325604e+00 -7.110146288885620391e-01 -1.963457992840110578e+00 6.550574760062567448e-01 -2.933320692121604178e+00 2.622737094228461352e+00
-2.080086155384732294e+00 1.378602104432887332e+00 3.285043762906325604e+00 -7.110146288885620391e-01 -1.963457992840110578e+00 -1.962976523993743339e+00 -2.933320692121604178e+00 2.622737094228461352e+00
-2.080086155384732294e+00 1.378602104432887332e+00 3.285043762906325604e+00 -7.110146288885620391e-01 -1.963457992840110578e+00 -3.449425239937432552e-01 -2.933320692121604178e+00 2.622737094228461352e+00
-2.080086155384732294e+00 1.378602104432887332e+00 3.285043762906325604e+00 -7.110146288885620391e-01 -1.963457992840110578e+00 -9.629764988377432777e-01 -2.933320692121604178e+00 2.622737094228461352e+00
-2.080086155384732294e+00 1.378602104432887332e+00 3.285043762906325604e+00 -7.110146288885620391e-01 -1.963457992840110578e+00 3.702347600625677249e-02 -2.933320692121604178e+00 2.622737094228461352e+00
-2.080086155384732294e+00 1.378602104432887332e+00 3.285043762906325604e+00 -7.110146288885620391e-01 -1.963457992840110578e+00 -2.878258369828175511e-01 -2.933320692121604178e+00 2.622737094228461352e+00
-2.080086155384732294e+00 1.378602104432887332e+00 3.285043762906325604e+00 -7.110146288885620391e-01 -1.963457992840110578e+00 -2.345689046825245871e-01 -2.933320692121604178e+00 2.622737094228461352e+00
-2.080086155384732294e+00 1.378602104432887332e+00 3.285043762906325604e+00 -7.110146288885620391e-01 -1.963457992840110578e+00 -1.308298494003535262e-01 -2.933320692121604178e+00 2.622737094228461352e+00
-2.080086155384732294e+00 1.378602104432887332e+00 3.285043762906325604e+00 -7.110146288885620391e-01 -1.963457992840110578e+00 -1.867347567888185955e-01 -2.933320692121604178e+00 2.622737094228461352e+00
-2.080086155384732294e+00 1.378602104432887332e+00 3.285043762906325604e+00 -7.110146288885620391e-01 -1.963457992840110578e+00 -2.549112420855382810e-01 -2.933320692121604178e+00 2.622737094228461352e+00
-2.080086155384732294e+00 1.378602104432887332e+00 3.285043762906325604e+00 -7.110146288885620391e-01 -1.963457992840110578e+00 -2.162978865481572921e-01 -2.933320692121604178e+00 2.622737094228461352e+00
-2.080086155384732294e+00 1.378602104432887332e+00 3.285043762906325604e+00 -7.110146288885620391e-01 -1.963457992840110578e+00 -2.423389859310041139e-01 -2.933320692121604178e+00 2.622737094228461352e+00
-2.080086155384732294e+00 1.378602104432887332e+00 3.285043762906325604e+00 -7.110146288885620391e-01 -1.963457992840110578e+00 -2.275899969698128578e-01 -2.933320692121604178e+00 2.622737094228461352e+00
-2.080086155384732294e+00 1.378602104432887332e+00 3.285043762906325604e+00 -7.110146288885620391e-01 -1.963457992840110578e+00 -2.375368115366813249e-01 -2.933320692121604178e+00 2.622737094228461352e+00
-2.080086155384732294e+00 1.378602104432887332e+00 3.285043762906325604e+00 -7.110146288885620391e-01 -1.963457992840110578e+00 -2.393710788813832313e-01 -2.933320692121604178e+00 2.622737094228461352e+00
-2.080086155384732294e+00 1.378602104432887332e+00 3.285043762906325604e+00 -7.110146288885620391e-01 -1.963457992840110578e+00 -2.364031720272264936e-01 -2.933320692121604178e+00 2.622737094228461352e+00
-2.080086155384732294e+00 1.378602104432887332e+00 3.285043762906325604e+00 -7.110146288885620391e-01 -1.963457992840110578e+00 -2.375368115366813249e-01 -2.933320692121604178e+00 2.622737094228461352e+00
-2.080086155384732294e+00 1.378602104432887332e+00 3.285043762906325604e+00 -7.110146288885620391e-01 -1.963457992840110578e+00 -2.375368115366813249e-01 -1.933320692121604178e+00 2.622737094228461352e+00
-2.080086155384732294e+00 1.378602104432887332e+00 3.285043762906325604e+00 -7.110146288885620391e-01 -1.963457992840110578e+00 -2.375368115366813249e-01 -4.551354692121604373e+00 2.622737094228461352e+00
-2.080086155384732294e+00 1.378602104432887332e+00 3.285043762906325604e+00 -7.110146288885620391e-01 -1.963457992840110578e+00 -2.375368115366813249e-01 -2.933320692121604178e+00 2.622737094228461352e+00
-2.080086155384732294e+00 1.378602104432887332e+00 3.285043762906325604e+00 -7.110146288885620391e-01 -1.963457992840110578e+00 -2.375368115366813249e-01 -3.551354666965604423e+00 2.622737094228461352e+00
-2.080086155384732294e+00 1.378602104432887332e+00 3.285043762906325604e+00 -7.110146288885620391e-01 -1.963457992840110578e+00 -2.375368115366813249e-01 -2.551354692121604373e+00 2.622737094228461352e+00
-2.080086155384732294e+00 1.378602104432887332e+00 3.285043762906325604e+00 -7.110146288885620391e-01 -1.963457992840110578e+00 -2.375368115366813249e-01 -2.962283629250024752e+00 2.622737094228461352e+00
-2.080086155384732294e+00 1.378602104432887332e+00 3.285043762906325604e+00 -7.110146288885620391e-01 -1.963457992840110578e+00 -2.375368115366813249e-01 -2.792954240423913603e+00 2.622737094228461352e+00
-2.080086155384732294e+00 1.378602104432887332e+00 3.285043762906325604e+00 -7.110146288885620391e-01 -1.963457992840110578e+00 -2.375368115366813249e-01 -2.879705480032443976e+00 2.622737094228461352e+00
-2.080086155384732294e+00 1.378602104432887332e+00 3.285043762906325604e+00 -7.110146288885620391e-01 -1.963457992840110578e+00 -2.375368115366813249e-01 -2.912841504020756034e+00 2.622737094228461352e+00
-2.080086155384732294e+00 1.378602104432887332e+00 3.285043762906325604e+00 -7.110146288885620391e-01 -1.963457992840110578e+00 -2.375368115366813249e-01 -2.944383549364798736e+00 2.622737094228461352e+00
-2.080086155384732294e+00 1.378602104432887332e+00 3.285043762906325604e+00 -7.110146288885620391e-01 -1.963457992840110578e+00 -2.375368115366813249e-01 -2.925498338559475719e+00 2.622737094228461352e+00
-2.080086155384732294e+00 1.378602104432887332e+00 3.285043762906325604e+00 -7.110146288885620391e-01 -1.963457992840110578e+00 -2.375368115366813249e-01 -2.937546327451358241e+00 2.622737094228461352e+00
-2.080086155384732294e+00 1.378602104432887332e+00 3.285043762906325604e+00 -7.110146288885620391e-01 -1.963457992840110578e+00 -2.375368115366813249e-01 -2.930332819020892376e+00 2.622737094228461352e+00
-2.080086155384732294e+00 1.378602104432887332e+00 3.285043762906325604e+00 -7.110146288885620391e-01 -1.963457992840110578e+00 -2.375368115366813249e-01 -2.928486211856966559e+00 2.622737094228461352e+00
-2.080086155384732294e+00 1.378602104432887332e+00 3.285043762906325604e+00 -7.110146288885620391e-01 -1.963457992840110578e+00 -2.375368115366813249e-01 -2.931474084957678805e+00 2.622737094228461352e+00
-2.080086155384732294e+00 1.378602104432887332e+00 3.285043762906325604e+00 -7.110146288885620391e-01 -1.963457992840110578e+00 -2.375368115366813249e-01 -2.929627477868916419e+00 2.622737094228461352e+00
-2.080086155384732294e+00 1.378602104432887332e+00 3.285043762906325604e+00 -7.110146288885620391e-01 -1.963457992840110578e+00 -2.375368115366813249e-01 -2.930768743805702847e+00 2.622737094228461352e+00
-2.080086155384732294e+00 1.378602104432887332e+00 3.285043762906325604e+00 -7.110146288885620391e-01 -1.963457992840110578e+00 -2.375368115366813249e-01 -2.930063402682436369e+00 2.622737094228461352e+00
-2.080086155384732294e+00 1.378602104432887332e+00 3.285043762906325604e+00 -7.110146288885620391e-01 -1.963457992840110578e+00 -2.375368115366813249e-01 -2.930499327467247284e+00 2.622737094228461352e+00
-2.080086155384732294e+00 1.378602104432887332e+00 3.285043762906325604e+00 -7.110146288885620391e-01 -1.963457992840110578e+00 -2.375368115366813249e-01 -2.930229911139757615e+00 2.622737094228461352e+00
-2.080086155384732294e+00 1.378602104432887332e+00 3.285043762906325604e+00 -7.110146288885620391e-01 -1.963457992840110578e+00 -2.375368115366813249e-01 -2.930396419586112522e+00 2.622737094228461352e+00
-2.080086155384732294e+00 1.378602104432887332e+00 3.285043762906325604e+00 -7.110146288885620391e-01 -1.963457992840110578e+00 -2.375368115366813249e-01 -2.930293511709166854e+00 2.622737094228461352e+00
-2.080086155384732294e+00 1.378602104432887332e+00 3.285043762906325604e+00 -7.110146288885620391e-01 -1.963457992840110578e+00 -2.375368115366813249e-01 -2.930362697761899504e+00 2.622737094228461352e+00
-2.080086155384732294e+00 1.378602104432887332e+00 3.285043762906325604e+00 -7.110146288885620391e-01 -1.963457992840110578e+00 -2.375368115366813249e-01 -2.930332819020892376e+00 2.622737094228461352e+00
-2.080086155384732294e+00 1.378602104432887332e+00 3.285043762906325604e+00 -7.110146288885620391e-01 -1.963457992840110578e+00 -2.375368115366813249e-01 -2.930332819020892376e+00 3.622737094228461352e+00
-2.080086155384732294e+00 1.378602104432887332e+00 3.285043762906325604e+00 -7.110146288885620391e-01 -1.963457992840110578e+00 -2.375368115366813249e-01 -2.930332819020892376e+00 1.004703094228461380e+00
-2.080086155384732294e+00 1.378602104432887332e+00 3.285043762906325604e+00 -7.110146288885620391e-01 -1.963457992840110578e+00 -2.375368115366813249e-01 -2.930332819020892376e+00 2.622737094228461352e+00
-2.080086155384732294e+00 1.378602104432887332e+00 3.285043762906325604e+00 -7.110146288885620391e-01 -1.963457992840110578e+00 -2.375368115366813249e-01 -2.930332819020892376e+00 2.004703119384461552e+00
-2.080086155384732294e+00 1.378602104432887332e+00 3.285043762906325604e+00 -7.110146288885620391e-01 -1.963457992840110578e+00 -2.375368115366813249e-01 -2.930332819020892376e+00 3.004703094228461602e+00
-2.080086155384732294e+00 1.378602104432887332e+00 3.285043762906325604e+00 -7.110146288885620391e-01 -1.963457992840110578e+00 -2.375368115366813249e-01 -2.930332819020892376e+00 2.577606541714978938e+00
-2.080086155384732294e+00 1.378602104432887332e+00 3.285043762906325604e+00 -7.110146288885620391e-01 -1.963457992840110578e+00 -2.375368115366813249e-01 -2.930332819020892376e+00 2.737718178511342693e+00
-2.080086155384732294e+00 1.378602104432887332e+00 3.285043762906325604e+00 -7.110146288885620391e-01 -1.963457992840110578e+00 -2.375368115366813249e-01 -2.930332819020892376e+00 2.666655959067656401e+00
-2.080086155384732294e+00 1.378602104432887332e+00 3.285043762906325604e+00 -7.110146288885620391e-01 -1.963457992840110578e+00 -2.375368115366813249e-01 -2.930332819020892376e+00 2.595079131568374553e+00
-2.080086155384732294e+00 1.378602104432887332e+00 3.285043762906325604e+00 -7.110146288885620391e-01 -1.963457992840110578e+00 -2.375368115366813249e-01 -2.930332819020892376e+00 2.639791216820464914e+00
-2.080086155384732294e+00 1.378602104432887332e+00 3.285043762906325604e+00 -7.110146288885620391e-01 -1.963457992840110578e+00 -2.375368115366813249e-01 -2.930332819020892376e+00 2.612172692863038659e+00
-2.080086155384732294e+00 1.378602104432887332e+00 3.285043762906325604e+00 -7.110146288885620391e-01 -1.963457992840110578e+00 -2.375368115366813249e-01 -2.930332819020892376e+00 2.629251189218438700e+00
-2.080086155384732294e+00 1.378602104432887332e+00 3.285043762906325604e+00 -7.110146288885620391e-01 -1.963457992840110578e+00 -2.375368115366813249e-01 -2.930332819020892376e+00 2.618701852096516181e+00
-2.080086155384732294e+00 1.378602104432887332e+00 3.285043762906325604e+00 -7.110146288885620391e-01 -1.963457992840110578e+00 -2.375368115366813249e-01 -2.930332819020892376e+00 2.616207935260741912e+00
-2.080086155384732294e+00 1.378602104432887332e+00 3.285043762906325604e+00 -7.110146288885620391e-01 -1.963457992840110578e+00 -2.375368115366813249e-01 -2.930332819020892376e+00 2.620243177392686640e+00
-2.080086155384732294e+00 1.378602104432887332e+00 3.285043762906325604e+00 -7.110146288885620391e-01 -1.963457992840110578e+00 -2.375368115366813249e-01 -2.930332819020892376e+00 2.617749260658422727e+00
-2.080086155384732294e+00 1.378602104432887332e+00 3.285043762906325604e+00 -7.110146288885620391e-01 -1.963457992840110578e+00 -2.375368115366813249e-01 -2.930332819020892376e+00 2.619290585954593187e+00
-2.080086155384732294e+00 1.378602104432887332e+00 3.285043762906325604e+00 -7.110146288885620391e-01 -1.963457992840110578e+00 -2.375368115366813249e-01 -2.930332819020892376e+00 2.618337994555273607e+00
-2.080086155384732294e+00 1.378602104432887332e+00 3.285043762906325604e+00 -7.110146288885620391e-01 -1.963457992840110578e+00 -2.375368115366813249e-01 -2.930332819020892376e+00 2.618926728413350613e+00
-2.080086155384732294e+00 1.378602104432887332e+00 3.285043762906325604e+00 -7.110146288885620391e-01 -1.963457992840110578e+00 -2.375368115366813249e-01 -2.930332819020892376e+00 2.618562870886917970e+00
-2.080086155384732294e+00 1.378602104432887332e+00 3.285043762906325604e+00 -7.110146288885620391e-01 -1.963457992840110578e+00 -2.375368115366813249e-01 -2.930332819020892376e+00 2.618787747203752403e+00
-2.080086155384732294e+00 1.378602104432887332e+00 3.285043762906325604e+00 -7.110146288885620391e-01 -1.963457992840110578e+00 -2.375368115366813249e-01 -2.930332819020892376e+00 2.618648765999811001e+00
-2.080086155384732294e+00 1.378602104432887332e+00 3.285043762906325604e+00 -7.110146288885620391e-01 -1.963457992840110578e+00 -2.375368115366813249e-01 -2.930332819020892376e+00 2.618742204527835682e+00
