3.491257046802198616e-01 -3.005316499672662456e+00 1.723226941601474493e+00 2.341136596431240058e+00 1.408809044123272791e+00 -1.352382489801684073e+00 1.214098701934234192e-01 2.531472316790068788e-01
3.491257046802198616e-01 -3.005316499672662456e+00 1.723226941601474493e+00 2.341136596431240058e+00 1.408809044123272791e+00 -1.352382489801684073e+00 1.214098701934234192e-01 2.531472316790068788e-01
1.349125704680219862e+00 -3.005316499672662456e+00 1.723226941601474493e+00 2.341136596431240058e+00 1.408809044123272791e+00 -1.352382489801684073e+00 1.214098701934234192e-01 2.531472316790068788e-01
2.967159704680219612e+00 -3.005316499672662456e+00 1.723226941601474493e+00 2.341136596431240058e+00 1.408809044123272791e+00 -1.352382489801684073e+00 1.214098701934234192e-01 2.531472316790068788e-01
5.585193729836219312e+00 -3.005316499672662456e+00 1.723226941601474493e+00 2.341136596431240058e+00 1.408809044123272791e+00 -1.352382489801684073e+00 1.214098701934234192e-01 2.531472316790068788e-01
4.394759440028308539e+00 -3.005316499672662456e+00 1.723226941601474493e+00 2.341136596431240058e+00 1.408809044123272791e+00 -1.352382489801684073e+00 1.214098701934234192e-01 2.531472316790068788e-01
4.394759440028308539e+00 -3.005316499672662456e+00 1.723226941601474493e+00 2.341136596431240058e+00 1.408809044123272791e+00 -1.352382489801684073e+00 1.214098701934234192e-01 2.531472316790068788e-01
3.849464879516340421e+00 -3.005316499672662456e+00 1.723226941601474493e+00 2.341136596431240058e+00 1.408809044123272791e+00 -1.352382489801684073e+00 1.214098701934234192e-01 2.531472316790068788e-01
4.849464863969076944e+00 -3.005316499672662456e+00 1.723226941601474493e+00 2.341136596431240058e+00 1.408809044123272791e+00 -1.352382489801684073e+00 1.214098701934234192e-01 2.531472316790068788e-01
5.130488275948885679e+00 -3.005316499672662456e+00 1.723226941601474493e+00 2.341136596431240058e+00 1.408809044123272791e+00 -1.352382489801684073e+00 1.214098701934234192e-01 2.531472316790068788e-01
5.211426636804339374e+00 -3.005316499672662456e+00 1.723226941601474493e+00 2.341136596431240058e+00 1.408809044123272791e+00 -1.352382489801684073e+00 1.214098701934234192e-01 2.531472316790068788e-01
5.031157294105325306e+00 -3.005316499672662456e+00 1.723226941601474493e+00 2.341136596431240058e+00 1.408809044123272791e+00 -1.352382489801684073e+00 1.214098701934234192e-01 2.531472316790068788e-01
4.961756963335902881e+00 -3.005316499672662456e+00 1.723226941601474493e+00 2.341136596431240058e+00 1.408809044123272791e+00 -1.352382489801684073e+00 1.214098701934234192e-01 2.531472316790068788e-01
4.915630650739346130e+00 -3.005316499672662456e+00 1.723226941601474493e+00 2.341136596431240058e+00 1.408809044123272791e+00 -1.352382489801684073e+00 1.214098701934234192e-01 2.531472316790068788e-01
4.915630650739346130e+00 -3.005316499672662456e+00 1.723226941601474493e+00 2.341136596431240058e+00 1.408809044123272791e+00 -1.352382489801684073e+00 1.214098701934234192e-01 2.531472316790068788e-01
4.915630650739346130e+00 -2.005316499672662456e+00 1.723226941601474493e+00 2.341136596431240058e+00 1.408809044123272791e+00 -1.352382489801684073e+00 1.214098701934234192e-01 2.531472316790068788e-01
4.915630650739346130e+00 -4.623350499672662650e+00 1.723226941601474493e+00 2.341136596431240058e+00 1.408809044123272791e+00 -1.352382489801684073e+00 1.214098701934234192e-01 2.531472316790068788e-01
4.915630650739346130e+00 -3.005316499672662456e+00 1.723226941601474493e+00 2.341136596431240058e+00 1.408809044123272791e+00 -1.352382489801684073e+00 1.214098701934234192e-01 2.531472316790068788e-01
4.915630650739346130e+00 -3.623350474516662700e+00 1.723226941601474493e+00 2.341136596431240058e+00 1.408809044123272791e+00 -1.352382489801684073e+00 1.214098701934234192e-01 2.531472316790068788e-01
4.915630650739346130e+00 -4.005316484125398979e+00 1.723226941601474493e+00 2.341136596431240058e+00 1.408809044123272791e+00 -1.352382489801684073e+00 1.214098701934234192e-01 2.531472316790068788e-01
4.915630650739346130e+00 -4.241384464907925533e+00 1.723226941601474493e+00 2.341136596431240058e+00 1.408809044123272791e+00 -1.352382489801684073e+00 1.214098701934234192e-01 2.531472316790068788e-01
4.915630650739346130e+00 -3.912457917923193307e+00 1.723226941601474493e+00 2.341136596431240058e+00 1.408809044123272791e+00 -1.352382489801684073e+00 1.214098701934234192e-01 2.531472316790068788e-01
4.915630650739346130e+00 -3.848537997156875168e+00 1.723226941601474493e+00 2.341136596431240058e+00 1.408809044123272791e+00 -1.352382489801684073e+00 1.214098701934234192e-01 2.531472316790068788e-01
4.915630650739346130e+00 -3.881242546463046228e+00 1.723226941601474493e+00 2.341136596431240058e+00 1.408809044123272791e+00 -1.352382489801684073e+00 1.214098701934234192e-01 2.531472316790068788e-01
4.915630650739346130e+00 -3.872483285985142132e+00 1.723226941601474493e+00 2.341136596431240058e+00 1.408809044123272791e+00 -1.352382489801684073e+00 1.214098701934234192e-01 2.531472316790068788e-01
4.915630650739346130e+00 -3.863336999792564619e+00 1.723226941601474493e+00 2.341136596431240058e+00 1.408809044123272791e+00 -1.352382489801684073e+00 1.214098701934234192e-01 2.531472316790068788e-01
4.915630650739346130e+00 -3.872483285985142132e+00 1.723226941601474493e+00 2.341136596431240058e+00 1.408809044123272791e+00 -1.352382489801684073e+00 1.214098701934234192e-01 2.531472316790068788e-01
4.915630650739346130e+00 -3.872483285985142132e+00 2.723226941601474493e+00 2.341136596431240058e+00 1.408809044123272791e+00 -1.352382489801684073e+00 1.214098701934234192e-01 2.531472316790068788e-01
4.915630650739346130e+00 -3.872483285985142132e+00 4.341260941601474244e+00 2.341136596431240058e+00 1.408809044123272791e+00 -1.352382489801684073e+00 1.214098701934234192e-01 2.531472316790068788e-01
4.915630650739346130e+00 -3.872483285985142132e+00 2.723226941601474493e+00 2.341136596431240058e+00 1.408809044123272791e+00 -1.352382489801684073e+00 1.214098701934234192e-01 2.531472316790068788e-01
4.915630650739346130e+00 -3.872483285985142132e+00 3.341260916445474294e+00 2.341136596431240058e+00 1.408809044123272791e+00 -1.352382489801684073e+00 1.214098701934234192e-01 2.531472316790068788e-01
4.915630650739346130e+00 -3.872483285985142132e+00 2.341260941601474244e+00 2.341136596431240058e+00 1.408809044123272791e+00 -1.352382489801684073e+00 1.214098701934234192e-01 2.531472316790068788e-01
4.915630650739346130e+00 -3.872483285985142132e+00 3.003000967991546588e+00 2.341136596431240058e+00 1.408809044123272791e+00 -1.352382489801684073e+00 1.214098701934234192e-01 2.531472316790068788e-01
4.915630650739346130e+00 -3.872483285985142132e+00 2.577328916445474682e+00 2.341136596431240058e+00 1.408809044123272791e+00 -1.352382489801684073e+00 1.214098701934234192e-01 2.531472316790068788e-01
4.915630650739346130e+00 -3.872483285985142132e+00 2.830091107365584779e+00 2.341136596431240058e+00 1.408809044123272791e+00 -1.352382489801684073e+00 1.214098701934234192e-01 2.531472316790068788e-01
4.915630650739346130e+00 -3.872483285985142132e+00 2.845367863117448604e+00 2.341136596431240058e+00 1.408809044123272791e+00 -1.352382489801684073e+00 1.214098701934234192e-01 2.531472316790068788e-01
4.915630650739346130e+00 -3.872483285985142132e+00 2.786980824062532669e+00 2.341136596431240058e+00 1.408809044123272791e+00 -1.352382489801684073e+00 1.214098701934234192e-01 2.531472316790068788e-01
4.915630650739346130e+00 -3.872483285985142132e+00 2.813624444893450871e+00 2.341136596431240058e+00 1.408809044123272791e+00 -1.352382489801684073e+00 1.214098701934234192e-01 2.531472316790068788e-01
4.915630650739346130e+00 -3.872483285985142132e+00 2.830091107365584779e+00 2.341136596431240058e+00 1.408809044123272791e+00 -1.352382489801684073e+00 1.214098701934234192e-01 2.531472316790068788e-01
4.915630650739346130e+00 -3.872483285985142132e+00 2.830091107365584779e+00 3.341136596431240058e+00 1.408809044123272791e+00 -1.352382489801684073e+00 1.214098701934234192e-01 2.531472316790068788e-01
4.915630650739346130e+00 -3.872483285985142132e+00 2.830091107365584779e+00 4.959170596431239808e+00 1.408809044123272791e+00 -1.352382489801684073e+00 1.214098701934234192e-01 2.531472316790068788e-01
4.915630650739346130e+00 -3.872483285985142132e+00 2.830091107365584779e+00 3.341136596431240058e+00 1.408809044123272791e+00 -1.352382489801684073e+00 1.214098701934234192e-01 2.531472316790068788e-01
4.915630650739346130e+00 -3.872483285985142132e+00 2.830091107365584779e+00 3.959170571275239858e+00 1.408809044123272791e+00 -1.352382489801684073e+00 1.214098701934234192e-01 2.531472316790068788e-01
4.915630650739346130e+00 -3.872483285985142132e+00 2.830091107365584779e+00 2.959170596431239808e+00 1.408809044123272791e+00 -1.352382489801684073e+00 1.214098701934234192e-01 2.531472316790068788e-01
4.915630650739346130e+00 -3.872483285985142132e+00 2.830091107365584779e+00 3.433268930894569415e+00 1.408809044123272791e+00 -1.352382489801684073e+00 1.214098701934234192e-01 2.531472316790068788e-01
4.915630650739346130e+00 -3.872483285985142132e+00 2.830091107365584779e+00 3.374239988051455530e+00 1.408809044123272791e+00 -1.352382489801684073e+00 1.214098701934234192e-01 2.531472316790068788e-01
4.915630650739346130e+00 -3.872483285985142132e+00 2.830091107365584779e+00 3.386134917671543398e+00 1.408809044123272791e+00 -1.352382489801684073e+00 1.214098701934234192e-01 2.531472316790068788e-01
4.915630650739346130e+00 -3.872483285985142132e+00 2.830091107365584779e+00 3.404138508166289601e+00 1.408809044123272791e+00 -1.352382489801684073e+00 1.214098701934234192e-01 2.531472316790068788e-01
4.915630650739346130e+00 -3.872483285985142132e+00 2.830091107365584779e+00 3.386134917671543398e+00 1.408809044123272791e+00 -1.352382489801684073e+00 1.214098701934234192e-01 2.531472316790068788e-01
4.915630650739346130e+00 -3.872483285985142132e+00 2.830091107365584779e+00 3.386134917671543398e+00 2.408809044123272791e+00 -1.352382489801684073e+00 1.214098701934234192e-01 2.531472316790068788e-01
4.915630650739346130e+00 -3.872483285985142132e+00 2.830091107365584779e+00 3.386134917671543398e+00 -2.092249558767271811e-01 -1.352382489801684073e+00 1.214098701934234192e-01 2.531472316790068788e-01
4.915630650739346130e+00 -3.872483285985142132e+00 2.830091107365584779e+00 3.386134917671543398e+00 1.408809044123272791e+00 -1.352382489801684073e+00 1.214098701934234192e-01 2.531472316790068788e-01
4.915630650739346130e+00 -3.872483285985142132e+00 2.830091107365584779e+00 3.386134917671543398e+00 7.907750692792727687e-01 -1.352382489801684073e+00 1.214098701934234192e-01 2.531472316790068788e-01
4.915630650739346130e+00 -3.872483285985142132e+00 2.830091107365584779e+00 3.386134917671543398e+00 1.790775044123272819e+00 -1.352382489801684073e+00 1.214098701934234192e-01 2.531472316790068788e-01
4.915630650739346130e+00 -3.872483285985142132e+00 2.830091107365584779e+00 3.386134917671543398e+00 1.558345468149892721e+00 -1.352382489801684073e+00 1.214098701934234192e-01 2.531472316790068788e-01
4.915630650739346130e+00 -3.872483285985142132e+00 2.830091107365584779e+00 3.386134917671543398e+00 1.568748566322599070e+00 -1.352382489801684073e+00 1.214098701934234192e-01 2.531472316790068788e-01
4.915630650739346130e+00 -3.872483285985142132e+00 2.830091107365584779e+00 3.386134917671543398e+00 1.653555131942211265e+00 -1.352382489801684073e+00 1.214098701934234192e-01 2.531472316790068788e-01
4.915630650739346130e+00 -3.872483285985142132e+00 2.830091107365584779e+00 3.386134917671543398e+00 1.602015649571983946e+00 -1.352382489801684073e+00 1.214098701934234192e-01 2.531472316790068788e-01
4.915630650739346130e+00 -3.872483285985142132e+00 2.830091107365584779e+00 3.386134917671543398e+00 1.578607963006822601e+00 -1.352382489801684073e+00 1.214098701934234192e-01 2.531472316790068788e-01
4.915630650739346130e+00 -3.872483285985142132e+00 2.830091107365584779e+00 3.386134917671543398e+00 1.567149171090605808e+00 -1.352382489801684073e+00 1.214098701934234192e-01 2.531472316790068788e-01
4.915630650739346130e+00 -3.872483285985142132e+00 2.830091107365584779e+00 3.386134917671543398e+00 1.564256054465143153e+00 -1.352382489801684073e+00 1.214098701934234192e-01 2.531472316790068788e-01
4.915630650739346130e+00 -3.872483285985142132e+00 2.830091107365584779e+00 3.386134917671543398e+00 1.567149171090605808e+00 -1.352382489801684073e+00 1.214098701934234192e-01 2.531472316790068788e-01
4.915630650739346130e+00 -3.872483285985142132e+00 2.830091107365584779e+00 3.386134917671543398e+00 1.567149171090605808e+00 -3.523824898016840734e-01 1.214098701934234192e-01 2.531472316790068788e-01
4.915630650739346130e+00 -3.872483285985142132e+00 2.830091107365584779e+00 3.386134917671543398e+00 1.567149171090605808e+00 -2.970416489801683824e+00 1.214098701934234192e-01 2.531472316790068788e-01
4.915630650739346130e+00 -3.872483285985142132e+00 2.830091107365584779e+00 3.386134917671543398e+00 1.567149171090605808e+00 -1.352382489801684073e+00 1.214098701934234192e-01 2.531472316790068788e-01
4.915630650739346130e+00 -3.872483285985142132e+00 2.830091107365584779e+00 3.386134917671543398e+00 1.567149171090605808e+00 -1.970416464645684096e+00 1.214098701934234192e-01 2.531472316790068788e-01
4.915630650739346130e+00 -3.872483285985142132e+00 2.830091107365584779e+00 3.386134917671543398e+00 1.567149171090605808e+00 -2.352382474254421041e+00 1.214098701934234192e-01 2.531472316790068788e-01
4.915630650739346130e+00 -3.872483285985142132e+00 2.830091107365584779e+00 3.386134917671543398e+00 1.567149171090605808e+00 -1.803856021293508416e+00 1.214098701934234192e-01 2.531472316790068788e-01
4.915630650739346130e+00 -3.872483285985142132e+00 2.830091107365584779e+00 3.386134917671543398e+00 1.567149171090605808e+00 -1.811254257888218477e+00 1.214098701934234192e-01 2.531472316790068788e-01
4.915630650739346130e+00 -3.872483285985142132e+00 2.830091107365584779e+00 3.386134917671543398e+00 1.567149171090605808e+00 -1.885383209523869841e+00 1.214098701934234192e-01 2.531472316790068788e-01
4.915630650739346130e+00 -3.872483285985142132e+00 2.830091107365584779e+00 3.386134917671543398e+00 1.567149171090605808e+00 -1.839568997028681707e+00 1.214098701934234192e-01 2.531472316790068788e-01
4.915630650739346130e+00 -3.872483285985142132e+00 2.830091107365584779e+00 3.386134917671543398e+00 1.567149171090605808e+00 -1.822069525538744461e+00 1.214098701934234192e-01 2.531472316790068788e-01
4.915630650739346130e+00 -3.872483285985142132e+00 2.830091107365584779e+00 3.386134917671543398e+00 1.567149171090605808e+00 -1.828753728665869938e+00 1.214098701934234192e-01 2.531472316790068788e-01
4.915630650739346130e+00 -3.872483285985142132e+00 2.830091107365584779e+00 3.386134917671543398e+00 1.567149171090605808e+00 -1.817372655171374030e+00 1.214098701934234192e-01 2.531472316790068788e-01
4.915630650739346130e+00 -3.872483285985142132e+00 2.830091107365584779e+00 3.386134917671543398e+00 1.567149171090605808e+00 -1.822069525538744461e+00 1.214098701934234192e-01 2.531472316790068788e-01
4.915630650739346130e+00 -3.872483285985142132e+00 2.830091107365584779e+00 3.386134917671543398e+00 1.567149171090605808e+00 -1.822069525538744461e+00 1.121409870193423419e+00 2.531472316790068788e-01
4.915630650739346130e+00 -3.872483285985142132e+00 2.830091107365584779e+00 3.386134917671543398e+00 1.567149171090605808e+00 -1.822069525538744461e+00 -1.496624129806576553e+00 2.531472316790068788e-01
4.915630650739346130e+00 -3.872483285985142132e+00 2.830091107365584779e+00 3.386134917671543398e+00 1.567149171090605808e+00 -1.822069525538744461e+00 1.214098701934234192e-01 2.531472316790068788e-01
4.915630650739346130e+00 -3.872483285985142132e+00 2.830091107365584779e+00 3.386134917671543398e+00 1.567149171090605808e+00 -1.822069525538744461e+00 -4.966241046505766032e-01 2.531472316790068788e-01
4.915630650739346130e+00 -3.872483285985142132e+00 2.830091107365584779e+00 3.386134917671543398e+00 1.567149171090605808e+00 -1.822069525538744461e+00 5.033758701934234470e-01 2.531472316790068788e-01
4.915630650739346130e+00 -3.872483285985142132e+00 2.830091107365584779e+00 3.386134917671543398e+00 1.567149171090605808e+00 -1.822069525538744461e+00 7.394438450374234417e-01 2.531472316790068788e-01
4.915630650739346130e+00 -3.872483285985142132e+00 2.830091107365584779e+00 3.386134917671543398e+00 1.567149171090605808e+00 -1.822069525538744461e+00 3.574778450374234140e-01 2.531472316790068788e-01
4.915630650739346130e+00 -3.872483285985142132e+00 2.830091107365584779e+00 3.386134917671543398e+00 1.567149171090605808e+00 -1.822069525538744461e+00 3.288283007429543270e-01 2.531472316790068788e-01
4.915630650739346130e+00 -3.872483285985142132e+00 2.830091107365584779e+00 3.386134917671543398e+00 1.567149171090605808e+00 -1.822069525538744461e+00 2.496015124996722179e-01 2.531472316790068788e-01
4.915630650739346130e+00 -3.872483285985142132e+00 2.830091107365584779e+00 3.386134917671543398e+00 1.567149171090605808e+00 -1.822069525538744461e+00 2.840271538943203167e-01 2.531472316790068788e-01
4.915630650739346130e+00 -3.872483285985142132e+00 2.830091107365584779e+00 3.386134917671543398e+00 1.567149171090605808e+00 -1.822069525538744461e+00 2.006366636545235949e-01 2.531472316790068788e-01
4.915630650739346130e+00 -3.872483285985142132e+00 2.830091107365584779e+00 3.386134917671543398e+00 1.567149171090605808e+00 -1.822069525538744461e+00 2.308986050456861838e-01 2.531472316790068788e-01
4.915630650739346130e+00 -3.872483285985142132e+00 2.830091107365584779e+00 3.386134917671543398e+00 1.567149171090605808e+00 -1.822069525538744461e+00 2.193395723402693787e-01 2.531472316790068788e-01
4.915630650739346130e+00 -3.872483285985142132e+00 2.830091107365584779e+00 3.386134917671543398e+00 1.567149171090605808e+00 -1.822069525538744461e+00 2.330657163474777471e-01 2.531472316790068788e-01
4.915630650739346130e+00 -3.872483285985142132e+00 2.830091107365584779e+00 3.386134917671543398e+00 1.567149171090605808e+00 -1.822069525538744461e+00 2.264834475593289487e-01 2.531472316790068788e-01
4.915630650739346130e+00 -3.872483285985142132e+00 2.830091107365584779e+00 3.386134917671543398e+00 1.567149171090605808e+00 -1.822069525538744461e+00 2.292121650012522438e-01 2.531472316790068788e-01
4.915630650739346130e+00 -3.872483285985142132e+00 2.830091107365584779e+00 3.386134917671543398e+00 1.567149171090605808e+00 -1.822069525538744461e+00 2.308986050456861838e-01 2.531472316790068788e-01
4.915630650739346130e+00 -3.872483285985142132e+00 2.830091107365584779e+00 3.386134917671543398e+00 1.567149171090605808e+00 -1.822069525538744461e+00 2.308986050456861838e-01 1.253147231679006879e+00
4.915630650739346130e+00 -3.872483285985142132e+00 2.830091107365584779e+00 3.386134917671543398e+00 1.567149171090605808e+00 -1.822069525538744461e+00 2.308986050456861838e-01 -1.364886768320993093e+00
4.915630650739346130e+00 -3.872483285985142132e+00 2.830091107365584779e+00 3.386134917671543398e+00 1.567149171090605808e+00 -1.822069525538744461e+00 2.308986050456861838e-01 2.531472316790068788e-01
4.915630650739346130e+00 -3.872483285985142132e+00 2.830091107365584779e+00 3.386134917671543398e+00 1.567149171090605808e+00 -1.822069525538744461e+00 2.308986050456861838e-01 -3.648867431649931437e-01
4.915630650739346130e+00 -3.872483285985142132e+00 2.830091107365584779e+00 3.386134917671543398e+00 1.567149171090605808e+00 -1.822069525538744461e+00 2.308986050456861838e-01 6.351132316790069066e-01
4.915630650739346130e+00 -3.872483285985142132e+00 2.830091107365584779e+00 3.386134917671543398e+00 1.567149171090605808e+00 -1.822069525538744461e+00 2.308986050456861838e-01 -1.569152102295845452e-02
4.915630650739346130e+00 -3.872483285985142132e+00 2.830091107365584779e+00 3.386134917671543398e+00 1.567149171090605808e+00 -1.822069525538744461e+00 2.308986050456861838e-01 -1.879017162268359353e-02
4.915630650739346130e+00 -3.872483285985142132e+00 2.830091107365584779e+00 3.386134917671543398e+00 1.567149171090605808e+00 -1.822069525538744461e+00 2.308986050456861838e-01 9.734330732597934466e-02
4.915630650739346130e+00 -3.872483285985142132e+00 2.830091107365584779e+00 3.386134917671543398e+00 1.567149171090605808e+00 -1.822069525538744461e+00 2.308986050456861838e-01 2.748394022217193200e-02
4.915630650739346130e+00 -3.872483285985142132e+00 2.830091107365584779e+00 3.386134917671543398e+00 1.567149171090605808e+00 -1.822069525538744461e+00 2.308986050456861838e-01 8.000372069990047130e-04
4.915630650739346130e+00 -3.872483285985142132e+00 2.830091107365584779e+00 3.386134917671543398e+00 1.567149171090605808e+00 -1.822069525538744461e+00 2.308986050456861838e-01 -9.392306492094548709e-03
4.915630650739346130e+00 -3.872483285985142132e+00 2.830091107365584779e+00 3.386134917671543398e+00 1.567149171090605808e+00 -1.822069525538744461e+00 2.308986050456861838e-01 -1.300313348593878926e-02
9.482135596798471511e+00 -4.739650072297621364e+00 3.936955273129695065e+00 4.431133238911846739e+00 1.725489298057938825e+00 -2.291756561275804849e+00 3.403873398979489484e-01 -2.845302737249237879e-01
4.915630650739346130e+00 -3.872483285985142132e+00 2.830091107365584779e+00 3.386134917671543398e+00 1.567149171090605808e+00 -1.822069525538744461e+00 2.308986050456861838e-01 -1.569152102295845452e-02
9.482135596798471511e+00 -4.739650072297621364e+00 3.936955273129695065e+00 4.431133238911846739e+00 1.725489298057938825e+00 -2.291756561275804849e+00 3.403873398979489484e-01 -2.845302737249237879e-01
-2.473129613152486250e+00 -2.469377942060815734e+00 1.039147253777618296e+00 1.695292103961810515e+00 1.310949462093144113e+00 -1.062099932356965759e+00 5.374210943774004878e-02 4.192987213664133295e-01
4.915630650739346130e+00 -3.872483285985142132e+00 2.830091107365584779e+00 3.386134917671543398e+00 1.567149171090605808e+00 -1.822069525538744461e+00 2.308986050456861838e-01 -1.569152102295845452e-02
2.093375447781638421e+00 -3.336544750187742991e+00 2.146011447386003468e+00 2.740290451490091428e+00 1.469289593043681341e+00 -1.531786979909473212e+00 1.632308470443014359e-01 1.504599619015403178e-01
6.659880278965766287e+00 -4.203711514685775086e+00 3.252875585305838868e+00 3.785288746442417196e+00 1.627629716027810147e+00 -2.001474003831086534e+00 2.727195791422655780e-01 -1.183787840375173511e-01
4.976875754527310569e+00 -3.884113563507345823e+00 2.844936160970509498e+00 3.400150238228207389e+00 1.569272799034616472e+00 -1.828368879550482218e+00 2.323670473245950663e-01 -1.929713571208038769e-02
5.470272231153889386e+00 -3.977808203514997309e+00 2.964529347870160425e+00 3.513059015481501568e+00 1.586380951040825993e+00 -1.879117084422096351e+00 2.441969602765186875e-01 -4.834431619927226365e-02
5.165336433118458359e+00 -3.919901730372508553e+00 2.890616692197821358e+00 3.443277552240539219e+00 1.575807531423820240e+00 -1.847752968372473159e+00 2.368856718551895224e-01 -3.039217105405112376e-02
5.048861326086056422e+00 -3.897783426452164690e+00 2.862384570761280944e+00 3.416623405852242001e+00 1.571768844626391104e+00 -1.835772942421462828e+00 2.340930082620480968e-01 -2.353506198151158330e-02
5.004371795353318220e+00 -3.889334986376926651e+00 2.851600860264651427e+00 3.406442428172889336e+00 1.570226203585124214e+00 -1.831196979829059046e+00 2.330263057200302468e-01 -2.091587945750994493e-02
5.008834138879219466e+00 -3.890182373194741583e+00 2.852682476993964489e+00 3.407463590210037196e+00 1.570380931993131890e+00 -1.831655953360869171e+00 2.331332970302112950e-01 -2.117858603109333548e-02
4.994049221027797358e+00 -3.887374757775387657e+00 2.849098796267279354e+00 3.404080211780162735e+00 1.569868276078499436e+00 -1.830135253324128186e+00 2.327788066771801778e-01 -2.030817005193022093e-02
5.000428922928496611e+00 -3.888586245698911092e+00 2.850645156887831266e+00 3.405540141826225220e+00 1.570089487447128729e+00 -1.830791436402876560e+00 2.329317695006289934e-01 -2.068375512669827845e-02
5.006076258860533201e+00 -3.889658659330180068e+00 2.852014001080279915e+00 3.406832477351570798e+00 1.570285304576217289e+00 -1.831372292113110589e+00 2.330671727628148560e-01 -2.101622443659529813e-02
5.002865752144699307e+00 -3.889048992895107748e+00 2.851235814068620922e+00 3.406097785466199568e+00 1.570173982668758628e+00 -1.831042076028733812e+00 2.329901960984504250e-01 -2.082721585536713438e-02
5.004371795353318220e+00 -3.889334986376926651e+00 2.851600860264651427e+00 3.406442428172889336e+00 1.570226203585124214e+00 -1.831196979829059046e+00 2.330263057200302468e-01 -2.091587945750994493e-02
5.004371795353318220e+00 -3.889334986376926651e+00 2.851600860264651427e+00 3.406442428172889336e+00 1.570226203585124214e+00 -1.831196979829059046e+00 2.330263057200302468e-01 9.790841205424900551e-01
5.004371795353318220e+00 -3.889334986376926651e+00 2.851600860264651427e+00 3.406442428172889336e+00 1.570226203585124214e+00 -1.831196979829059046e+00 2.330263057200302468e-01 -1.638949879457509917e+00
5.004371795353318220e+00 -3.889334986376926651e+00 2.851600860264651427e+00 3.406442428172889336e+00 1.570226203585124214e+00 -1.831196979829059046e+00 2.330263057200302468e-01 -2.091587945750994493e-02
5.004371795353318220e+00 -3.889334986376926651e+00 2.851600860264651427e+00 3.406442428172889336e+00 1.570226203585124214e+00 -1.831196979829059046e+00 2.330263057200302468e-01 -6.389498543015099674e-01
5.004371795353318220e+00 -3.889334986376926651e+00 2.851600860264651427e+00 3.406442428172889336e+00 1.570226203585124214e+00 -1.831196979829059046e+00 2.330263057200302468e-01 3.610501205424900828e-01
5.004371795353318220e+00 -3.889334986376926651e+00 2.851600860264651427e+00 3.406442428172889336e+00 1.570226203585124214e+00 -1.831196979829059046e+00 2.330263057200302468e-01 2.183325655107865304e-01
5.004371795353318220e+00 -3.889334986376926651e+00 2.851600860264651427e+00 3.406442428172889336e+00 1.570226203585124214e+00 -1.831196979829059046e+00 2.330263057200302468e-01 1.846836947093242753e-01
5.004371795353318220e+00 -3.889334986376926651e+00 2.851600860264651427e+00 3.406442428172889336e+00 1.570226203585124214e+00 -1.831196979829059046e+00 2.330263057200302468e-01 2.434072284422966193e-01
5.004371795353318220e+00 -3.889334986376926651e+00 2.851600860264651427e+00 3.406442428172889336e+00 1.570226203585124214e+00 -1.831196979829059046e+00 2.330263057200302468e-01 2.056474863716522272e-01
5.004371795353318220e+00 -3.889334986376926651e+00 2.851600860264651427e+00 3.406442428172889336e+00 1.570226203585124214e+00 -1.831196979829059046e+00 2.330263057200302468e-01 2.279102342120837010e-01
5.004371795353318220e+00 -3.889334986376926651e+00 2.851600860264651427e+00 3.406442428172889336e+00 1.570226203585124214e+00 -1.831196979829059046e+00 2.330263057200302468e-01 2.338295591102211857e-01
5.004371795353318220e+00 -3.889334986376926651e+00 2.851600860264651427e+00 3.406442428172889336e+00 1.570226203585124214e+00 -1.831196979829059046e+00 2.330263057200302468e-01 2.374879031543167263e-01
5.004371795353318220e+00 -3.889334986376926651e+00 2.851600860264651427e+00 3.406442428172889336e+00 1.570226203585124214e+00 -1.831196979829059046e+00 2.330263057200302468e-01 2.312821047145438569e-01
5.004371795353318220e+00 -3.889334986376926651e+00 2.851600860264651427e+00 3.406442428172889336e+00 1.570226203585124214e+00 -1.831196979829059046e+00 2.330263057200302468e-01 2.338295591102211857e-01
5.004371795353318220e+00 -2.889334986376926651e+00 2.851600860264651427e+00 3.406442428172889336e+00 1.570226203585124214e+00 -1.831196979829059046e+00 2.330263057200302468e-01 2.338295591102211857e-01
5.004371795353318220e+00 -5.507368986376926401e+00 2.851600860264651427e+00 3.406442428172889336e+00 1.570226203585124214e+00 -1.831196979829059046e+00 2.330263057200302468e-01 2.338295591102211857e-01
5.004371795353318220e+00 -3.889334986376926651e+00 2.851600860264651427e+00 3.406442428172889336e+00 1.570226203585124214e+00 -1.831196979829059046e+00 2.330263057200302468e-01 2.338295591102211857e-01
5.004371795353318220e+00 -4.507368961220926451e+00 2.851600860264651427e+00 3.406442428172889336e+00 1.570226203585124214e+00 -1.831196979829059046e+00 2.330263057200302468e-01 2.338295591102211857e-01
5.004371795353318220e+00 -3.507368986376926401e+00 2.851600860264651427e+00 3.406442428172889336e+00 1.570226203585124214e+00 -1.831196979829059046e+00 2.330263057200302468e-01 2.338295591102211857e-01
5.004371795353318220e+00 -4.015149977205961562e+00 2.851600860264651427e+00 3.406442428172889336e+00 1.570226203585124214e+00 -1.831196979829059046e+00 2.330263057200302468e-01 2.338295591102211857e-01
5.004371795353318220e+00 -4.019092422446047586e+00 2.851600860264651427e+00 3.406442428172889336e+00 1.570226203585124214e+00 -1.831196979829059046e+00 2.330263057200302468e-01 2.338295591102211857e-01
5.004371795353318220e+00 -4.205597458855732995e+00 2.851600860264651427e+00 3.406442428172889336e+00 1.570226203585124214e+00 -1.831196979829059046e+00 2.330263057200302468e-01 2.338295591102211857e-01
5.004371795353318220e+00 -4.090331005183309721e+00 2.851600860264651427e+00 3.406442428172889336e+00 1.570226203585124214e+00 -1.831196979829059046e+00 2.330263057200302468e-01 2.338295591102211857e-01
5.004371795353318220e+00 -4.046303138939868482e+00 2.851600860264651427e+00 3.406442428172889336e+00 1.570226203585124214e+00 -1.831196979829059046e+00 2.330263057200302468e-01 2.338295591102211857e-01
5.004371795353318220e+00 -4.029485990982326626e+00 2.851600860264651427e+00 3.406442428172889336e+00 1.570226203585124214e+00 -1.831196979829059046e+00 2.330263057200302468e-01 2.338295591102211857e-01
5.004371795353318220e+00 -4.022630770654583188e+00 2.851600860264651427e+00 3.406442428172889336e+00 1.570226203585124214e+00 -1.831196979829059046e+00 2.330263057200302468e-01 2.338295591102211857e-01
5.004371795353318220e+00 -4.017586542407473260e+00 2.851600860264651427e+00 3.406442428172889336e+00 1.570226203585124214e+00 -1.831196979829059046e+00 2.330263057200302468e-01 2.338295591102211857e-01
5.004371795353318220e+00 -4.020443951157869122e+00 2.851600860264651427e+00 3.406442428172889336e+00 1.570226203585124214e+00 -1.831196979829059046e+00 2.330263057200302468e-01 2.338295591102211857e-01
5.004371795353318220e+00 -4.019092422446047586e+00 2.851600860264651427e+00 3.406442428172889336e+00 1.570226203585124214e+00 -1.831196979829059046e+00 2.330263057200302468e-01 2.338295591102211857e-01
5.004371795353318220e+00 -4.019092422446047586e+00 3.851600860264651427e+00 3.406442428172889336e+00 1.570226203585124214e+00 -1.831196979829059046e+00 2.330263057200302468e-01 2.338295591102211857e-01
5.004371795353318220e+00 -4.019092422446047586e+00 1.233566860264651455e+00 3.406442428172889336e+00 1.570226203585124214e+00 -1.831196979829059046e+00 2.330263057200302468e-01 2.338295591102211857e-01
5.004371795353318220e+00 -4.019092422446047586e+00 2.851600860264651427e+00 3.406442428172889336e+00 1.570226203585124214e+00 -1.831196979829059046e+00 2.330263057200302468e-01 2.338295591102211857e-01
5.004371795353318220e+00 -4.019092422446047586e+00 2.233566885420651182e+00 3.406442428172889336e+00 1.570226203585124214e+00 -1.831196979829059046e+00 2.330263057200302468e-01 2.338295591102211857e-01
5.004371795353318220e+00 -4.019092422446047586e+00 3.233566860264651233e+00 3.406442428172889336e+00 1.570226203585124214e+00 -1.831196979829059046e+00 2.330263057200302468e-01 2.338295591102211857e-01
5.004371795353318220e+00 -4.019092422446047586e+00 3.022316521595304728e+00 3.406442428172889336e+00 1.570226203585124214e+00 -1.831196979829059046e+00 2.330263057200302468e-01 2.338295591102211857e-01
5.004371795353318220e+00 -4.019092422446047586e+00 2.615532895029387905e+00 3.406442428172889336e+00 1.570226203585124214e+00 -1.831196979829059046e+00 2.330263057200302468e-01 2.338295591102211857e-01
5.004371795353318220e+00 -4.019092422446047586e+00 2.761430923855598962e+00 3.406442428172889336e+00 1.570226203585124214e+00 -1.831196979829059046e+00 2.330263057200302468e-01 2.338295591102211857e-01
5.004371795353318220e+00 -4.019092422446047586e+00 2.916808438560475558e+00 3.406442428172889336e+00 1.570226203585124214e+00 -1.831196979829059046e+00 2.330263057200302468e-01 2.338295591102211857e-01
5.004371795353318220e+00 -4.019092422446047586e+00 2.957108939004957193e+00 3.406442428172889336e+00 1.570226203585124214e+00 -1.831196979829059046e+00 2.330263057200302468e-01 2.338295591102211857e-01
5.004371795353318220e+00 -4.019092422446047586e+00 2.891901360709133062e+00 3.406442428172889336e+00 1.570226203585124214e+00 -1.831196979829059046e+00 2.330263057200302468e-01 2.338295591102211857e-01
5.004371795353318220e+00 -4.019092422446047586e+00 2.932201859513252629e+00 3.406442428172889336e+00 1.570226203585124214e+00 -1.831196979829059046e+00 2.330263057200302468e-01 2.338295591102211857e-01
5.004371795353318220e+00 -4.019092422446047586e+00 2.911578348313601072e+00 3.406442428172889336e+00 1.570226203585124214e+00 -1.831196979829059046e+00 2.330263057200302468e-01 2.338295591102211857e-01
5.004371795353318220e+00 -4.019092422446047586e+00 2.917460514353433787e+00 3.406442428172889336e+00 1.570226203585124214e+00 -1.831196979829059046e+00 2.330263057200302468e-01 2.338295591102211857e-01
5.004371795353318220e+00 -4.019092422446047586e+00 2.923091206998749136e+00 3.406442428172889336e+00 1.570226203585124214e+00 -1.831196979829059046e+00 2.330263057200302468e-01 2.338295591102211857e-01
5.004371795353318220e+00 -4.019092422446047586e+00 2.919611247500394580e+00 3.406442428172889336e+00 1.570226203585124214e+00 -1.831196979829059046e+00 2.330263057200302468e-01 2.338295591102211857e-01
5.004371795353318220e+00 -4.019092422446047586e+00 2.918282021290645734e+00 3.406442428172889336e+00 1.570226203585124214e+00 -1.831196979829059046e+00 2.330263057200302468e-01 2.338295591102211857e-01
5.004371795353318220e+00 -4.019092422446047586e+00 2.917460514353433787e+00 3.406442428172889336e+00 1.570226203585124214e+00 -1.831196979829059046e+00 2.330263057200302468e-01 2.338295591102211857e-01
5.004371795353318220e+00 -4.019092422446047586e+00 2.917460514353433787e+00 4.406442428172889336e+00 1.570226203585124214e+00 -1.831196979829059046e+00 2.330263057200302468e-01 2.338295591102211857e-01
5.004371795353318220e+00 -4.019092422446047586e+00 2.917460514353433787e+00 1.788408428172889364e+00 1.570226203585124214e+00 -1.831196979829059046e+00 2.330263057200302468e-01 2.338295591102211857e-01
5.004371795353318220e+00 -4.019092422446047586e+00 2.917460514353433787e+00 3.406442428172889336e+00 1.570226203585124214e+00 -1.831196979829059046e+00 2.330263057200302468e-01 2.338295591102211857e-01
5.004371795353318220e+00 -4.019092422446047586e+00 2.917460514353433787e+00 2.788408453328889536e+00 1.570226203585124214e+00 -1.831196979829059046e+00 2.330263057200302468e-01 2.338295591102211857e-01
5.004371795353318220e+00 -4.019092422446047586e+00 2.917460514353433787e+00 3.788408428172889586e+00 1.570226203585124214e+00 -1.831196979829059046e+00 2.330263057200302468e-01 2.338295591102211857e-01
5.004371795353318220e+00 -4.019092422446047586e+00 2.917460514353433787e+00 3.445918585417752311e+00 1.570226203585124214e+00 -1.831196979829059046e+00 2.330263057200302468e-01 2.338295591102211857e-01
5.004371795353318220e+00 -4.019092422446047586e+00 2.917460514353433787e+00 3.170374462937625815e+00 1.570226203585124214e+00 -1.831196979829059046e+00 2.330263057200302468e-01 2.338295591102211857e-01
5.004371795353318220e+00 -4.019092422446047586e+00 2.917460514353433787e+00 3.344593390083069107e+00 1.570226203585124214e+00 -1.831196979829059046e+00 2.330263057200302468e-01 2.338295591102211857e-01
5.004371795353318220e+00 -4.019092422446047586e+00 2.917460514353433787e+00 3.405533345326886785e+00 1.570226203585124214e+00 -1.831196979829059046e+00 2.330263057200302468e-01 2.338295591102211857e-01
5.004371795353318220e+00 -4.019092422446047586e+00 2.917460514353433787e+00 3.425595831285766835e+00 1.570226203585124214e+00 -1.831196979829059046e+00 2.330263057200302468e-01 2.338295591102211857e-01
5.004371795353318220e+00 -4.019092422446047586e+00 2.917460514353433787e+00 3.413758376946302686e+00 1.570226203585124214e+00 -1.831196979829059046e+00 2.330263057200302468e-01 2.338295591102211857e-01
5.004371795353318220e+00 -4.019092422446047586e+00 2.917460514353433787e+00 3.409236871862074914e+00 1.570226203585124214e+00 -1.831196979829059046e+00 2.330263057200302468e-01 2.338295591102211857e-01
5.004371795353318220e+00 -4.019092422446047586e+00 2.917460514353433787e+00 3.407509810651072613e+00 1.570226203585124214e+00 -1.831196979829059046e+00 2.330263057200302468e-01 2.338295591102211857e-01
5.004371795353318220e+00 -4.019092422446047586e+00 2.917460514353433787e+00 3.406850131988551134e+00 1.570226203585124214e+00 -1.831196979829059046e+00 2.330263057200302468e-01 2.338295591102211857e-01
5.004371795353318220e+00 -4.019092422446047586e+00 2.917460514353433787e+00 3.406095189434533044e+00 1.570226203585124214e+00 -1.831196979829059046e+00 2.330263057200302468e-01 2.338295591102211857e-01
5.004371795353318220e+00 -4.019092422446047586e+00 2.917460514353433787e+00 3.406103932102186871e+00 1.570226203585124214e+00 -1.831196979829059046e+00 2.330263057200302468e-01 2.338295591102211857e-01
5.004371795353318220e+00 -4.019092422446047586e+00 2.917460514353433787e+00 3.406255986439802097e+00 1.570226203585124214e+00 -1.831196979829059046e+00 2.330263057200302468e-01 2.338295591102211857e-01
5.004371795353318220e+00 -4.019092422446047586e+00 2.917460514353433787e+00 3.406162011689308766e+00 1.570226203585124214e+00 -1.831196979829059046e+00 2.330263057200302468e-01 2.338295591102211857e-01
5.004371795353318220e+00 -4.019092422446047586e+00 2.917460514353433787e+00 3.406167180009088025e+00 1.570226203585124214e+00 -1.831196979829059046e+00 2.330263057200302468e-01 2.338295591102211857e-01
5.004371795353318220e+00 -4.019092422446047586e+00 2.917460514353433787e+00 3.406159207514472875e+00 1.570226203585124214e+00 -1.831196979829059046e+00 2.330263057200302468e-01 2.338295591102211857e-01
5.004371795353318220e+00 -4.019092422446047586e+00 2.917460514353433787e+00 3.406162011689308766e+00 1.570226203585124214e+00 -1.831196979829059046e+00 2.330263057200302468e-01 2.338295591102211857e-01
5.004371795353318220e+00 -4.019092422446047586e+00 2.917460514353433787e+00 3.406162011689308766e+00 2.570226203585124214e+00 -1.831196979829059046e+00 2.330263057200302468e-01 2.338295591102211857e-01
5.004371795353318220e+00 -4.019092422446047586e+00 2.917460514353433787e+00 3.406162011689308766e+00 -4.780779641487575837e-02 -1.831196979829059046e+00 2.330263057200302468e-01 2.338295591102211857e-01
5.004371795353318220e+00 -4.019092422446047586e+00 2.917460514353433787e+00 3.406162011689308766e+00 1.570226203585124214e+00 -1.831196979829059046e+00 2.330263057200302468e-01 2.338295591102211857e-01
5.004371795353318220e+00 -4.019092422446047586e+00 2.917460514353433787e+00 3.406162011689308766e+00 9.521922287411241914e-01 -1.831196979829059046e+00 2.330263057200302468e-01 2.338295591102211857e-01
5.004371795353318220e+00 -4.019092422446047586e+00 2.917460514353433787e+00 3.406162011689308766e+00 1.952192203585124242e+00 -1.831196979829059046e+00 2.330263057200302468e-01 2.338295591102211857e-01
5.004371795353318220e+00 -4.019092422446047586e+00 2.917460514353433787e+00 3.406162011689308766e+00 1.512946359214807801e+00 -1.831196979829059046e+00 2.330263057200302468e-01 2.338295591102211857e-01
5.004371795353318220e+00 -4.019092422446047586e+00 2.917460514353433787e+00 3.406162011689308766e+00 1.593662329517273823e+00 -1.831196979829059046e+00 2.330263057200302468e-01 2.338295591102211857e-01
5.004371795353318220e+00 -4.019092422446047586e+00 2.917460514353433787e+00 3.406162011689308766e+00 1.566085716976151510e+00 -1.831196979829059046e+00 2.330263057200302468e-01 2.338295591102211857e-01
5.004371795353318220e+00 -4.019092422446047586e+00 2.917460514353433787e+00 3.406162011689308766e+00 1.573276656651204197e+00 -1.831196979829059046e+00 2.330263057200302468e-01 2.338295591102211857e-01
5.004371795353318220e+00 -4.019092422446047586e+00 2.917460514353433787e+00 3.406162011689308766e+00 1.581063290573165414e+00 -1.831196979829059046e+00 2.330263057200302468e-01 2.338295591102211857e-01
5.004371795353318220e+00 -4.019092422446047586e+00 2.917460514353433787e+00 3.406162011689308766e+00 1.585875695082490822e+00 -1.831196979829059046e+00 2.330263057200302468e-01 2.338295591102211857e-01
5.004371795353318220e+00 -4.019092422446047586e+00 2.917460514353433787e+00 3.406162011689308766e+00 1.588849924691007054e+00 -1.831196979829059046e+00 2.330263057200302468e-01 2.338295591102211857e-01
5.004371795353318220e+00 -4.019092422446047586e+00 2.917460514353433787e+00 3.406162011689308766e+00 1.585719200157517106e+00 -1.831196979829059046e+00 2.330263057200302468e-01 2.338295591102211857e-01
5.004371795353318220e+00 -4.019092422446047586e+00 2.917460514353433787e+00 3.406162011689308766e+00 1.587318050164102878e+00 -1.831196979829059046e+00 2.330263057200302468e-01 2.338295591102211857e-01
5.004371795353318220e+00 -4.019092422446047586e+00 2.917460514353433787e+00 3.406162011689308766e+00 1.586426625683593716e+00 -1.831196979829059046e+00 2.330263057200302468e-01 2.338295591102211857e-01
5.004371795353318220e+00 -4.019092422446047586e+00 2.917460514353433787e+00 3.406162011689308766e+00 1.586588629914578386e+00 -1.831196979829059046e+00 2.330263057200302468e-01 2.338295591102211857e-01
5.004371795353318220e+00 -4.019092422446047586e+00 2.917460514353433787e+00 3.406162011689308766e+00 1.586264621452609047e+00 -1.831196979829059046e+00 2.330263057200302468e-01 2.338295591102211857e-01
5.004371795353318220e+00 -4.019092422446047586e+00 2.917460514353433787e+00 3.406162011689308766e+00 1.586426625683593716e+00 -1.831196979829059046e+00 2.330263057200302468e-01 2.338295591102211857e-01
5.004371795353318220e+00 -4.019092422446047586e+00 2.917460514353433787e+00 3.406162011689308766e+00 1.586426625683593716e+00 -8.311969798290590461e-01 2.330263057200302468e-01 2.338295591102211857e-01
5.004371795353318220e+00 -4.019092422446047586e+00 2.917460514353433787e+00 3.406162011689308766e+00 1.586426625683593716e+00 -3.449230979829058796e+00 2.330263057200302468e-01 2.338295591102211857e-01
5.004371795353318220e+00 -4.019092422446047586e+00 2.917460514353433787e+00 3.406162011689308766e+00 1.586426625683593716e+00 -1.831196979829059046e+00 2.330263057200302468e-01 2.338295591102211857e-01
5.004371795353318220e+00 -4.019092422446047586e+00 2.917460514353433787e+00 3.406162011689308766e+00 1.586426625683593716e+00 -2.449230954673058847e+00 2.330263057200302468e-01 2.338295591102211857e-01
5.004371795353318220e+00 -4.019092422446047586e+00 2.917460514353433787e+00 3.406162011689308766e+00 1.586426625683593716e+00 -1.449230979829059018e+00 2.330263057200302468e-01 2.338295591102211857e-01
5.004371795353318220e+00 -4.019092422446047586e+00 2.917460514353433787e+00 3.406162011689308766e+00 1.586426625683593716e+00 -1.995613566110993942e+00 2.330263057200302468e-01 2.338295591102211857e-01
5.004371795353318220e+00 -4.019092422446047586e+00 2.917460514353433787e+00 3.406162011689308766e+00 1.586426625683593716e+00 -2.087594461023153158e+00 2.330263057200302468e-01 2.338295591102211857e-01
5.004371795353318220e+00 -4.019092422446047586e+00 2.917460514353433787e+00 3.406162011689308766e+00 1.586426625683593716e+00 -2.062659646609815045e+00 2.330263057200302468e-01 2.338295591102211857e-01
5.004371795353318220e+00 -4.019092422446047586e+00 2.917460514353433787e+00 3.406162011689308766e+00 1.586426625683593716e+00 -2.225727305956632929e+00 2.330263057200302468e-01 2.338295591102211857e-01
5.004371795353318220e+00 -4.019092422446047586e+00 2.917460514353433787e+00 3.406162011689308766e+00 1.586426625683593716e+00 -2.140356511271014561e+00 2.330263057200302468e-01 2.338295591102211857e-01
5.004371795353318220e+00 -4.019092422446047586e+00 2.917460514353433787e+00 3.406162011689308766e+00 1.586426625683593716e+00 -2.107747770308127766e+00 2.330263057200302468e-01 2.338295591102211857e-01
5.004371795353318220e+00 -4.019092422446047586e+00 2.917460514353433787e+00 3.406162011689308766e+00 1.586426625683593716e+00 -2.078070209700948023e+00 2.330263057200302468e-01 2.338295591102211857e-01
5.004371795353318220e+00 -4.019092422446047586e+00 2.917460514353433787e+00 3.406162011689308766e+00 1.586426625683593716e+00 -2.095292339957497418e+00 2.330263057200302468e-01 2.338295591102211857e-01
5.004371795353318220e+00 -4.019092422446047586e+00 2.917460514353433787e+00 3.406162011689308766e+00 1.586426625683593716e+00 -2.083956520842615845e+00 2.330263057200302468e-01 2.338295591102211857e-01
5.004371795353318220e+00 -4.019092422446047586e+00 2.917460514353433787e+00 3.406162011689308766e+00 1.586426625683593716e+00 -2.090534789048188902e+00 2.330263057200302468e-01 2.338295591102211857e-01
5.004371795353318220e+00 -4.019092422446047586e+00 2.917460514353433787e+00 3.406162011689308766e+00 1.586426625683593716e+00 -2.087594461023153158e+00 2.330263057200302468e-01 2.338295591102211857e-01
5.004371795353318220e+00 -4.019092422446047586e+00 2.917460514353433787e+00 3.406162011689308766e+00 1.586426625683593716e+00 -2.087594461023153158e+00 1.233026305720030358e+00 2.338295591102211857e-01
5.004371795353318220e+00 -4.019092422446047586e+00 2.917460514353433787e+00 3.406162011689308766e+00 1.586426625683593716e+00 -2.087594461023153158e+00 -1.385007694279969837e+00 2.338295591102211857e-01
5.004371795353318220e+00 -4.019092422446047586e+00 2.917460514353433787e+00 3.406162011689308766e+00 1.586426625683593716e+00 -2.087594461023153158e+00 2.330263057200302468e-01 2.338295591102211857e-01
5.004371795353318220e+00 -4.019092422446047586e+00 2.917460514353433787e+00 3.406162011689308766e+00 1.586426625683593716e+00 -2.087594461023153158e+00 -3.850076691239697757e-01 2.338295591102211857e-01
5.004371795353318220e+00 -4.019092422446047586e+00 2.917460514353433787e+00 3.406162011689308766e+00 1.586426625683593716e+00 -2.087594461023153158e+00 6.149923057200302745e-01 2.338295591102211857e-01
5.004371795353318220e+00 -4.019092422446047586e+00 2.917460514353433787e+00 3.406162011689308766e+00 1.586426625683593716e+00 -2.087594461023153158e+00 -4.876574090351570856e-02 2.338295591102211857e-01
5.004371795353318220e+00 -4.019092422446047586e+00 2.917460514353433787e+00 3.406162011689308766e+00 1.586426625683593716e+00 -2.087594461023153158e+00 3.789243308760302797e-01 2.338295591102211857e-01
5.004371795353318220e+00 -4.019092422446047586e+00 2.917460514353433787e+00 3.406162011689308766e+00 1.586426625683593716e+00 -2.087594461023153158e+00 1.253913248394208924e-01 2.338295591102211857e-01
5.004371795353318220e+00 -4.019092422446047586e+00 2.917460514353433787e+00 3.406162011689308766e+00 1.586426625683593716e+00 -2.087594461023153158e+00 2.887543907967669576e-01 2.338295591102211857e-01
5.004371795353318220e+00 -4.019092422446047586e+00 2.917460514353433787e+00 3.406162011689308766e+00 1.586426625683593716e+00 -2.087594461023153158e+00 1.919134026129873938e-01 2.338295591102211857e-01
5.004371795353318220e+00 -4.019092422446047586e+00 2.917460514353433787e+00 3.406162011689308766e+00 1.586426625683593716e+00 -2.087594461023153158e+00 2.543125394644510373e-01 2.338295591102211857e-01
5.004371795353318220e+00 -4.019092422446047586e+00 2.917460514353433787e+00 3.406162011689308766e+00 1.586426625683593716e+00 -2.087594461023153158e+00 2.674681556504504565e-01 2.338295591102211857e-01
5.004371795353318220e+00 -4.019092422446047586e+00 2.917460514353433787e+00 3.406162011689308766e+00 1.586426625683593716e+00 -2.087594461023153158e+00 2.461819219060296104e-01 2.338295591102211857e-01
5.004371795353318220e+00 -4.019092422446047586e+00 2.917460514353433787e+00 3.406162011689308766e+00 1.586426625683593716e+00 -2.087594461023153158e+00 2.593375375565524776e-01 2.338295591102211857e-01
5.004371795353318220e+00 -4.019092422446047586e+00 2.917460514353433787e+00 3.406162011689308766e+00 1.586426625683593716e+00 -2.087594461023153158e+00 2.512069199981310508e-01 2.338295591102211857e-01
5.004371795353318220e+00 -4.019092422446047586e+00 2.917460514353433787e+00 3.406162011689308766e+00 1.586426625683593716e+00 -2.087594461023153158e+00 2.492875415768834313e-01 2.338295591102211857e-01
5.004371795353318220e+00 -4.019092422446047586e+00 2.917460514353433787e+00 3.406162011689308766e+00 1.586426625683593716e+00 -2.087594461023153158e+00 2.481013004536860855e-01 2.338295591102211857e-01
5.004371795353318220e+00 -4.019092422446047586e+00 2.917460514353433787e+00 3.406162011689308766e+00 1.586426625683593716e+00 -2.087594461023153158e+00 2.500206788749337328e-01 2.338295591102211857e-01
5.004371795353318220e+00 -4.019092422446047586e+00 2.917460514353433787e+00 3.406162011689308766e+00 1.586426625683593716e+00 -2.087594461023153158e+00 2.488344378000202362e-01 2.338295591102211857e-01
5.004371795353318220e+00 -4.019092422446047586e+00 2.917460514353433787e+00 3.406162011689308766e+00 1.586426625683593716e+00 -2.087594461023153158e+00 2.495675750980705099e-01 2.338295591102211857e-01
5.004371795353318220e+00 -4.019092422446047586e+00 2.917460514353433787e+00 3.406162011689308766e+00 1.586426625683593716e+00 -2.087594461023153158e+00 2.491144713396501176e-01 2.338295591102211857e-01
5.004371795353318220e+00 -4.019092422446047586e+00 2.917460514353433787e+00 3.406162011689308766e+00 1.586426625683593716e+00 -2.087594461023153158e+00 2.492875415768834313e-01 2.338295591102211857e-01
5.093112939967290309e+00 -4.035944122837832104e+00 2.938970267252500435e+00 3.426469522190654704e+00 1.589503658178112122e+00 -2.096721915313467743e+00 2.514152422512275220e-01 2.286052006756696953e-01
4.860785606168994022e+00 -3.991825798254327484e+00 2.882657002831145565e+00 3.373303769242773864e+00 1.581447882488358214e+00 -2.072825929647978072e+00 2.458448495439717885e-01 2.422827486855122781e-01
5.004371795353318220e+00 -4.019092422446047586e+00 2.917460514353433787e+00 3.406162011689308766e+00 1.586426625683593716e+00 -2.087594461023153158e+00 2.492875415768834313e-01 2.338295591102211857e-01
4.949526753015338620e+00 -4.008677499070032901e+00 2.904166756271311378e+00 3.393611280254975604e+00 1.584524915060282479e+00 -2.081953384167903209e+00 2.479725502718403141e-01 2.370583901195368326e-01
5.038267895396939089e+00 -4.025529199037896078e+00 2.925676508629278416e+00 3.413918790245465740e+00 1.587601947477395026e+00 -2.091080838228607686e+00 2.501002508926599144e-01 2.318340318164092972e-01
5.011919270826108885e+00 -4.020525667373584966e+00 2.919289928805294920e+00 3.407889174868114601e+00 1.586688328723174557e+00 -2.088370755240281262e+00 2.494685035052302824e-01 2.333852250043521592e-01
5.019845936473102732e+00 -4.022030919476992317e+00 2.921211254252718881e+00 3.409703111870699299e+00 1.586963179897058707e+00 -2.089186050993815602e+00 2.496585570808943777e-01 2.329185672582650690e-01
5.014077350138777867e+00 -4.020935480726308242e+00 2.919813020466485831e+00 3.408383029421100385e+00 1.586763158501398818e+00 -2.088592724095505559e+00 2.495202466603228808e-01 2.332581748078663975e-01
5.009036391809668309e+00 -4.019978216541592708e+00 2.918591154684775368e+00 3.407229457257358707e+00 1.586588367059958093e+00 -2.088074237243341624e+00 2.493993822013073625e-01 2.335549455254345430e-01
5.010818109059715475e+00 -4.020316559769091747e+00 2.919023020849576433e+00 3.407637185171204841e+00 1.586650146766522385e+00 -2.088257495447062517e+00 2.494421015172560430e-01 2.334500524729079263e-01
5.012743583748851428e+00 -4.020682202140671180e+00 2.919489732034753260e+00 3.408077810516300321e+00 1.586716911154243626e+00 -2.088455539796036042e+00 2.494882676312083769e-01 2.333366961490012936e-01
5.013253037161746306e+00 -4.020778945948912941e+00 2.919613217223868240e+00 3.408194393760491270e+00 1.586734576068447256e+00 -2.088507939534167246e+00 2.495004825330431331e-01 2.333067036664133731e-01
5.012551548464591278e+00 -4.020645735165976120e+00 2.919443185063443469e+00 3.408033865190051692e+00 1.586710252475089566e+00 -2.088435788041798080e+00 2.494836633002005255e-01 2.333480016281161140e-01
5.012938177631161452e+00 -4.020719154986130306e+00 2.919536899178498679e+00 3.408122341351750961e+00 1.586723658550862393e+00 -2.088475554714411153e+00 2.494929333084025813e-01 2.333252400403971194e-01
5.012827301633694610e+00 -4.020698099937785486e+00 2.919510024211781296e+00 3.408096968504773283e+00 1.586719814008981100e+00 -2.088464150583856149e+00 2.494902748917729174e-01 2.333317675193368468e-01
