0.000000000000000000e+00 0.000000000000000000e+00 0.000000000000000000e+00 0.000000000000000000e+00 0.000000000000000000e+00 0.000000000000000000e+00 0.000000000000000000e+00 0.000000000000000000e+00
0.000000000000000000e+00 0.000000000000000000e+00 0.000000000000000000e+00 0.000000000000000000e+00 0.000000000000000000e+00 0.000000000000000000e+00 0.000000000000000000e+00 0.000000000000000000e+00
1.000000000000000000e+00 0.000000000000000000e+00 0.000000000000000000e+00 0.000000000000000000e+00 0.000000000000000000e+00 0.000000000000000000e+00 0.000000000000000000e+00 0.000000000000000000e+00
2.618033999999999750e+00 0.000000000000000000e+00 0.000000000000000000e+00 0.000000000000000000e+00 0.000000000000000000e+00 0.000000000000000000e+00 0.000000000000000000e+00 0.000000000000000000e+00
1.000000000000000000e+00 0.000000000000000000e+00 0.000000000000000000e+00 0.000000000000000000e+00 0.000000000000000000e+00 0.000000000000000000e+00 0.000000000000000000e+00 0.000000000000000000e+00
1.618033974843999800e+00 0.000000000000000000e+00 0.000000000000000000e+00 0.000000000000000000e+00 0.000000000000000000e+00 0.000000000000000000e+00 0.000000000000000000e+00 0.000000000000000000e+00
1.999999984452736523e+00 0.000000000000000000e+00 0.000000000000000000e+00 0.000000000000000000e+00 0.000000000000000000e+00 0.000000000000000000e+00 0.000000000000000000e+00 0.000000000000000000e+00
1.751271339424906870e+00 0.000000000000000000e+00 0.000000000000000000e+00 0.000000000000000000e+00 0.000000000000000000e+00 0.000000000000000000e+00 0.000000000000000000e+00 0.000000000000000000e+00
1.381966009608736501e+00 0.000000000000000000e+00 0.000000000000000000e+00 0.000000000000000000e+00 0.000000000000000000e+00 0.000000000000000000e+00 0.000000000000000000e+00 0.000000000000000000e+00
1.236067980782525888e+00 0.000000000000000000e+00 0.000000000000000000e+00 0.000000000000000000e+00 0.000000000000000000e+00 0.000000000000000000e+00 0.000000000000000000e+00 0.000000000000000000e+00
1.472135946017789188e+00 0.000000000000000000e+00 0.000000000000000000e+00 0.000000000000000000e+00 0.000000000000000000e+00 0.000000000000000000e+00 0.000000000000000000e+00 0.000000000000000000e+00
1.326237923130104246e+00 0.000000000000000000e+00 0.000000000000000000e+00 0.000000000000000000e+00 0.000000000000000000e+00 0.000000000000000000e+00 0.000000000000000000e+00 0.000000000000000000e+00
1.416407859539156711e+00 0.000000000000000000e+00 0.000000000000000000e+00 0.000000000000000000e+00 0.000000000000000000e+00 0.000000000000000000e+00 0.000000000000000000e+00 0.000000000000000000e+00
1.360679775328839325e+00 0.000000000000000000e+00 0.000000000000000000e+00 0.000000000000000000e+00 0.000000000000000000e+00 0.000000000000000000e+00 0.000000000000000000e+00 0.000000000000000000e+00
1.395785669714823873e+00 0.000000000000000000e+00 0.000000000000000000e+00 0.000000000000000000e+00 0.000000000000000000e+00 0.000000000000000000e+00 0.000000000000000000e+00 0.000000000000000000e+00
1.381966009608736501e+00 0.000000000000000000e+00 0.000000000000000000e+00 0.000000000000000000e+00 0.000000000000000000e+00 0.000000000000000000e+00 0.000000000000000000e+00 0.000000000000000000e+00
1.381966009608736501e+00 1.000000000000000000e+00 0.000000000000000000e+00 0.000000000000000000e+00 0.000000000000000000e+00 0.000000000000000000e+00 0.000000000000000000e+00 0.000000000000000000e+00
1.381966009608736501e+00 2.618033999999999750e+00 0.000000000000000000e+00 0.000000000000000000e+00 0.000000000000000000e+00 0.000000000000000000e+00 0.000000000000000000e+00 0.000000000000000000e+00
1.381966009608736501e+00 1.000000000000000000e+00 0.000000000000000000e+00 0.000000000000000000e+00 0.000000000000000000e+00 0.000000000000000000e+00 0.000000000000000000e+00 0.000000000000000000e+00
1.381966009608736501e+00 1.618033974843999800e+00 0.000000000000000000e+00 0.000000000000000000e+00 0.000000000000000000e+00 0.000000000000000000e+00 0.000000000000000000e+00 0.000000000000000000e+00
1.381966009608736501e+00 6.180339999999999723e-01 0.000000000000000000e+00 0.000000000000000000e+00 0.000000000000000000e+00 0.000000000000000000e+00 0.000000000000000000e+00 0.000000000000000000e+00
1.381966009608736501e+00 8.470401466078751884e-01 0.000000000000000000e+00 0.000000000000000000e+00 0.000000000000000000e+00 0.000000000000000000e+00 0.000000000000000000e+00 0.000000000000000000e+00
1.381966009608736501e+00 8.555105480839539922e-01 0.000000000000000000e+00 0.000000000000000000e+00 0.000000000000000000e+00 0.000000000000000000e+00 0.000000000000000000e+00 0.000000000000000000e+00
1.381966009608736501e+00 9.093080928956419617e-01 0.000000000000000000e+00 0.000000000000000000e+00 0.000000000000000000e+00 0.000000000000000000e+00 0.000000000000000000e+00 0.000000000000000000e+00
1.381966009608736501e+00 8.760593810854951924e-01 0.000000000000000000e+00 0.000000000000000000e+00 0.000000000000000000e+00 0.000000000000000000e+00 0.000000000000000000e+00 0.000000000000000000e+00
1.381966009608736501e+00 8.640656535747934797e-01 0.000000000000000000e+00 0.000000000000000000e+00 0.000000000000000000e+00 0.000000000000000000e+00 0.000000000000000000e+00 0.000000000000000000e+00
1.381966009608736501e+00 8.555105480839539922e-01 0.000000000000000000e+00 0.000000000000000000e+00 0.000000000000000000e+00 0.000000000000000000e+00 0.000000000000000000e+00 0.000000000000000000e+00
1.381966009608736501e+00 8.555105480839539922e-01 1.000000000000000000e+00 0.000000000000000000e+00 0.000000000000000000e+00 0.000000000000000000e+00 0.000000000000000000e+00 0.000000000000000000e+00
1.381966009608736501e+00 8.555105480839539922e-01 2.618033999999999750e+00 0.000000000000000000e+00 0.000000000000000000e+00 0.000000000000000000e+00 0.000000000000000000e+00 0.000000000000000000e+00
1.381966009608736501e+00 8.555105480839539922e-01 1.000000000000000000e+00 0.000000000000000000e+00 0.000000000000000000e+00 0.000000000000000000e+00 0.000000000000000000e+00 0.000000000000000000e+00
1.381966009608736501e+00 8.555105480839539922e-01 1.618033974843999800e+00 0.000000000000000000e+00 0.000000000000000000e+00 0.000000000000000000e+00 0.000000000000000000e+00 0.000000000000000000e+00
1.381966009608736501e+00 8.555105480839539922e-01 6.180339999999999723e-01 0.000000000000000000e+00 0.000000000000000000e+00 0.000000000000000000e+00 0.000000000000000000e+00 0.000000000000000000e+00
1.381966009608736501e+00 8.555105480839539922e-01 1.304787460591883441e+00 0.000000000000000000e+00 0.000000000000000000e+00 0.000000000000000000e+00 0.000000000000000000e+00 0.000000000000000000e+00
1.381966009608736501e+00 8.555105480839539922e-01 8.541019748439999670e-01 0.000000000000000000e+00 0.000000000000000000e+00 0.000000000000000000e+00 0.000000000000000000e+00 0.000000000000000000e+00
1.381966009608736501e+00 8.555105480839539922e-01 1.116418447172439432e+00 0.000000000000000000e+00 0.000000000000000000e+00 0.000000000000000000e+00 0.000000000000000000e+00 0.000000000000000000e+00
1.381966009608736501e+00 8.555105480839539922e-01 9.442719149232632336e-01 0.000000000000000000e+00 0.000000000000000000e+00 0.000000000000000000e+00 0.000000000000000000e+00 0.000000000000000000e+00
1.381966009608736501e+00 8.555105480839539922e-01 1.044467888592667926e+00 0.000000000000000000e+00 0.000000000000000000e+00 0.000000000000000000e+00 0.000000000000000000e+00 0.000000000000000000e+00
1.381966009608736501e+00 8.555105480839539922e-01 9.787137662555791540e-01 0.000000000000000000e+00 0.000000000000000000e+00 0.000000000000000000e+00 0.000000000000000000e+00 0.000000000000000000e+00
1.381966009608736501e+00 8.555105480839539922e-01 1.016985221534187023e+00 0.000000000000000000e+00 0.000000000000000000e+00 0.000000000000000000e+00 0.000000000000000000e+00 0.000000000000000000e+00
1.381966009608736501e+00 8.555105480839539922e-01 9.899999999899999903e-01 0.000000000000000000e+00 0.000000000000000000e+00 0.000000000000000000e+00 0.000000000000000000e+00 0.000000000000000000e+00
1.381966009608736501e+00 8.555105480839539922e-01 9.899999999899999903e-01 0.000000000000000000e+00 0.000000000000000000e+00 0.000000000000000000e+00 0.000000000000000000e+00 0.000000000000000000e+00
1.381966009608736501e+00 8.555105480839539922e-01 9.899999999899999903e-01 1.000000000000000000e+00 0.000000000000000000e+00 0.000000000000000000e+00 0.000000000000000000e+00 0.000000000000000000e+00
1.381966009608736501e+00 8.555105480839539922e-01 9.899999999899999903e-01 -1.618033999999999972e+00 0.000000000000000000e+00 0.000000000000000000e+00 0.000000000000000000e+00 0.000000000000000000e+00
1.381966009608736501e+00 8.555105480839539922e-01 9.899999999899999903e-01 0.000000000000000000e+00 0.000000000000000000e+00 0.000000000000000000e+00 0.000000000000000000e+00 0.000000000000000000e+00
1.381966009608736501e+00 8.555105480839539922e-01 9.899999999899999903e-01 -6.180339748440000225e-01 0.000000000000000000e+00 0.000000000000000000e+00 0.000000000000000000e+00 0.000000000000000000e+00
1.381966009608736501e+00 8.555105480839539922e-01 9.899999999899999903e-01 3.819660000000000277e-01 0.000000000000000000e+00 0.000000000000000000e+00 0.000000000000000000e+00 0.000000000000000000e+00
1.381966009608736501e+00 8.555105480839539922e-01 9.899999999899999903e-01 5.127324381914060147e-01 0.000000000000000000e+00 0.000000000000000000e+00 0.000000000000000000e+00 0.000000000000000000e+00
1.381966009608736501e+00 8.555105480839539922e-01 9.899999999899999903e-01 2.366584030933605032e-01 0.000000000000000000e+00 0.000000000000000000e+00 0.000000000000000000e+00 0.000000000000000000e+00
1.381966009608736501e+00 8.555105480839539922e-01 9.899999999899999903e-01 3.264634384399585643e-01 0.000000000000000000e+00 0.000000000000000000e+00 0.000000000000000000e+00 0.000000000000000000e+00
1.381966009608736501e+00 8.555105480839539922e-01 9.899999999899999903e-01 4.319143333302186138e-01 0.000000000000000000e+00 0.000000000000000000e+00 0.000000000000000000e+00 0.000000000000000000e+00
1.381966009608736501e+00 8.555105480839539922e-01 9.899999999899999903e-01 4.002192942379398932e-01 0.000000000000000000e+00 0.000000000000000000e+00 0.000000000000000000e+00 0.000000000000000000e+00
1.381966009608736501e+00 8.555105480839539922e-01 9.899999999899999903e-01 3.607659085711572011e-01 0.000000000000000000e+00 0.000000000000000000e+00 0.000000000000000000e+00 0.000000000000000000e+00
1.381966009608736501e+00 8.555105480839539922e-01 9.899999999899999903e-01 3.476635312650238063e-01 0.000000000000000000e+00 0.000000000000000000e+00 0.000000000000000000e+00 0.000000000000000000e+00
1.381966009608736501e+00 8.555105480839539922e-01 9.899999999899999903e-01 3.511401665876740519e-01 0.000000000000000000e+00 0.000000000000000000e+00 0.000000000000000000e+00 0.000000000000000000e+00
1.381966009608736501e+00 8.555105480839539922e-01 9.899999999899999903e-01 3.395658166090049224e-01 0.000000000000000000e+00 0.000000000000000000e+00 0.000000000000000000e+00 0.000000000000000000e+00
1.381966009608736501e+00 8.555105480839539922e-01 9.899999999899999903e-01 3.441868959423735608e-01 0.000000000000000000e+00 0.000000000000000000e+00 0.000000000000000000e+00 0.000000000000000000e+00
1.381966009608736501e+00 8.555105480839539922e-01 9.899999999899999903e-01 3.476635312650238063e-01 0.000000000000000000e+00 0.000000000000000000e+00 0.000000000000000000e+00 0.000000000000000000e+00
1.381966009608736501e+00 8.555105480839539922e-01 9.899999999899999903e-01 3.476635312650238063e-01 1.000000000000000000e+00 0.000000000000000000e+00 0.000000000000000000e+00 0.000000000000000000e+00
1.381966009608736501e+00 8.555105480839539922e-01 9.899999999899999903e-01 3.476635312650238063e-01 -1.618033999999999972e+00 0.000000000000000000e+00 0.000000000000000000e+00 0.000000000000000000e+00
1.381966009608736501e+00 8.555105480839539922e-01 9.899999999899999903e-01 3.476635312650238063e-01 0.000000000000000000e+00 0.000000000000000000e+00 0.000000000000000000e+00 0.000000000000000000e+00
1.381966009608736501e+00 8.555105480839539922e-01 9.899999999899999903e-01 3.476635312650238063e-01 -6.180339748440000225e-01 0.000000000000000000e+00 0.000000000000000000e+00 0.000000000000000000e+00
1.381966009608736501e+00 8.555105480839539922e-01 9.899999999899999903e-01 3.476635312650238063e-01 3.819660000000000277e-01 0.000000000000000000e+00 0.000000000000000000e+00 0.000000000000000000e+00
1.381966009608736501e+00 8.555105480839539922e-01 9.899999999899999903e-01 3.476635312650238063e-01 -5.729558310018701556e-02 0.000000000000000000e+00 0.000000000000000000e+00 0.000000000000000000e+00
1.381966009608736501e+00 8.555105480839539922e-01 9.899999999899999903e-01 3.476635312650238063e-01 3.677129605583040473e-02 0.000000000000000000e+00 0.000000000000000000e+00 0.000000000000000000e+00
1.381966009608736501e+00 8.555105480839539922e-01 9.899999999899999903e-01 3.476635312650238063e-01 -1.465748488783246394e-02 0.000000000000000000e+00 0.000000000000000000e+00 0.000000000000000000e+00
1.381966009608736501e+00 8.555105480839539922e-01 9.899999999899999903e-01 3.476635312650238063e-01 1.404538486926131674e-02 0.000000000000000000e+00 0.000000000000000000e+00 0.000000000000000000e+00
1.381966009608736501e+00 8.555105480839539922e-01 9.899999999899999903e-01 3.476635312650238063e-01 1.513220966388512632e-02 0.000000000000000000e+00 0.000000000000000000e+00 0.000000000000000000e+00
1.381966009608736501e+00 8.555105480839539922e-01 9.899999999899999903e-01 3.476635312650238063e-01 8.680525392289048167e-03 0.000000000000000000e+00 0.000000000000000000e+00 0.000000000000000000e+00
1.381966009608736501e+00 8.555105480839539922e-01 9.899999999899999903e-01 3.476635312650238063e-01 1.199619095428012747e-02 0.000000000000000000e+00 0.000000000000000000e+00 0.000000000000000000e+00
1.381966009608736501e+00 8.555105480839539922e-01 9.899999999899999903e-01 3.476635312650238063e-01 1.326266246633161193e-02 0.000000000000000000e+00 0.000000000000000000e+00 0.000000000000000000e+00
1.381966009608736501e+00 8.555105480839539922e-01 9.899999999899999903e-01 3.476635312650238063e-01 1.446051498876459521e-02 0.000000000000000000e+00 0.000000000000000000e+00 0.000000000000000000e+00
1.381966009608736501e+00 8.555105480839539922e-01 9.899999999899999903e-01 3.476635312650238063e-01 1.374641152390386825e-02 0.000000000000000000e+00 0.000000000000000000e+00 0.000000000000000000e+00
1.381966009608736501e+00 8.555105480839539922e-01 9.899999999899999903e-01 3.476635312650238063e-01 1.420395046048750567e-02 0.000000000000000000e+00 0.000000000000000000e+00 0.000000000000000000e+00
1.381966009608736501e+00 8.555105480839539922e-01 9.899999999899999903e-01 3.476635312650238063e-01 1.390493101056870275e-02 0.000000000000000000e+00 0.000000000000000000e+00 0.000000000000000000e+00
1.381966009608736501e+00 8.555105480839539922e-01 9.899999999899999903e-01 3.476635312650238063e-01 1.404538486926131674e-02 0.000000000000000000e+00 0.000000000000000000e+00 0.000000000000000000e+00
1.381966009608736501e+00 8.555105480839539922e-01 9.899999999899999903e-01 3.476635312650238063e-01 1.404538486926131674e-02 1.000000000000000000e+00 0.000000000000000000e+00 0.000000000000000000e+00
1.381966009608736501e+00 8.555105480839539922e-01 9.899999999899999903e-01 3.476635312650238063e-01 1.404538486926131674e-02 2.618033999999999750e+00 0.000000000000000000e+00 0.000000000000000000e+00
1.381966009608736501e+00 8.555105480839539922e-01 9.899999999899999903e-01 3.476635312650238063e-01 1.404538486926131674e-02 1.000000000000000000e+00 0.000000000000000000e+00 0.000000000000000000e+00
1.381966009608736501e+00 8.555105480839539922e-01 9.899999999899999903e-01 3.476635312650238063e-01 1.404538486926131674e-02 1.618033974843999800e+00 0.000000000000000000e+00 0.000000000000000000e+00
1.381966009608736501e+00 8.555105480839539922e-01 9.899999999899999903e-01 3.476635312650238063e-01 1.404538486926131674e-02 1.999999984452736523e+00 0.000000000000000000e+00 0.000000000000000000e+00
1.381966009608736501e+00 8.555105480839539922e-01 9.899999999899999903e-01 3.476635312650238063e-01 1.404538486926131674e-02 1.665109702599776753e+00 0.000000000000000000e+00 0.000000000000000000e+00
1.381966009608736501e+00 8.555105480839539922e-01 9.899999999899999903e-01 3.476635312650238063e-01 1.404538486926131674e-02 1.381966009608736501e+00 0.000000000000000000e+00 0.000000000000000000e+00
1.381966009608736501e+00 8.555105480839539922e-01 9.899999999899999903e-01 3.476635312650238063e-01 1.404538486926131674e-02 1.527864038434947114e+00 0.000000000000000000e+00 0.000000000000000000e+00
1.381966009608736501e+00 8.555105480839539922e-01 9.899999999899999903e-01 3.476635312650238063e-01 1.404538486926131674e-02 1.583592124913579591e+00 0.000000000000000000e+00 0.000000000000000000e+00
1.381966009608736501e+00 8.555105480839539922e-01 9.899999999899999903e-01 3.476635312650238063e-01 1.404538486926131674e-02 1.636015302271963012e+00 0.000000000000000000e+00 0.000000000000000000e+00
1.381966009608736501e+00 8.555105480839539922e-01 9.899999999899999903e-01 3.476635312650238063e-01 1.404538486926131674e-02 1.601853635085559890e+00 0.000000000000000000e+00 0.000000000000000000e+00
1.381966009608736501e+00 8.555105480839539922e-01 9.899999999899999903e-01 3.476635312650238063e-01 1.404538486926131674e-02 1.618033974843999800e+00 0.000000000000000000e+00 0.000000000000000000e+00
1.381966009608736501e+00 8.555105480839539922e-01 9.899999999899999903e-01 3.476635312650238063e-01 1.404538486926131674e-02 1.618033974843999800e+00 1.000000000000000000e+00 0.000000000000000000e+00
1.381966009608736501e+00 8.555105480839539922e-01 9.899999999899999903e-01 3.476635312650238063e-01 1.404538486926131674e-02 1.618033974843999800e+00 -1.618033999999999972e+00 0.000000000000000000e+00
1.381966009608736501e+00 8.555105480839539922e-01 9.899999999899999903e-01 3.476635312650238063e-01 1.404538486926131674e-02 1.618033974843999800e+00 0.000000000000000000e+00 0.000000000000000000e+00
1.381966009608736501e+00 8.555105480839539922e-01 9.899999999899999903e-01 3.476635312650238063e-01 1.404538486926131674e-02 1.618033974843999800e+00 -6.180339748440000225e-01 0.000000000000000000e+00
1.381966009608736501e+00 8.555105480839539922e-01 9.899999999899999903e-01 3.476635312650238063e-01 1.404538486926131674e-02 1.618033974843999800e+00 3.819660000000000277e-01 0.000000000000000000e+00
1.381966009608736501e+00 8.555105480839539922e-01 9.899999999899999903e-01 3.476635312650238063e-01 1.404538486926131674e-02 1.618033974843999800e+00 8.857155671932276375e-02 0.000000000000000000e+00
1.381966009608736501e+00 8.555105480839539922e-01 9.899999999899999903e-01 3.476635312650238063e-01 1.404538486926131674e-02 1.618033974843999800e+00 5.930178732219865134e-02 0.000000000000000000e+00
1.381966009608736501e+00 8.555105480839539922e-01 9.899999999899999903e-01 3.476635312650238063e-01 1.404538486926131674e-02 1.618033974843999800e+00 4.490008700745154457e-02 0.000000000000000000e+00
1.381966009608736501e+00 8.555105480839539922e-01 9.899999999899999903e-01 3.476635312650238063e-01 1.404538486926131674e-02 1.618033974843999800e+00 7.048184405974056155e-02 0.000000000000000000e+00
1.381966009608736501e+00 8.555105480839539922e-01 9.899999999899999903e-01 3.476635312650238063e-01 1.404538486926131674e-02 1.618033974843999800e+00 5.380082745977595587e-02 0.000000000000000000e+00
1.381966009608736501e+00 8.555105480839539922e-01 9.899999999899999903e-01 3.476635312650238063e-01 1.404538486926131674e-02 1.618033974843999800e+00 6.179534418005999674e-02 0.000000000000000000e+00
1.381966009608736501e+00 8.555105480839539922e-01 9.899999999899999903e-01 3.476635312650238063e-01 1.404538486926131674e-02 1.618033974843999800e+00 6.511329179310205995e-02 0.000000000000000000e+00
1.381966009608736501e+00 8.555105480839539922e-01 9.899999999899999903e-01 3.476635312650238063e-01 1.404538486926131674e-02 1.618033974843999800e+00 6.241329763186059809e-02 0.000000000000000000e+00
1.381966009608736501e+00 8.555105480839539922e-01 9.899999999899999903e-01 3.476635312650238063e-01 1.404538486926131674e-02 1.618033974843999800e+00 6.084289024129013040e-02 0.000000000000000000e+00
1.381966009608736501e+00 8.555105480839539922e-01 9.899999999899999903e-01 3.476635312650238063e-01 1.404538486926131674e-02 1.618033974843999800e+00 6.179534418005999674e-02 0.000000000000000000e+00
1.381966009608736501e+00 8.555105480839539922e-01 9.899999999899999903e-01 3.476635312650238063e-01 1.404538486926131674e-02 1.618033974843999800e+00 6.179534418005999674e-02 1.000000000000000000e+00
1.381966009608736501e+00 8.555105480839539922e-01 9.899999999899999903e-01 3.476635312650238063e-01 1.404538486926131674e-02 1.618033974843999800e+00 6.179534418005999674e-02 -1.618033999999999972e+00
1.381966009608736501e+00 8.555105480839539922e-01 9.899999999899999903e-01 3.476635312650238063e-01 1.404538486926131674e-02 1.618033974843999800e+00 6.179534418005999674e-02 0.000000000000000000e+00
1.381966009608736501e+00 8.555105480839539922e-01 9.899999999899999903e-01 3.476635312650238063e-01 1.404538486926131674e-02 1.618033974843999800e+00 6.179534418005999674e-02 -6.180339748440000225e-01
1.381966009608736501e+00 8.555105480839539922e-01 9.899999999899999903e-01 3.476635312650238063e-01 1.404538486926131674e-02 1.618033974843999800e+00 6.179534418005999674e-02 3.819660000000000277e-01
1.381966009608736501e+00 8.555105480839539922e-01 9.899999999899999903e-01 3.476635312650238063e-01 1.404538486926131674e-02 1.618033974843999800e+00 6.179534418005999674e-02 7.112387980771758822e-02
1.381966009608736501e+00 8.555105480839539922e-01 9.899999999899999903e-01 3.476635312650238063e-01 1.404538486926131674e-02 1.618033974843999800e+00 6.179534418005999674e-02 -6.922752473286204744e-02
1.381966009608736501e+00 8.555105480839539922e-01 9.899999999899999903e-01 3.476635312650238063e-01 1.404538486926131674e-02 1.618033974843999800e+00 6.179534418005999674e-02 2.307899385272087212e-02
1.381966009608736501e+00 8.555105480839539922e-01 9.899999999899999903e-01 3.476635312650238063e-01 1.404538486926131674e-02 1.618033974843999800e+00 6.179534418005999674e-02 -2.644256071211238679e-02
1.381966009608736501e+00 8.555105480839539922e-01 9.899999999899999903e-01 3.476635312650238063e-01 1.404538486926131674e-02 1.618033974843999800e+00 6.179534418005999674e-02 -1.010015914496271983e-02
1.381966009608736501e+00 8.555105480839539922e-01 9.899999999899999903e-01 3.476635312650238063e-01 1.404538486926131674e-02 1.618033974843999800e+00 6.179534418005999674e-02 8.815390965948381383e-03
1.381966009608736501e+00 8.555105480839539922e-01 9.899999999899999903e-01 3.476635312650238063e-01 1.404538486926131674e-02 1.618033974843999800e+00 6.179534418005999674e-02 -3.857917387964830604e-03
1.381966009608736501e+00 8.555105480839539922e-01 9.899999999899999903e-01 3.476635312650238063e-01 1.404538486926131674e-02 1.618033974843999800e+00 6.179534418005999674e-02 3.064423947183613373e-03
1.381966009608736501e+00 8.555105480839539922e-01 9.899999999899999903e-01 3.476635312650238063e-01 1.404538486926131674e-02 1.618033974843999800e+00 6.179534418005999674e-02 -1.473593273011374613e-03
1.381966009608736501e+00 8.555105480839539922e-01 9.899999999899999903e-01 3.476635312650238063e-01 1.404538486926131674e-02 1.618033974843999800e+00 6.179534418005999674e-02 1.170505757409936055e-03
1.381966009608736501e+00 8.555105480839539922e-01 9.899999999899999903e-01 3.476635312650238063e-01 1.404538486926131674e-02 1.618033974843999800e+00 6.179534418005999674e-02 1.893918112685028486e-03
1.381966009608736501e+00 8.555105480839539922e-01 9.899999999899999903e-01 3.476635312650238063e-01 1.404538486926131674e-02 1.618033974843999800e+00 6.179534418005999674e-02 7.914328828019925400e-04
1.381966009608736501e+00 8.555105480839539922e-01 9.899999999899999903e-01 3.476635312650238063e-01 1.404538486926131674e-02 1.618033974843999800e+00 6.179534418005999674e-02 1.446824681104941961e-03
1.381966009608736501e+00 8.555105480839539922e-01 9.899999999899999903e-01 3.476635312650238063e-01 1.404538486926131674e-02 1.618033974843999800e+00 6.179534418005999674e-02 1.025712807787438306e-03
1.381966009608736501e+00 8.555105480839539922e-01 9.899999999899999903e-01 3.476635312650238063e-01 1.404538486926131674e-02 1.618033974843999800e+00 6.179534418005999674e-02 1.276050191418022636e-03
1.381966009608736501e+00 8.555105480839539922e-01 9.899999999899999903e-01 3.476635312650238063e-01 1.404538486926131674e-02 1.618033974843999800e+00 6.179534418005999674e-02 1.115199773614429122e-03
1.381966009608736501e+00 8.555105480839539922e-01 9.899999999899999903e-01 3.476635312650238063e-01 1.404538486926131674e-02 1.618033974843999800e+00 6.179534418005999674e-02 1.210820142690268927e-03
1.381966009608736501e+00 8.555105480839539922e-01 9.899999999899999903e-01 3.476635312650238063e-01 1.404538486926131674e-02 1.618033974843999800e+00 6.179534418005999674e-02 1.149380752003501547e-03
1.381966009608736501e+00 8.555105480839539922e-01 9.899999999899999903e-01 3.476635312650238063e-01 1.404538486926131674e-02 1.618033974843999800e+00 6.179534418005999674e-02 1.185904481897923687e-03
2.763932019217473002e+00 1.711021096167907984e+00 1.979999999979999981e+00 6.953270625300476127e-01 2.809076973852263348e-02 3.236067949687999601e+00 1.235906883601199935e-01 2.341011514819872109e-03
1.381966009608736501e+00 8.555105480839539922e-01 9.899999999899999903e-01 3.476635312650238063e-01 1.404538486926131674e-02 1.618033974843999800e+00 6.179534418005999674e-02 1.170505757409936055e-03
2.381966009608736279e+00 8.555105480839539922e-01 9.899999999899999903e-01 3.476635312650238063e-01 1.404538486926131674e-02 1.618033974843999800e+00 6.179534418005999674e-02 1.170505757409936055e-03
-2.360679903912634714e-01 8.555105480839539922e-01 9.899999999899999903e-01 3.476635312650238063e-01 1.404538486926131674e-02 1.618033974843999800e+00 6.179534418005999674e-02 1.170505757409936055e-03
1.381966009608736501e+00 8.555105480839539922e-01 9.899999999899999903e-01 3.476635312650238063e-01 1.404538486926131674e-02 1.618033974843999800e+00 6.179534418005999674e-02 1.170505757409936055e-03
7.639320347647364784e-01 8.555105480839539922e-01 9.899999999899999903e-01 3.476635312650238063e-01 1.404538486926131674e-02 1.618033974843999800e+00 6.179534418005999674e-02 1.170505757409936055e-03
1.763932009608736529e+00 8.555105480839539922e-01 9.899999999899999903e-01 3.476635312650238063e-01 1.404538486926131674e-02 1.618033974843999800e+00 6.179534418005999674e-02 1.170505757409936055e-03
1.345990461249264136e+00 8.555105480839539922e-01 9.899999999899999903e-01 3.476635312650238063e-01 1.404538486926131674e-02 1.618033974843999800e+00 6.179534418005999674e-02 1.170505757409936055e-03
1.491061550985589346e+00 8.555105480839539922e-01 9.899999999899999903e-01 3.476635312650238063e-01 1.404538486926131674e-02 1.618033974843999800e+00 6.179534418005999674e-02 1.170505757409936055e-03
1.398995620691581010e+00 8.555105480839539922e-01 9.899999999899999903e-01 3.476635312650238063e-01 1.404538486926131674e-02 1.618033974843999800e+00 6.179534418005999674e-02 1.170505757409936055e-03
1.380470858120373512e+00 8.555105480839539922e-01 9.899999999899999903e-01 3.476635312650238063e-01 1.404538486926131674e-02 1.618033974843999800e+00 6.179534418005999674e-02 1.170505757409936055e-03
1.388846994924505029e+00 8.555105480839539922e-01 9.899999999899999903e-01 3.476635312650238063e-01 1.404538486926131674e-02 1.618033974843999800e+00 6.179534418005999674e-02 1.170505757409936055e-03
1.384594312045859477e+00 8.555105480839539922e-01 9.899999999899999903e-01 3.476635312650238063e-01 1.404538486926131674e-02 1.618033974843999800e+00 6.179534418005999674e-02 1.170505757409936055e-03
1.382969931777434658e+00 8.555105480839539922e-01 9.899999999899999903e-01 3.476635312650238063e-01 1.404538486926131674e-02 1.618033974843999800e+00 6.179534418005999674e-02 1.170505757409936055e-03
1.381394912575332423e+00 8.555105480839539922e-01 9.899999999899999903e-01 3.476635312650238063e-01 1.404538486926131674e-02 1.618033974843999800e+00 6.179534418005999674e-02 1.170505757409936055e-03
1.382349473743825330e+00 8.555105480839539922e-01 9.899999999899999903e-01 3.476635312650238063e-01 1.404538486926131674e-02 1.618033974843999800e+00 6.179534418005999674e-02 1.170505757409936055e-03
1.381747869959275343e+00 8.555105480839539922e-01 9.899999999899999903e-01 3.476635312650238063e-01 1.404538486926131674e-02 1.618033974843999800e+00 6.179534418005999674e-02 1.170505757409936055e-03
1.382112479870559962e+00 8.555105480839539922e-01 9.899999999899999903e-01 3.476635312650238063e-01 1.404538486926131674e-02 1.618033974843999800e+00 6.179534418005999674e-02 1.170505757409936055e-03
1.381882687679390376e+00 8.555105480839539922e-01 9.899999999899999903e-01 3.476635312650238063e-01 1.404538486926131674e-02 1.618033974843999800e+00 6.179534418005999674e-02 1.170505757409936055e-03
1.382021956268764118e+00 8.555105480839539922e-01 9.899999999899999903e-01 3.476635312650238063e-01 1.404538486926131674e-02 1.618033974843999800e+00 6.179534418005999674e-02 1.170505757409936055e-03
1.381934183464671895e+00 8.555105480839539922e-01 9.899999999899999903e-01 3.476635312650238063e-01 1.404538486926131674e-02 1.618033974843999800e+00 6.179534418005999674e-02 1.170505757409936055e-03
1.381987379330680721e+00 8.555105480839539922e-01 9.899999999899999903e-01 3.476635312650238063e-01 1.404538486926131674e-02 1.618033974843999800e+00 6.179534418005999674e-02 1.170505757409936055e-03
1.381953853103792706e+00 8.555105480839539922e-01 9.899999999899999903e-01 3.476635312650238063e-01 1.404538486926131674e-02 1.618033974843999800e+00 6.179534418005999674e-02 1.170505757409936055e-03
1.381974172115948640e+00 8.555105480839539922e-01 9.899999999899999903e-01 3.476635312650238063e-01 1.404538486926131674e-02 1.618033974843999800e+00 6.179534418005999674e-02 1.170505757409936055e-03
1.381979216822931011e+00 8.555105480839539922e-01 9.899999999899999903e-01 3.476635312650238063e-01 1.404538486926131674e-02 1.618033974843999800e+00 6.179534418005999674e-02 1.170505757409936055e-03
1.381971054315718872e+00 8.555105480839539922e-01 9.899999999899999903e-01 3.476635312650238063e-01 1.404538486926131674e-02 1.618033974843999800e+00 6.179534418005999674e-02 1.170505757409936055e-03
1.381976099022495852e+00 8.555105480839539922e-01 9.899999999899999903e-01 3.476635312650238063e-01 1.404538486926131674e-02 1.618033974843999800e+00 6.179534418005999674e-02 1.170505757409936055e-03
1.381972981222266084e+00 8.555105480839539922e-01 9.899999999899999903e-01 3.476635312650238063e-01 1.404538486926131674e-02 1.618033974843999800e+00 6.179534418005999674e-02 1.170505757409936055e-03
1.381974908128734914e+00 8.555105480839539922e-01 9.899999999899999903e-01 3.476635312650238063e-01 1.404538486926131674e-02 1.618033974843999800e+00 6.179534418005999674e-02 1.170505757409936055e-03
1.381973717235052357e+00 8.555105480839539922e-01 9.899999999899999903e-01 3.476635312650238063e-01 1.404538486926131674e-02 1.618033974843999800e+00 6.179534418005999674e-02 1.170505757409936055e-03
1.381974453247808432e+00 8.555105480839539922e-01 9.899999999899999903e-01 3.476635312650238063e-01 1.404538486926131674e-02 1.618033974843999800e+00 6.179534418005999674e-02 1.170505757409936055e-03
1.381973998366912149e+00 8.555105480839539922e-01 9.899999999899999903e-01 3.476635312650238063e-01 1.404538486926131674e-02 1.618033974843999800e+00 6.179534418005999674e-02 1.170505757409936055e-03
1.381974279498760616e+00 8.555105480839539922e-01 9.899999999899999903e-01 3.476635312650238063e-01 1.404538486926131674e-02 1.618033974843999800e+00 6.179534418005999674e-02 1.170505757409936055e-03
1.381974090480876383e+00 8.555105480839539922e-01 9.899999999899999903e-01 3.476635312650238063e-01 1.404538486926131674e-02 1.618033974843999800e+00 6.179534418005999674e-02 1.170505757409936055e-03
1.381974172115948640e+00 8.555105480839539922e-01 9.899999999899999903e-01 3.476635312650238063e-01 1.404538486926131674e-02 1.618033974843999800e+00 6.179534418005999674e-02 1.170505757409936055e-03
1.381974172115948640e+00 1.855510548083953992e+00 9.899999999899999903e-01 3.476635312650238063e-01 1.404538486926131674e-02 1.618033974843999800e+00 6.179534418005999674e-02 1.170505757409936055e-03
1.381974172115948640e+00 -7.625234519160459801e-01 9.899999999899999903e-01 3.476635312650238063e-01 1.404538486926131674e-02 1.618033974843999800e+00 6.179534418005999674e-02 1.170505757409936055e-03
1.381974172115948640e+00 8.555105480839539922e-01 9.899999999899999903e-01 3.476635312650238063e-01 1.404538486926131674e-02 1.618033974843999800e+00 6.179534418005999674e-02 1.170505757409936055e-03
1.381974172115948640e+00 2.374765732399539697e-01 9.899999999899999903e-01 3.476635312650238063e-01 1.404538486926131674e-02 1.618033974843999800e+00 6.179534418005999674e-02 1.170505757409936055e-03
1.381974172115948640e+00 1.237476548083954020e+00 9.899999999899999903e-01 3.476635312650238063e-01 1.404538486926131674e-02 1.618033974843999800e+00 6.179534418005999674e-02 1.170505757409936055e-03
1.381974172115948640e+00 7.865914638752939947e-01 9.899999999899999903e-01 3.476635312650238063e-01 1.404538486926131674e-02 1.618033974843999800e+00 6.179534418005999674e-02 1.170505757409936055e-03
1.381974172115948640e+00 7.915379409402072408e-01 9.899999999899999903e-01 3.476635312650238063e-01 1.404538486926131674e-02 1.618033974843999800e+00 6.179534418005999674e-02 1.170505757409936055e-03
1.381974172115948640e+00 8.155650118919061109e-01 9.899999999899999903e-01 3.476635312650238063e-01 1.404538486926131674e-02 1.618033974843999800e+00 6.179534418005999674e-02 1.170505757409936055e-03
1.381974172115948640e+00 8.308228485690378751e-01 9.899999999899999903e-01 3.476635312650238063e-01 1.404538486926131674e-02 1.618033974843999800e+00 6.179534418005999674e-02 1.170505757409936055e-03
1.381974172115948640e+00 8.044124322126968707e-01 9.899999999899999903e-01 3.476635312650238063e-01 1.404538486926131674e-02 1.618033974843999800e+00 6.179534418005999674e-02 1.170505757409936055e-03
1.381974172115948640e+00 8.213929867361234871e-01 9.899999999899999903e-01 3.476635312650238063e-01 1.404538486926131674e-02 1.618033974843999800e+00 6.179534418005999674e-02 1.170505757409936055e-03
1.381974172115948640e+00 8.113051056421572982e-01 9.899999999899999903e-01 3.476635312650238063e-01 1.404538486926131674e-02 1.618033974843999800e+00 6.179534418005999674e-02 1.170505757409936055e-03
1.381974172115948640e+00 8.086723387430000409e-01 9.899999999899999903e-01 3.476635312650238063e-01 1.404538486926131674e-02 1.618033974843999800e+00 6.179534418005999674e-02 1.170505757409936055e-03
1.381974172115948640e+00 8.129322449927488536e-01 9.899999999899999903e-01 3.476635312650238063e-01 1.404538486926131674e-02 1.618033974843999800e+00 6.179534418005999674e-02 1.170505757409936055e-03
1.381974172115948640e+00 8.102994782007537644e-01 9.899999999899999903e-01 3.476635312650238063e-01 1.404538486926131674e-02 1.618033974843999800e+00 6.179534418005999674e-02 1.170505757409936055e-03
1.381974172115948640e+00 8.119266175513453199e-01 9.899999999899999903e-01 3.476635312650238063e-01 1.404538486926131674e-02 1.618033974843999800e+00 6.179534418005999674e-02 1.170505757409936055e-03
1.381974172115948640e+00 8.108630512077393826e-01 9.899999999899999903e-01 3.476635312650238063e-01 1.404538486926131674e-02 1.618033974843999800e+00 6.179534418005999674e-02 1.170505757409936055e-03
1.381974172115948640e+00 8.113051056421572982e-01 9.899999999899999903e-01 3.476635312650238063e-01 1.404538486926131674e-02 1.618033974843999800e+00 6.179534418005999674e-02 1.170505757409936055e-03
1.381974172115948640e+00 8.113051056421572982e-01 1.989999999989999990e+00 3.476635312650238063e-01 1.404538486926131674e-02 1.618033974843999800e+00 6.179534418005999674e-02 1.170505757409936055e-03
1.381974172115948640e+00 8.113051056421572982e-01 -6.280340000099999820e-01 3.476635312650238063e-01 1.404538486926131674e-02 1.618033974843999800e+00 6.179534418005999674e-02 1.170505757409936055e-03
1.381974172115948640e+00 8.113051056421572982e-01 9.899999999899999903e-01 3.476635312650238063e-01 1.404538486926131674e-02 1.618033974843999800e+00 6.179534418005999674e-02 1.170505757409936055e-03
1.381974172115948640e+00 8.113051056421572982e-01 3.719660251459999678e-01 3.476635312650238063e-01 1.404538486926131674e-02 1.618033974843999800e+00 6.179534418005999674e-02 1.170505757409936055e-03
1.381974172115948640e+00 8.113051056421572982e-01 1.371965999990000018e+00 3.476635312650238063e-01 1.404538486926131674e-02 1.618033974843999800e+00 6.179534418005999674e-02 1.170505757409936055e-03
1.381974172115948640e+00 8.113051056421572982e-01 8.792627373187862361e-01 3.476635312650238063e-01 1.404538486926131674e-02 1.618033974843999800e+00 6.179534418005999674e-02 1.170505757409936055e-03
1.381974172115948640e+00 8.113051056421572982e-01 1.135898025146000023e+00 3.476635312650238063e-01 1.404538486926131674e-02 1.618033974843999800e+00 6.179534418005999674e-02 1.170505757409936055e-03
1.381974172115948640e+00 8.113051056421572982e-01 1.045728085066736757e+00 3.476635312650238063e-01 1.404538486926131674e-02 1.618033974843999800e+00 6.179534418005999674e-02 1.170505757409936055e-03
1.381974172115948640e+00 8.113051056421572982e-01 9.477021307165272024e-01 3.476635312650238063e-01 1.404538486926131674e-02 1.618033974843999800e+00 6.179534418005999674e-02 1.170505757409936055e-03
1.381974172115948640e+00 8.113051056421572982e-01 1.011286233734420836e+00 3.476635312650238063e-01 1.404538486926131674e-02 1.618033974843999800e+00 6.179534418005999674e-02 1.170505757409936055e-03
1.381974172115948640e+00 8.113051056421572982e-01 9.738436520550887154e-01 3.476635312650238063e-01 1.404538486926131674e-02 1.618033974843999800e+00 6.179534418005999674e-02 1.170505757409936055e-03
1.381974172115948640e+00 8.113051056421572982e-01 9.981306175484214727e-01 3.476635312650238063e-01 1.404538486926131674e-02 1.618033974843999800e+00 6.179534418005999674e-02 1.170505757409936055e-03
1.381974172115948640e+00 8.113051056421572982e-01 9.827213383216690801e-01 3.476635312650238063e-01 1.404538486926131674e-02 1.618033974843999800e+00 6.179534418005999674e-02 1.170505757409936055e-03
1.381974172115948640e+00 8.113051056421572982e-01 9.865024801824024969e-01 3.476635312650238063e-01 1.404538486926131674e-02 1.618033974843999800e+00 6.179534418005999674e-02 1.170505757409936055e-03
1.381974172115948640e+00 8.113051056421572982e-01 9.931056194563200323e-01 3.476635312650238063e-01 1.404538486926131674e-02 1.618033974843999800e+00 6.179534418005999674e-02 1.170505757409936055e-03
1.381974172115948640e+00 8.113051056421572982e-01 9.886640663391712547e-01 3.476635312650238063e-01 1.404538486926131674e-02 1.618033974843999800e+00 6.179534418005999674e-02 1.170505757409936055e-03
1.381974172115948640e+00 8.113051056421572982e-01 9.911862410350723573e-01 3.476635312650238063e-01 1.404538486926131674e-02 1.618033974843999800e+00 6.179534418005999674e-02 1.170505757409936055e-03
1.381974172115948640e+00 8.113051056421572982e-01 9.894897187571275454e-01 3.476635312650238063e-01 1.404538486926131674e-02 1.618033974843999800e+00 6.179534418005999674e-02 1.170505757409936055e-03
1.381974172115948640e+00 8.113051056421572982e-01 9.891743476056503726e-01 3.476635312650238063e-01 1.404538486926131674e-02 1.618033974843999800e+00 6.179534418005999674e-02 1.170505757409936055e-03
1.381974172115948640e+00 8.113051056421572982e-01 9.896846288385229284e-01 3.476635312650238063e-01 1.404538486926131674e-02 1.618033974843999800e+00 6.179534418005999674e-02 1.170505757409936055e-03
1.381974172115948640e+00 8.113051056421572982e-01 9.893692576998823762e-01 3.476635312650238063e-01 1.404538486926131674e-02 1.618033974843999800e+00 6.179534418005999674e-02 1.170505757409936055e-03
1.381974172115948640e+00 8.113051056421572982e-01 9.895641677812777592e-01 3.476635312650238063e-01 1.404538486926131674e-02 1.618033974843999800e+00 6.179534418005999674e-02 1.170505757409936055e-03
1.381974172115948640e+00 8.113051056421572982e-01 9.894437067289358900e-01 3.476635312650238063e-01 1.404538486926131674e-02 1.618033974843999800e+00 6.179534418005999674e-02 1.170505757409936055e-03
1.381974172115948640e+00 8.113051056421572982e-01 9.895181557530861038e-01 3.476635312650238063e-01 1.404538486926131674e-02 1.618033974843999800e+00 6.179534418005999674e-02 1.170505757409936055e-03
1.381974172115948640e+00 8.113051056421572982e-01 9.894721437267672837e-01 3.476635312650238063e-01 1.404538486926131674e-02 1.618033974843999800e+00 6.179534418005999674e-02 1.170505757409936055e-03
1.381974172115948640e+00 8.113051056421572982e-01 9.895005807227258421e-01 3.476635312650238063e-01 1.404538486926131674e-02 1.618033974843999800e+00 6.179534418005999674e-02 1.170505757409936055e-03
1.381974172115948640e+00 8.113051056421572982e-01 9.894830056930808970e-01 3.476635312650238063e-01 1.404538486926131674e-02 1.618033974843999800e+00 6.179534418005999674e-02 1.170505757409936055e-03
1.381974172115948640e+00 8.113051056421572982e-01 9.894778357401117219e-01 3.476635312650238063e-01 1.404538486926131674e-02 1.618033974843999800e+00 6.179534418005999674e-02 1.170505757409936055e-03
1.381974172115948640e+00 8.113051056421572982e-01 9.894830056930808970e-01 3.476635312650238063e-01 1.404538486926131674e-02 1.618033974843999800e+00 6.179534418005999674e-02 1.170505757409936055e-03
1.381974172115948640e+00 8.113051056421572982e-01 9.894830056930808970e-01 1.347663531265023806e+00 1.404538486926131674e-02 1.618033974843999800e+00 6.179534418005999674e-02 1.170505757409936055e-03
1.381974172115948640e+00 8.113051056421572982e-01 9.894830056930808970e-01 -1.270370468734976166e+00 1.404538486926131674e-02 1.618033974843999800e+00 6.179534418005999674e-02 1.170505757409936055e-03
1.381974172115948640e+00 8.113051056421572982e-01 9.894830056930808970e-01 3.476635312650238063e-01 1.404538486926131674e-02 1.618033974843999800e+00 6.179534418005999674e-02 1.170505757409936055e-03
1.381974172115948640e+00 8.113051056421572982e-01 9.894830056930808970e-01 -2.703704435789762162e-01 1.404538486926131674e-02 1.618033974843999800e+00 6.179534418005999674e-02 1.170505757409936055e-03
1.381974172115948640e+00 8.113051056421572982e-01 9.894830056930808970e-01 7.296295312650238341e-01 1.404538486926131674e-02 1.618033974843999800e+00 6.179534418005999674e-02 1.170505757409936055e-03
1.381974172115948640e+00 8.113051056421572982e-01 9.894830056930808970e-01 2.432079172687159896e-01 1.404538486926131674e-02 1.618033974843999800e+00 6.179534418005999674e-02 1.170505757409936055e-03
1.381974172115948640e+00 8.113051056421572982e-01 9.894830056930808970e-01 3.517565105294238048e-01 1.404538486926131674e-02 1.618033974843999800e+00 6.179534418005999674e-02 1.170505757409936055e-03
1.381974172115948640e+00 8.113051056421572982e-01 9.894830056930808970e-01 2.964222553185449360e-01 1.404538486926131674e-02 1.618033974843999800e+00 6.179534418005999674e-02 1.170505757409936055e-03
1.381974172115948640e+00 8.113051056421572982e-01 9.894830056930808970e-01 3.280911060568510451e-01 1.404538486926131674e-02 1.618033974843999800e+00 6.179534418005999674e-02 1.170505757409936055e-03
1.381974172115948640e+00 8.113051056421572982e-01 9.894830056930808970e-01 3.401875302979588955e-01 1.404538486926131674e-02 1.618033974843999800e+00 6.179534418005999674e-02 1.170505757409936055e-03
1.381974172115948640e+00 8.113051056421572982e-01 9.894830056930808970e-01 3.355671075162798833e-01 1.404538486926131674e-02 1.618033974843999800e+00 6.179534418005999674e-02 1.170505757409936055e-03
1.381974172115948640e+00 8.113051056421572982e-01 9.894830056930808970e-01 3.430431084833447941e-01 1.404538486926131674e-02 1.618033974843999800e+00 6.179534418005999674e-02 1.170505757409936055e-03
1.381974172115948640e+00 8.113051056421572982e-01 9.894830056930808970e-01 3.384226858897321222e-01 1.404538486926131674e-02 1.618033974843999800e+00 6.179534418005999674e-02 1.170505757409936055e-03
1.381974172115948640e+00 8.113051056421572982e-01 9.894830056930808970e-01 3.412782640751180208e-01 1.404538486926131674e-02 1.618033974843999800e+00 6.179534418005999674e-02 1.170505757409936055e-03
1.381974172115948640e+00 8.113051056421572982e-01 9.894830056930808970e-01 3.395134197387261188e-01 1.404538486926131674e-02 1.618033974843999800e+00 6.179534418005999674e-02 1.170505757409936055e-03
1.381974172115948640e+00 8.113051056421572982e-01 9.894830056930808970e-01 3.406041535158852440e-01 1.404538486926131674e-02 1.618033974843999800e+00 6.179534418005999674e-02 1.170505757409936055e-03
1.381974172115948640e+00 8.113051056421572982e-01 9.894830056930808970e-01 3.399300429840910187e-01 1.404538486926131674e-02 1.618033974843999800e+00 6.179534418005999674e-02 1.170505757409936055e-03
1.381974172115948640e+00 8.113051056421572982e-01 9.894830056930808970e-01 3.403466662020173672e-01 1.404538486926131674e-02 1.618033974843999800e+00 6.179534418005999674e-02 1.170505757409936055e-03
1.381974172115948640e+00 8.113051056421572982e-01 9.894830056930808970e-01 3.400891788986300512e-01 1.404538486926131674e-02 1.618033974843999800e+00 6.179534418005999674e-02 1.170505757409936055e-03
1.381974172115948640e+00 8.113051056421572982e-01 9.894830056930808970e-01 3.402622903176295566e-01 1.404538486926131674e-02 1.618033974843999800e+00 6.179534418005999674e-02 1.170505757409936055e-03
1.381974172115948640e+00 8.113051056421572982e-01 9.894830056930808970e-01 3.401875302979588955e-01 1.404538486926131674e-02 1.618033974843999800e+00 6.179534418005999674e-02 1.170505757409936055e-03
1.381974172115948640e+00 8.113051056421572982e-01 9.894830056930808970e-01 3.401875302979588955e-01 1.014045384869261213e+00 1.618033974843999800e+00 6.179534418005999674e-02 1.170505757409936055e-03
1.381974172115948640e+00 8.113051056421572982e-01 9.894830056930808970e-01 3.401875302979588955e-01 -1.603988615130738760e+00 1.618033974843999800e+00 6.179534418005999674e-02 1.170505757409936055e-03
1.381974172115948640e+00 8.113051056421572982e-01 9.894830056930808970e-01 3.401875302979588955e-01 1.404538486926131674e-02 1.618033974843999800e+00 6.179534418005999674e-02 1.170505757409936055e-03
1.381974172115948640e+00 8.113051056421572982e-01 9.894830056930808970e-01 3.401875302979588955e-01 -6.039885899747386988e-01 1.618033974843999800e+00 6.179534418005999674e-02 1.170505757409936055e-03
1.381974172115948640e+00 8.113051056421572982e-01 9.894830056930808970e-01 3.401875302979588955e-01 3.960113848692613514e-01 1.618033974843999800e+00 6.179534418005999674e-02 1.170505757409936055e-03
1.381974172115948640e+00 8.113051056421572982e-01 9.894830056930808970e-01 3.401875302979588955e-01 -6.774322524283157843e-02 1.618033974843999800e+00 6.179534418005999674e-02 1.170505757409936055e-03
1.381974172115948640e+00 8.113051056421572982e-01 9.894830056930808970e-01 3.401875302979588955e-01 -1.530857544001796300e-01 1.618033974843999800e+00 6.179534418005999674e-02 1.170505757409936055e-03
1.381974172115948640e+00 8.113051056421572982e-01 9.894830056930808970e-01 3.401875302979588955e-01 -7.154368692894574888e-02 1.618033974843999800e+00 6.179534418005999674e-02 1.170505757409936055e-03
1.381974172115948640e+00 8.113051056421572982e-01 9.894830056930808970e-01 3.401875302979588955e-01 -3.650275699275590952e-02 1.618033974843999800e+00 6.179534418005999674e-02 1.170505757409936055e-03
1.381974172115948640e+00 8.113051056421572982e-01 9.894830056930808970e-01 3.401875302979588955e-01 -5.223602126440910626e-02 1.618033974843999800e+00 6.179534418005999674e-02 1.170505757409936055e-03
1.381974172115948640e+00 8.113051056421572982e-01 9.894830056930808970e-01 3.401875302979588955e-01 -6.182000056800946580e-02 1.618033974843999800e+00 6.179534418005999674e-02 1.170505757409936055e-03
1.381974172115948640e+00 8.113051056421572982e-01 9.894830056930808970e-01 3.401875302979588955e-01 -6.548075480668846815e-02 1.618033974843999800e+00 6.179534418005999674e-02 1.170505757409936055e-03
1.381974172115948640e+00 8.113051056421572982e-01 9.894830056930808970e-01 3.401875302979588955e-01 -6.919487239122987243e-02 1.618033974843999800e+00 6.179534418005999674e-02 1.170505757409936055e-03
1.381974172115948640e+00 8.113051056421572982e-01 9.894830056930808970e-01 3.401875302979588955e-01 -7.009203968494304160e-02 1.618033974843999800e+00 6.179534418005999674e-02 1.170505757409936055e-03
1.381974172115948640e+00 8.113051056421572982e-01 9.894830056930808970e-01 3.401875302979588955e-01 -6.919487239122987243e-02 1.618033974843999800e+00 6.179534418005999674e-02 1.170505757409936055e-03
1.381974172115948640e+00 8.113051056421572982e-01 9.894830056930808970e-01 3.401875302979588955e-01 -6.919487239122987243e-02 2.618033974843999800e+00 6.179534418005999674e-02 1.170505757409936055e-03
1.381974172115948640e+00 8.113051056421572982e-01 9.894830056930808970e-01 3.401875302979588955e-01 -6.919487239122987243e-02 4.236067974843999551e+00 6.179534418005999674e-02 1.170505757409936055e-03
1.381974172115948640e+00 8.113051056421572982e-01 9.894830056930808970e-01 3.401875302979588955e-01 -6.919487239122987243e-02 2.618033974843999800e+00 6.179534418005999674e-02 1.170505757409936055e-03
1.381974172115948640e+00 8.113051056421572982e-01 9.894830056930808970e-01 3.401875302979588955e-01 -6.919487239122987243e-02 3.236067949687999601e+00 6.179534418005999674e-02 1.170505757409936055e-03
1.381974172115948640e+00 8.113051056421572982e-01 9.894830056930808970e-01 3.401875302979588955e-01 -6.919487239122987243e-02 2.236067974843999551e+00 6.179534418005999674e-02 1.170505757409936055e-03
1.381974172115948640e+00 8.113051056421572982e-01 9.894830056930808970e-01 3.401875302979588955e-01 -6.919487239122987243e-02 2.783516260771575102e+00 6.179534418005999674e-02 1.170505757409936055e-03
1.381974172115948640e+00 8.113051056421572982e-01 9.894830056930808970e-01 3.401875302979588955e-01 -6.919487239122987243e-02 2.906357016316885478e+00 6.179534418005999674e-02 1.170505757409936055e-03
1.381974172115948640e+00 8.113051056421572982e-01 9.894830056930808970e-01 3.401875302979588955e-01 -6.919487239122987243e-02 3.032295382692916874e+00 6.179534418005999674e-02 1.170505757409936055e-03
1.381974172115948640e+00 8.113051056421572982e-01 9.894830056930808970e-01 3.401875302979588955e-01 -6.919487239122987243e-02 2.954461190368072643e+00 6.179534418005999674e-02 1.170505757409936055e-03
1.381974172115948640e+00 8.113051056421572982e-01 9.894830056930808970e-01 3.401875302979588955e-01 -6.919487239122987243e-02 2.859436024284265798e+00 6.179534418005999674e-02 1.170505757409936055e-03
1.381974172115948640e+00 8.113051056421572982e-01 9.894830056930808970e-01 3.401875302979588955e-01 -6.919487239122987243e-02 2.924731175262521354e+00 6.179534418005999674e-02 1.170505757409936055e-03
1.381974172115948640e+00 8.113051056421572982e-01 9.894830056930808970e-01 3.401875302979588955e-01 -6.919487239122987243e-02 2.888434792674154039e+00 6.179534418005999674e-02 1.170505757409936055e-03
1.381974172115948640e+00 8.113051056421572982e-01 9.894830056930808970e-01 3.401875302979588955e-01 -6.919487239122987243e-02 2.906357016316885478e+00 6.179534418005999674e-02 1.170505757409936055e-03
1.381974172115948640e+00 8.113051056421572982e-01 9.894830056930808970e-01 3.401875302979588955e-01 -6.919487239122987243e-02 2.906357016316885478e+00 1.061795344180060052e+00 1.170505757409936055e-03
1.381974172115948640e+00 8.113051056421572982e-01 9.894830056930808970e-01 3.401875302979588955e-01 -6.919487239122987243e-02 2.906357016316885478e+00 -1.556238655819939920e+00 1.170505757409936055e-03
1.381974172115948640e+00 8.113051056421572982e-01 9.894830056930808970e-01 3.401875302979588955e-01 -6.919487239122987243e-02 2.906357016316885478e+00 6.179534418005999674e-02 1.170505757409936055e-03
1.381974172115948640e+00 8.113051056421572982e-01 9.894830056930808970e-01 3.401875302979588955e-01 -6.919487239122987243e-02 2.906357016316885478e+00 -5.562386306639399702e-01 1.170505757409936055e-03
1.381974172115948640e+00 8.113051056421572982e-01 9.894830056930808970e-01 3.401875302979588955e-01 -6.919487239122987243e-02 2.906357016316885478e+00 4.437613441800600245e-01 1.170505757409936055e-03
1.381974172115948640e+00 8.113051056421572982e-01 9.894830056930808970e-01 3.401875302979588955e-01 -6.919487239122987243e-02 2.906357016316885478e+00 1.540620222198257339e-01 1.170505757409936055e-03
1.381974172115948640e+00 8.113051056421572982e-01 9.894830056930808970e-01 3.401875302979588955e-01 -6.919487239122987243e-02 2.906357016316885478e+00 -1.742726210552033306e-01 1.170505757409936055e-03
1.381974172115948640e+00 8.113051056421572982e-01 9.894830056930808970e-01 3.401875302979588955e-01 -6.919487239122987243e-02 2.906357016316885478e+00 2.840619547641936443e-02 1.170505757409936055e-03
1.381974172115948640e+00 8.113051056421572982e-01 9.894830056930808970e-01 3.401875302979588955e-01 -6.919487239122987243e-02 2.906357016316885478e+00 -4.901022135889843145e-02 1.170505757409936055e-03
1.381974172115948640e+00 8.113051056421572982e-01 9.894830056930808970e-01 3.401875302979588955e-01 -6.919487239122987243e-02 2.906357016316885478e+00 -1.164243596499636713e-03 1.170505757409936055e-03
1.381974172115948640e+00 8.113051056421572982e-01 9.894830056930808970e-01 3.401875302979588955e-01 -6.919487239122987243e-02 2.906357016316885478e+00 4.115971505015416504e-02 1.170505757409936055e-03
1.381974172115948640e+00 8.113051056421572982e-01 9.894830056930808970e-01 3.401875302979588955e-01 -6.919487239122987243e-02 2.906357016316885478e+00 4.366214628217847393e-02 1.170505757409936055e-03
1.381974172115948640e+00 8.113051056421572982e-01 9.894830056930808970e-01 3.401875302979588955e-01 -6.919487239122987243e-02 2.906357016316885478e+00 3.704060127883931214e-02 1.170505757409936055e-03
1.381974172115948640e+00 8.113051056421572982e-01 9.894830056930808970e-01 3.401875302979588955e-01 -6.919487239122987243e-02 2.906357016316885478e+00 3.374255183211217340e-02 1.170505757409936055e-03
1.381974172115948640e+00 8.113051056421572982e-01 9.894830056930808970e-01 3.401875302979588955e-01 -6.919487239122987243e-02 2.906357016316885478e+00 3.903505098592542633e-02 1.170505757409936055e-03
1.381974172115948640e+00 8.113051056421572982e-01 9.894830056930808970e-01 3.401875302979588955e-01 -6.919487239122987243e-02 2.906357016316885478e+00 3.578085852387073718e-02 1.170505757409936055e-03
1.381974172115948640e+00 8.113051056421572982e-01 9.894830056930808970e-01 3.401875302979588955e-01 -6.919487239122987243e-02 2.906357016316885478e+00 3.780241325565616983e-02 1.170505757409936055e-03
1.381974172115948640e+00 8.113051056421572982e-01 9.894830056930808970e-01 3.401875302979588955e-01 -6.919487239122987243e-02 2.906357016316885478e+00 3.655942237769498060e-02 1.170505757409936055e-03
1.381974172115948640e+00 8.113051056421572982e-01 9.894830056930808970e-01 3.401875302979588955e-01 -6.919487239122987243e-02 2.906357016316885478e+00 3.733158755237613730e-02 1.170505757409936055e-03
1.381974172115948640e+00 8.113051056421572982e-01 9.894830056930808970e-01 3.401875302979588955e-01 -6.919487239122987243e-02 2.906357016316885478e+00 3.704060127883931214e-02 1.170505757409936055e-03
1.381974172115948640e+00 8.113051056421572982e-01 9.894830056930808970e-01 3.401875302979588955e-01 -6.919487239122987243e-02 2.906357016316885478e+00 3.704060127883931214e-02 1.001170505757409845e+00
1.381974172115948640e+00 8.113051056421572982e-01 9.894830056930808970e-01 3.401875302979588955e-01 -6.919487239122987243e-02 2.906357016316885478e+00 3.704060127883931214e-02 -1.616863494242590127e+00
1.381974172115948640e+00 8.113051056421572982e-01 9.894830056930808970e-01 3.401875302979588955e-01 -6.919487239122987243e-02 2.906357016316885478e+00 3.704060127883931214e-02 1.170505757409936055e-03
1.381974172115948640e+00 8.113051056421572982e-01 9.894830056930808970e-01 3.401875302979588955e-01 -6.919487239122987243e-02 2.906357016316885478e+00 3.704060127883931214e-02 -6.168634690865900660e-01
1.381974172115948640e+00 8.113051056421572982e-01 9.894830056930808970e-01 3.401875302979588955e-01 -6.919487239122987243e-02 2.906357016316885478e+00 3.704060127883931214e-02 3.831365057574099842e-01
1.381974172115948640e+00 8.113051056421572982e-01 9.894830056930808970e-01 3.401875302979588955e-01 -6.919487239122987243e-02 2.906357016316885478e+00 3.704060127883931214e-02 -2.498378818339252322e-02
1.381974172115948640e+00 8.113051056421572982e-01 9.894830056930808970e-01 3.401875302979588955e-01 -6.919487239122987243e-02 2.906357016316885478e+00 3.704060127883931214e-02 1.189916754019841039e-01
1.381974172115948640e+00 8.113051056421572982e-01 9.894830056930808970e-01 3.401875302979588955e-01 -6.919487239122987243e-02 2.906357016316885478e+00 3.704060127883931214e-02 4.617418664186935529e-02
1.381974172115948640e+00 8.113051056421572982e-01 9.894830056930808970e-01 3.401875302979588955e-01 -6.919487239122987243e-02 2.906357016316885478e+00 3.704060127883931214e-02 3.605479271875298292e-03
1.381974172115948640e+00 8.113051056421572982e-01 9.894830056930808970e-01 3.401875302979588955e-01 -6.919487239122987243e-02 2.906357016316885478e+00 3.704060127883931214e-02 1.986527815116245071e-02
1.381974172115948640e+00 8.113051056421572982e-01 9.894830056930808970e-01 3.401875302979588955e-01 -6.919487239122987243e-02 2.906357016316885478e+00 3.704060127883931214e-02 1.292320077929821898e-02
1.381974172115948640e+00 8.113051056421572982e-01 9.894830056930808970e-01 3.401875302979588955e-01 -6.919487239122987243e-02 2.906357016316885478e+00 3.704060127883931214e-02 2.991438669172380438e-02
1.381974172115948640e+00 8.113051056421572982e-01 9.894830056930808970e-01 3.401875302979588955e-01 -6.919487239122987243e-02 2.906357016316885478e+00 3.704060127883931214e-02 2.370369594396650945e-02
1.381974172115948640e+00 8.113051056421572982e-01 9.894830056930808970e-01 3.401875302979588955e-01 -6.919487239122987243e-02 2.906357016316885478e+00 3.704060127883931214e-02 1.924633837875962261e-02
1.381974172115948640e+00 8.113051056421572982e-01 9.894830056930808970e-01 3.401875302979588955e-01 -6.919487239122987243e-02 2.906357016316885478e+00 3.704060127883931214e-02 2.133142324180864469e-02
1.381974172115948640e+00 8.113051056421572982e-01 9.894830056930808970e-01 3.401875302979588955e-01 -6.919487239122987243e-02 2.906357016316885478e+00 3.704060127883931214e-02 2.042529572685621367e-02
1.381974172115948640e+00 8.113051056421572982e-01 9.894830056930808970e-01 3.401875302979588955e-01 -6.919487239122987243e-02 2.906357016316885478e+00 3.704060127883931214e-02 1.962886420205683241e-02
1.381974172115948640e+00 8.113051056421572982e-01 9.894830056930808970e-01 3.401875302979588955e-01 -6.919487239122987243e-02 2.906357016316885478e+00 3.704060127883931214e-02 2.007918582447989347e-02
1.381982334623160780e+00 7.670996632003606042e-01 9.889660113961618038e-01 3.327115293308939847e-01 -1.524351296517210685e-01 4.194680057789771155e+00 1.228585837761862753e-02 3.856005054491496581e-02
1.381974172115948640e+00 8.113051056421572982e-01 9.894830056930808970e-01 3.401875302979588955e-01 -6.919487239122987243e-02 2.906357016316885478e+00 3.704060127883931214e-02 1.986527815116245071e-02
2.381974172115948640e+00 8.113051056421572982e-01 9.894830056930808970e-01 3.401875302979588955e-01 -6.919487239122987243e-02 2.906357016316885478e+00 3.704060127883931214e-02 1.986527815116245071e-02
-2.360598278840513320e-01 8.113051056421572982e-01 9.894830056930808970e-01 3.401875302979588955e-01 -6.919487239122987243e-02 2.906357016316885478e+00 3.704060127883931214e-02 1.986527815116245071e-02
1.381974172115948640e+00 8.113051056421572982e-01 9.894830056930808970e-01 3.401875302979588955e-01 -6.919487239122987243e-02 2.906357016316885478e+00 3.704060127883931214e-02 1.986527815116245071e-02
7.639401972719486178e-01 8.113051056421572982e-01 9.894830056930808970e-01 3.401875302979588955e-01 -6.919487239122987243e-02 2.906357016316885478e+00 3.704060127883931214e-02 1.986527815116245071e-02
1.763940172115948668e+00 8.113051056421572982e-01 9.894830056930808970e-01 3.401875302979588955e-01 -6.919487239122987243e-02 2.906357016316885478e+00 3.704060127883931214e-02 1.986527815116245071e-02
1.322174788241972543e+00 8.113051056421572982e-01 9.894830056930808970e-01 3.401875302979588955e-01 -6.919487239122987243e-02 2.906357016316885478e+00 3.704060127883931214e-02 1.986527815116245071e-02
1.498990677167111762e+00 8.113051056421572982e-01 9.894830056930808970e-01 3.401875302979588955e-01 -6.919487239122987243e-02 2.906357016316885478e+00 3.704060127883931214e-02 1.986527815116245071e-02
1.426670498484321259e+00 8.113051056421572982e-01 9.894830056930808970e-01 3.401875302979588955e-01 -6.919487239122987243e-02 2.906357016316885478e+00 3.704060127883931214e-02 1.986527815116245071e-02
1.359132840655141505e+00 8.113051056421572982e-01 9.894830056930808970e-01 3.401875302979588955e-01 -6.919487239122987243e-02 2.906357016316885478e+00 3.704060127883931214e-02 1.986527815116245071e-02
1.393862730632660751e+00 8.113051056421572982e-01 9.894830056930808970e-01 3.401875302979588955e-01 -6.919487239122987243e-02 2.906357016316885478e+00 3.704060127883931214e-02 1.986527815116245071e-02
1.373249560103189992e+00 8.113051056421572982e-01 9.894830056930808970e-01 3.401875302979588955e-01 -6.919487239122987243e-02 2.906357016316885478e+00 3.704060127883931214e-02 1.986527815116245071e-02
1.386515197258343157e+00 8.113051056421572982e-01 9.894830056930808970e-01 3.401875302979588955e-01 -6.919487239122987243e-02 2.906357016316885478e+00 3.704060127883931214e-02 1.986527815116245071e-02
1.378641666963883239e+00 8.113051056421572982e-01 9.894830056930808970e-01 3.401875302979588955e-01 -6.919487239122987243e-02 2.906357016316885478e+00 3.704060127883931214e-02 1.986527815116245071e-02
1.383708689325488406e+00 8.113051056421572982e-01 9.894830056930808970e-01 3.401875302979588955e-01 -6.919487239122987243e-02 2.906357016316885478e+00 3.704060127883931214e-02 1.986527815116245071e-02
1.380701268453034869e+00 8.113051056421572982e-01 9.894830056930808970e-01 3.401875302979588955e-01 -6.919487239122987243e-02 2.906357016316885478e+00 3.704060127883931214e-02 1.986527815116245071e-02
1.379914570710629507e+00 8.113051056421572982e-01 9.894830056930808970e-01 3.401875302979588955e-01 -6.919487239122987243e-02 2.906357016316885478e+00 3.704060127883931214e-02 1.986527815116245071e-02
1.381187474373543278e+00 8.113051056421572982e-01 9.894830056930808970e-01 3.401875302979588955e-01 -6.919487239122987243e-02 2.906357016316885478e+00 3.704060127883931214e-02 1.986527815116245071e-02
1.380400776663159190e+00 8.113051056421572982e-01 9.894830056930808970e-01 3.401875302979588955e-01 -6.919487239122987243e-02 2.906357016316885478e+00 3.704060127883931214e-02 1.986527815116245071e-02
1.380886982583667821e+00 8.113051056421572982e-01 9.894830056930808970e-01 3.401875302979588955e-01 -6.919487239122987243e-02 2.906357016316885478e+00 3.704060127883931214e-02 1.986527815116245071e-02
1.380586490806023248e+00 8.113051056421572982e-01 9.894830056930808970e-01 3.401875302979588955e-01 -6.919487239122987243e-02 2.906357016316885478e+00 3.704060127883931214e-02 1.986527815116245071e-02
1.380772204936656200e+00 8.113051056421572982e-01 9.894830056930808970e-01 3.401875302979588955e-01 -6.919487239122987243e-02 2.906357016316885478e+00 3.704060127883931214e-02 1.986527815116245071e-02
1.380657427294316397e+00 8.113051056421572982e-01 9.894830056930808970e-01 3.401875302979588955e-01 -6.919487239122987243e-02 2.906357016316885478e+00 3.704060127883931214e-02 1.986527815116245071e-02
1.380728363777937728e+00 8.113051056421572982e-01 9.894830056930808970e-01 3.401875302979588955e-01 -6.919487239122987243e-02 2.906357016316885478e+00 3.704060127883931214e-02 1.986527815116245071e-02
1.380684522621003829e+00 8.113051056421572982e-01 9.894830056930808970e-01 3.401875302979588955e-01 -6.919487239122987243e-02 2.906357016316885478e+00 3.704060127883931214e-02 1.986527815116245071e-02
1.380713997499664059e+00 8.113051056421572982e-01 9.894830056930808970e-01 3.401875302979588955e-01 -6.919487239122987243e-02 2.906357016316885478e+00 3.704060127883931214e-02 1.986527815116245071e-02
1.380701268453034869e+00 8.113051056421572982e-01 9.894830056930808970e-01 3.401875302979588955e-01 -6.919487239122987243e-02 2.906357016316885478e+00 3.704060127883931214e-02 1.986527815116245071e-02
1.380701268453034869e+00 1.811305105642157187e+00 9.894830056930808970e-01 3.401875302979588955e-01 -6.919487239122987243e-02 2.906357016316885478e+00 3.704060127883931214e-02 1.986527815116245071e-02
1.380701268453034869e+00 -8.067288943578426741e-01 9.894830056930808970e-01 3.401875302979588955e-01 -6.919487239122987243e-02 2.906357016316885478e+00 3.704060127883931214e-02 1.986527815116245071e-02
1.380701268453034869e+00 8.113051056421572982e-01 9.894830056930808970e-01 3.401875302979588955e-01 -6.919487239122987243e-02 2.906357016316885478e+00 3.704060127883931214e-02 1.986527815116245071e-02
1.380701268453034869e+00 1.932711307981572757e-01 9.894830056930808970e-01 3.401875302979588955e-01 -6.919487239122987243e-02 2.906357016316885478e+00 3.704060127883931214e-02 1.986527815116245071e-02
1.380701268453034869e+00 1.193271105642157437e+00 9.894830056930808970e-01 3.401875302979588955e-01 -6.919487239122987243e-02 2.906357016316885478e+00 3.704060127883931214e-02 1.986527815116245071e-02
1.380701268453034869e+00 7.815858931545602850e-01 9.894830056930808970e-01 3.401875302979588955e-01 -6.919487239122987243e-02 2.906357016316885478e+00 3.704060127883931214e-02 1.986527815116245071e-02
1.380701268453034869e+00 9.183478746938241732e-01 9.894830056930808970e-01 3.401875302979588955e-01 -6.919487239122987243e-02 2.906357016316885478e+00 3.704060127883931214e-02 1.986527815116245071e-02
1.380701268453034869e+00 8.521918039657463417e-01 9.894830056930808970e-01 3.401875302979588955e-01 -6.919487239122987243e-02 2.906357016316885478e+00 3.704060127883931214e-02 1.986527815116245071e-02
1.380701268453034869e+00 8.269224342540253403e-01 9.894830056930808970e-01 3.401875302979588955e-01 -6.919487239122987243e-02 2.906357016316885478e+00 3.704060127883931214e-02 1.986527815116245071e-02
1.380701268453034869e+00 7.999533769251198079e-01 9.894830056930808970e-01 3.401875302979588955e-01 -6.919487239122987243e-02 2.906357016316885478e+00 3.704060127883931214e-02 1.986527815116245071e-02
1.380701268453034869e+00 8.097749447871486206e-01 9.894830056930808970e-01 3.401875302979588955e-01 -6.919487239122987243e-02 2.906357016316885478e+00 3.704060127883931214e-02 1.986527815116245071e-02
1.380701268453034869e+00 8.172703941827180740e-01 9.894830056930808970e-01 3.401875302979588955e-01 -6.919487239122987243e-02 2.906357016316885478e+00 3.704060127883931214e-02 1.986527815116245071e-02
1.380701268453034869e+00 8.103607221850483988e-01 9.894830056930808970e-01 3.401875302979588955e-01 -6.919487239122987243e-02 2.906357016316885478e+00 3.704060127883931214e-02 1.986527815116245071e-02
1.380701268453034869e+00 8.135836430448410983e-01 9.894830056930808970e-01 3.401875302979588955e-01 -6.919487239122987243e-02 2.906357016316885478e+00 3.704060127883931214e-02 1.986527815116245071e-02
1.380701268453034869e+00 8.121754294597108847e-01 9.894830056930808970e-01 3.401875302979588955e-01 -6.919487239122987243e-02 2.906357016316885478e+00 3.704060127883931214e-02 1.986527815116245071e-02
1.380701268453034869e+00 8.109443832705792721e-01 9.894830056930808970e-01 3.401875302979588955e-01 -6.919487239122987243e-02 2.906357016316885478e+00 3.704060127883931214e-02 1.986527815116245071e-02
1.380701268453034869e+00 8.116375397494529631e-01 9.894830056930808970e-01 3.401875302979588955e-01 -6.919487239122987243e-02 2.906357016316885478e+00 3.704060127883931214e-02 1.986527815116245071e-02
1.380701268453034869e+00 8.111673219607751228e-01 9.894830056930808970e-01 3.401875302979588955e-01 -6.919487239122987243e-02 2.906357016316885478e+00 3.704060127883931214e-02 1.986527815116245071e-02
1.380701268453034869e+00 8.114320841683846375e-01 9.894830056930808970e-01 3.401875302979588955e-01 -6.919487239122987243e-02 2.906357016316885478e+00 3.704060127883931214e-02 1.986527815116245071e-02
1.380701268453034869e+00 8.112524769605145014e-01 9.894830056930808970e-01 3.401875302979588955e-01 -6.919487239122987243e-02 2.906357016316885478e+00 3.704060127883931214e-02 1.986527815116245071e-02
1.380701268453034869e+00 8.113536071219061840e-01 9.894830056930808970e-01 3.401875302979588955e-01 -6.919487239122987243e-02 2.906357016316885478e+00 3.704060127883931214e-02 1.986527815116245071e-02
1.380701268453034869e+00 8.112850032751449669e-01 9.894830056930808970e-01 3.401875302979588955e-01 -6.919487239122987243e-02 2.906357016316885478e+00 3.704060127883931214e-02 1.986527815116245071e-02
1.380701268453034869e+00 8.113236315583710612e-01 9.894830056930808970e-01 3.401875302979588955e-01 -6.919487239122987243e-02 2.906357016316885478e+00 3.704060127883931214e-02 1.986527815116245071e-02
1.380701268453034869e+00 8.112974272214390492e-01 9.894830056930808970e-01 3.401875302979588955e-01 -6.919487239122987243e-02 2.906357016316885478e+00 3.704060127883931214e-02 1.986527815116245071e-02
1.380701268453034869e+00 8.113121819122698364e-01 9.894830056930808970e-01 3.401875302979588955e-01 -6.919487239122987243e-02 2.906357016316885478e+00 3.704060127883931214e-02 1.986527815116245071e-02
1.380701268453034869e+00 8.113021727465091759e-01 9.894830056930808970e-01 3.401875302979588955e-01 -6.919487239122987243e-02 2.906357016316885478e+00 3.704060127883931214e-02 1.986527815116245071e-02
1.380701268453034869e+00 8.113078085367471104e-01 9.894830056930808970e-01 3.401875302979588955e-01 -6.919487239122987243e-02 2.906357016316885478e+00 3.704060127883931214e-02 1.986527815116245071e-02
1.380701268453034869e+00 8.113039853757382236e-01 9.894830056930808970e-01 3.401875302979588955e-01 -6.919487239122987243e-02 2.906357016316885478e+00 3.704060127883931214e-02 1.986527815116245071e-02
1.380701268453034869e+00 8.113061380559921654e-01 9.894830056930808970e-01 3.401875302979588955e-01 -6.919487239122987243e-02 2.906357016316885478e+00 3.704060127883931214e-02 1.986527815116245071e-02
1.380701268453034869e+00 8.113046777384742558e-01 9.894830056930808970e-01 3.401875302979588955e-01 -6.919487239122987243e-02 2.906357016316885478e+00 3.704060127883931214e-02 1.986527815116245071e-02
1.380701268453034869e+00 8.113054999891401442e-01 9.894830056930808970e-01 3.401875302979588955e-01 -6.919487239122987243e-02 2.906357016316885478e+00 3.704060127883931214e-02 1.986527815116245071e-02
1.380701268453034869e+00 8.113049421974990461e-01 9.894830056930808970e-01 3.401875302979588955e-01 -6.919487239122987243e-02 2.906357016316885478e+00 3.704060127883931214e-02 1.986527815116245071e-02
1.380701268453034869e+00 8.113052562692969483e-01 9.894830056930808970e-01 3.401875302979588955e-01 -6.919487239122987243e-02 2.906357016316885478e+00 3.704060127883931214e-02 1.986527815116245071e-02
1.380701268453034869e+00 8.113050432118550370e-01 9.894830056930808970e-01 3.401875302979588955e-01 -6.919487239122987243e-02 2.906357016316885478e+00 3.704060127883931214e-02 1.986527815116245071e-02
1.380701268453034869e+00 8.113051631766032834e-01 9.894830056930808970e-01 3.401875302979588955e-01 -6.919487239122987243e-02 2.906357016316885478e+00 3.704060127883931214e-02 1.986527815116245071e-02
1.380701268453034869e+00 8.113050817959044370e-01 9.894830056930808970e-01 3.401875302979588955e-01 -6.919487239122987243e-02 2.906357016316885478e+00 3.704060127883931214e-02 1.986527815116245071e-02
1.380701268453034869e+00 8.113050670581094526e-01 9.894830056930808970e-01 3.401875302979588955e-01 -6.919487239122987243e-02 2.906357016316885478e+00 3.704060127883931214e-02 1.986527815116245071e-02
1.380701268453034869e+00 8.113050579496510206e-01 9.894830056930808970e-01 3.401875302979588955e-01 -6.919487239122987243e-02 2.906357016316885478e+00 3.704060127883931214e-02 1.986527815116245071e-02
1.380701268453034869e+00 8.113050726874460050e-01 9.894830056930808970e-01 3.401875302979588955e-01 -6.919487239122987243e-02 2.906357016316885478e+00 3.704060127883931214e-02 1.986527815116245071e-02
1.380701268453034869e+00 8.113050635789880172e-01 9.894830056930808970e-01 3.401875302979588955e-01 -6.919487239122987243e-02 2.906357016316885478e+00 3.704060127883931214e-02 1.986527815116245071e-02
1.380701268453034869e+00 8.113050692083245696e-01 9.894830056930808970e-01 3.401875302979588955e-01 -6.919487239122987243e-02 2.906357016316885478e+00 3.704060127883931214e-02 1.986527815116245071e-02
1.380701268453034869e+00 8.113050657292033563e-01 9.894830056930808970e-01 3.401875302979588955e-01 -6.919487239122987243e-02 2.906357016316885478e+00 3.704060127883931214e-02 1.986527815116245071e-02
1.380701268453034869e+00 8.113050678794184734e-01 9.894830056930808970e-01 3.401875302979588955e-01 -6.919487239122987243e-02 2.906357016316885478e+00 3.704060127883931214e-02 1.986527815116245071e-02
1.380701268453034869e+00 8.113050665505124881e-01 9.894830056930808970e-01 3.401875302979588955e-01 -6.919487239122987243e-02 2.906357016316885478e+00 3.704060127883931214e-02 1.986527815116245071e-02
1.380701268453034869e+00 8.113050674539499241e-01 9.894830056930808970e-01 3.401875302979588955e-01 -6.919487239122987243e-02 2.906357016316885478e+00 3.704060127883931214e-02 1.986527815116245071e-02
1.380701268453034869e+00 8.113050670581094526e-01 9.894830056930808970e-01 3.401875302979588955e-01 -6.919487239122987243e-02 2.906357016316885478e+00 3.704060127883931214e-02 1.986527815116245071e-02
1.380701268453034869e+00 8.113050670581094526e-01 1.989483005693081008e+00 3.401875302979588955e-01 -6.919487239122987243e-02 2.906357016316885478e+00 3.704060127883931214e-02 1.986527815116245071e-02
1.380701268453034869e+00 8.113050670581094526e-01 -6.285509943069190752e-01 3.401875302979588955e-01 -6.919487239122987243e-02 2.906357016316885478e+00 3.704060127883931214e-02 1.986527815116245071e-02
1.380701268453034869e+00 8.113050670581094526e-01 9.894830056930808970e-01 3.401875302979588955e-01 -6.919487239122987243e-02 2.906357016316885478e+00 3.704060127883931214e-02 1.986527815116245071e-02
1.380701268453034869e+00 8.113050670581094526e-01 3.714490308490808745e-01 3.401875302979588955e-01 -6.919487239122987243e-02 2.906357016316885478e+00 3.704060127883931214e-02 1.986527815116245071e-02
1.380701268453034869e+00 8.113050670581094526e-01 -1.051697875965584839e-02 3.401875302979588955e-01 -6.919487239122987243e-02 2.906357016316885478e+00 3.704060127883931214e-02 1.986527815116245071e-02
1.380701268453034869e+00 8.113050670581094526e-01 -2.465849595421817364e-01 3.401875302979588955e-01 -6.919487239122987243e-02 2.906357016316885478e+00 3.704060127883931214e-02 1.986527815116245071e-02
1.380701268453034869e+00 8.113050670581094526e-01 1.353810500665548755e-01 3.401875302979588955e-01 -6.919487239122987243e-02 2.906357016316885478e+00 3.704060127883931214e-02 1.986527815116245071e-02
1.380701268453034869e+00 8.113050670581094526e-01 1.181300219481333791e-01 3.401875302979588955e-01 -6.919487239122987243e-02 2.906357016316885478e+00 3.704060127883931214e-02 1.986527815116245071e-02
1.380701268453034869e+00 8.113050670581094526e-01 6.428640592762635553e-02 3.401875302979588955e-01 -6.919487239122987243e-02 2.906357016316885478e+00 3.704060127883931214e-02 1.986527815116245071e-02
1.380701268453034869e+00 8.113050670581094526e-01 9.756359131124436868e-02 3.401875302979588955e-01 -6.919487239122987243e-02 2.906357016316885478e+00 3.704060127883931214e-02 1.986527815116245071e-02
1.380701268453034869e+00 8.113050670581094526e-01 1.094164921006839375e-01 3.401875302979588955e-01 -6.919487239122987243e-02 2.906357016316885478e+00 3.704060127883931214e-02 1.986527815116245071e-02
1.380701268453034869e+00 8.113050670581094526e-01 1.094164921006839375e-01 3.401875302979588955e-01 -6.919487239122987243e-02 2.906357016316885478e+00 3.704060127883931214e-02 1.986527815116245071e-02
1.380701268453034869e+00 8.113050670581094526e-01 1.094164921006839375e-01 1.340187530297958896e+00 -6.919487239122987243e-02 2.906357016316885478e+00 3.704060127883931214e-02 1.986527815116245071e-02
1.380701268453034869e+00 8.113050670581094526e-01 1.094164921006839375e-01 -1.277846469702041077e+00 -6.919487239122987243e-02 2.906357016316885478e+00 3.704060127883931214e-02 1.986527815116245071e-02
1.380701268453034869e+00 8.113050670581094526e-01 1.094164921006839375e-01 3.401875302979588955e-01 -6.919487239122987243e-02 2.906357016316885478e+00 3.704060127883931214e-02 1.986527815116245071e-02
1.380701268453034869e+00 8.113050670581094526e-01 1.094164921006839375e-01 -2.778464445460411270e-01 -6.919487239122987243e-02 2.906357016316885478e+00 3.704060127883931214e-02 1.986527815116245071e-02
1.380701268453034869e+00 8.113050670581094526e-01 1.094164921006839375e-01 7.221535302979589233e-01 -6.919487239122987243e-02 2.906357016316885478e+00 3.704060127883931214e-02 1.986527815116245071e-02
1.380701268453034869e+00 8.113050670581094526e-01 1.094164921006839375e-01 1.651368158479728232e-01 -6.919487239122987243e-02 2.906357016316885478e+00 3.704060127883931214e-02 1.986527815116245071e-02
1.380701268453034869e+00 8.113050670581094526e-01 1.094164921006839375e-01 9.220349336539723772e-02 -6.919487239122987243e-02 2.906357016316885478e+00 3.704060127883931214e-02 1.986527815116245071e-02
1.380701268453034869e+00 8.113050670581094526e-01 1.094164921006839375e-01 1.944625262817720746e-01 -6.919487239122987243e-02 2.906357016316885478e+00 3.704060127883931214e-02 1.986527815116245071e-02
1.380701268453034869e+00 8.113050670581094526e-01 1.094164921006839375e-01 1.438874531525907718e-01 -6.919487239122987243e-02 2.906357016316885478e+00 3.704060127883931214e-02 1.986527815116245071e-02
1.380701268453034869e+00 8.113050670581094526e-01 1.094164921006839375e-01 1.763382401595293969e-01 -6.919487239122987243e-02 2.906357016316885478e+00 3.704060127883931214e-02 1.986527815116245071e-02
1.380701268453034869e+00 8.113050670581094526e-01 1.094164921006839375e-01 1.734852400113710003e-01 -6.919487239122987243e-02 2.906357016316885478e+00 3.704060127883931214e-02 1.986527815116245071e-02
1.380701268453034869e+00 8.113050670581094526e-01 1.094164921006839375e-01 1.832611012324979471e-01 -6.919487239122987243e-02 2.906357016316885478e+00 3.704060127883931214e-02 1.986527815116245071e-02
1.380701268453034869e+00 8.113050670581094526e-01 1.094164921006839375e-01 1.779767330709136897e-01 -6.919487239122987243e-02 2.906357016316885478e+00 3.704060127883931214e-02 1.986527815116245071e-02
1.380701268453034869e+00 8.113050670581094526e-01 1.094164921006839375e-01 1.763382401595293969e-01 -6.919487239122987243e-02 2.906357016316885478e+00 3.704060127883931214e-02 1.986527815116245071e-02
1.380701268453034869e+00 8.113050670581094526e-01 1.094164921006839375e-01 1.763382401595293969e-01 9.308051276087700998e-01 2.906357016316885478e+00 3.704060127883931214e-02 1.986527815116245071e-02
1.380701268453034869e+00 8.113050670581094526e-01 1.094164921006839375e-01 1.763382401595293969e-01 -1.687228872391229872e+00 2.906357016316885478e+00 3.704060127883931214e-02 1.986527815116245071e-02
1.380701268453034869e+00 8.113050670581094526e-01 1.094164921006839375e-01 1.763382401595293969e-01 -6.919487239122987243e-02 2.906357016316885478e+00 3.704060127883931214e-02 1.986527815116245071e-02
1.380701268453034869e+00 8.113050670581094526e-01 1.094164921006839375e-01 1.763382401595293969e-01 -6.872288472352299227e-01 2.906357016316885478e+00 3.704060127883931214e-02 1.986527815116245071e-02
1.380701268453034869e+00 8.113050670581094526e-01 1.094164921006839375e-01 1.763382401595293969e-01 3.127711276087701275e-01 2.906357016316885478e+00 3.704060127883931214e-02 1.986527815116245071e-02
1.380701268453034869e+00 8.113050670581094526e-01 1.094164921006839375e-01 1.763382401595293969e-01 -1.934138739708581023e-02 2.906357016316885478e+00 3.704060127883931214e-02 1.986527815116245071e-02
1.380701268453034869e+00 8.113050670581094526e-01 1.094164921006839375e-01 1.763382401595293969e-01 1.957388916989641348e-03 2.906357016316885478e+00 3.704060127883931214e-02 1.986527815116245071e-02
1.380701268453034869e+00 8.113050670581094526e-01 1.094164921006839375e-01 1.763382401595293969e-01 4.500603210780607100e-03 2.906357016316885478e+00 3.704060127883931214e-02 1.986527815116245071e-02
1.380701268453034869e+00 8.113050670581094526e-01 1.094164921006839375e-01 1.763382401595293969e-01 1.222494623329830887e-01 2.906357016316885478e+00 3.704060127883931214e-02 1.986527815116245071e-02
1.380701268453034869e+00 8.113050670581094526e-01 1.094164921006839375e-01 1.763382401595293969e-01 4.947666393425180498e-02 2.906357016316885478e+00 3.704060127883931214e-02 1.986527815116245071e-02
1.380701268453034869e+00 8.113050670581094526e-01 1.094164921006839375e-01 1.763382401595293969e-01 2.851841250959155638e-02 2.906357016316885478e+00 3.704060127883931214e-02 1.986527815116245071e-02
1.380701268453034869e+00 8.113050670581094526e-01 1.094164921006839375e-01 1.763382401595293969e-01 7.727339864742160946e-02 2.906357016316885478e+00 3.704060127883931214e-02 1.986527815116245071e-02
1.380701268453034869e+00 8.113050670581094526e-01 1.094164921006839375e-01 1.763382401595293969e-01 6.009407150570242329e-02 2.906357016316885478e+00 3.704060127883931214e-02 1.986527815116245071e-02
1.380701268453034869e+00 8.113050670581094526e-01 1.094164921006839375e-01 1.763382401595293969e-01 4.147132447058002325e-02 2.906357016316885478e+00 3.704060127883931214e-02 1.986527815116245071e-02
1.380701268453034869e+00 8.113050670581094526e-01 1.094164921006839375e-01 1.763382401595293969e-01 5.353215263468850960e-02 2.906357016316885478e+00 3.704060127883931214e-02 1.986527815116245071e-02
1.380701268453034869e+00 8.113050670581094526e-01 1.094164921006839375e-01 1.763382401595293969e-01 4.641889644067094534e-02 2.906357016316885478e+00 3.704060127883931214e-02 1.986527815116245071e-02
1.380701268453034869e+00 8.113050670581094526e-01 1.094164921006839375e-01 1.763382401595293969e-01 4.452909216554319649e-02 2.906357016316885478e+00 3.704060127883931214e-02 1.986527815116245071e-02
1.380701268453034869e+00 8.113050670581094526e-01 1.094164921006839375e-01 1.763382401595293969e-01 4.758685965912405613e-02 2.906357016316885478e+00 3.704060127883931214e-02 1.986527815116245071e-02
1.380701268453034869e+00 8.113050670581094526e-01 1.094164921006839375e-01 1.763382401595293969e-01 4.641889644067094534e-02 2.906357016316885478e+00 3.704060127883931214e-02 1.986527815116245071e-02
1.380701268453034869e+00 8.113050670581094526e-01 1.094164921006839375e-01 1.763382401595293969e-01 4.641889644067094534e-02 3.906357016316885478e+00 3.704060127883931214e-02 1.986527815116245071e-02
1.380701268453034869e+00 8.113050670581094526e-01 1.094164921006839375e-01 1.763382401595293969e-01 4.641889644067094534e-02 1.288323016316885505e+00 3.704060127883931214e-02 1.986527815116245071e-02
1.380701268453034869e+00 8.113050670581094526e-01 1.094164921006839375e-01 1.763382401595293969e-01 4.641889644067094534e-02 2.906357016316885478e+00 3.704060127883931214e-02 1.986527815116245071e-02
1.380701268453034869e+00 8.113050670581094526e-01 1.094164921006839375e-01 1.763382401595293969e-01 4.641889644067094534e-02 2.288323041472885677e+00 3.704060127883931214e-02 1.986527815116245071e-02
1.380701268453034869e+00 8.113050670581094526e-01 1.094164921006839375e-01 1.763382401595293969e-01 4.641889644067094534e-02 3.288323016316885727e+00 3.704060127883931214e-02 1.986527815116245071e-02
1.380701268453034869e+00 8.113050670581094526e-01 1.094164921006839375e-01 1.763382401595293969e-01 4.641889644067094534e-02 2.654818867296045770e+00 3.704060127883931214e-02 1.986527815116245071e-02
1.380701268453034869e+00 8.113050670581094526e-01 1.094164921006839375e-01 1.763382401595293969e-01 4.641889644067094534e-02 2.677496585486151215e+00 3.704060127883931214e-02 1.986527815116245071e-02
1.380701268453034869e+00 8.113050670581094526e-01 1.094164921006839375e-01 1.763382401595293969e-01 4.641889644067094534e-02 2.773565570733446339e+00 3.704060127883931214e-02 1.986527815116245071e-02
1.380701268453034869e+00 8.113050670581094526e-01 1.094164921006839375e-01 1.763382401595293969e-01 4.641889644067094534e-02 2.824287388037170388e+00 3.704060127883931214e-02 1.986527815116245071e-02
1.380701268453034869e+00 8.113050670581094526e-01 1.094164921006839375e-01 1.763382401595293969e-01 4.641889644067094534e-02 2.778489002643026673e+00 3.704060127883931214e-02 1.986527815116245071e-02
1.380701268453034869e+00 8.113050670581094526e-01 1.094164921006839375e-01 1.763382401595293969e-01 4.641889644067094534e-02 2.736870484714478025e+00 3.704060127883931214e-02 1.986527815116245071e-02
1.380701268453034869e+00 8.113050670581094526e-01 1.094164921006839375e-01 1.763382401595293969e-01 4.641889644067094534e-02 2.759549295507125244e+00 3.704060127883931214e-02 1.986527815116245071e-02
1.380701268453034869e+00 8.113050670581094526e-01 1.094164921006839375e-01 1.763382401595293969e-01 4.641889644067094534e-02 2.768211830150349329e+00 3.704060127883931214e-02 1.986527815116245071e-02
1.380701268453034869e+00 8.113050670581094526e-01 1.094164921006839375e-01 1.763382401595293969e-01 4.641889644067094534e-02 2.771520623857883336e+00 3.704060127883931214e-02 1.986527815116245071e-02
1.380701268453034869e+00 8.113050670581094526e-01 1.094164921006839375e-01 1.763382401595293969e-01 4.641889644067094534e-02 2.770172259923293190e+00 3.704060127883931214e-02 1.986527815116245071e-02
1.380701268453034869e+00 8.113050670581094526e-01 1.094164921006839375e-01 1.763382401595293969e-01 4.641889644067094534e-02 2.771520623857883336e+00 3.704060127883931214e-02 1.986527815116245071e-02
1.380701268453034869e+00 8.113050670581094526e-01 1.094164921006839375e-01 1.763382401595293969e-01 4.641889644067094534e-02 2.771520623857883336e+00 1.037040601278839347e+00 1.986527815116245071e-02
1.380701268453034869e+00 8.113050670581094526e-01 1.094164921006839375e-01 1.763382401595293969e-01 4.641889644067094534e-02 2.771520623857883336e+00 -1.580993398721160625e+00 1.986527815116245071e-02
1.380701268453034869e+00 8.113050670581094526e-01 1.094164921006839375e-01 1.763382401595293969e-01 4.641889644067094534e-02 2.771520623857883336e+00 3.704060127883931214e-02 1.986527815116245071e-02
1.380701268453034869e+00 8.113050670581094526e-01 1.094164921006839375e-01 1.763382401595293969e-01 4.641889644067094534e-02 2.771520623857883336e+00 -5.809933735651606757e-01 1.986527815116245071e-02
1.380701268453034869e+00 8.113050670581094526e-01 1.094164921006839375e-01 1.763382401595293969e-01 4.641889644067094534e-02 2.771520623857883336e+00 4.190066012788393190e-01 1.986527815116245071e-02
1.380701268453034869e+00 8.113050670581094526e-01 1.094164921006839375e-01 1.763382401595293969e-01 4.641889644067094534e-02 2.771520623857883336e+00 9.934360477489027896e-02 1.986527815116245071e-02
1.380701268453034869e+00 8.113050670581094526e-01 1.094164921006839375e-01 1.763382401595293969e-01 4.641889644067094534e-02 2.771520623857883336e+00 1.892503236599621386e-01 1.986527815116245071e-02
1.380701268453034869e+00 8.113050670581094526e-01 1.094164921006839375e-01 1.763382401595293969e-01 4.641889644067094534e-02 2.771520623857883336e+00 1.156556690932701303e-01 1.986527815116245071e-02
1.380701268453034869e+00 8.113050670581094526e-01 1.094164921006839375e-01 1.763382401595293969e-01 4.641889644067094534e-02 2.771520623857883336e+00 7.554597574151766803e-02 1.986527815116245071e-02
1.380701268453034869e+00 8.113050670581094526e-01 1.094164921006839375e-01 1.763382401595293969e-01 4.641889644067094534e-02 2.771520623857883336e+00 9.025371960352907008e-02 1.986527815116245071e-02
1.380701268453034869e+00 8.113050670581094526e-01 1.094164921006839375e-01 1.763382401595293969e-01 4.641889644067094534e-02 2.771520623857883336e+00 1.055742587343245498e-01 1.986527815116245071e-02
1.380701268453034869e+00 8.113050670581094526e-01 1.094164921006839375e-01 1.763382401595293969e-01 4.641889644067094534e-02 2.771520623857883336e+00 9.587157769552612230e-02 1.986527815116245071e-02
1.380701268453034869e+00 8.113050670581094526e-01 1.094164921006839375e-01 1.763382401595293969e-01 4.641889644067094534e-02 2.771520623857883336e+00 1.010185561946014277e-01 1.986527815116245071e-02
1.380701268453034869e+00 8.113050670581094526e-01 1.094164921006839375e-01 1.763382401595293969e-01 4.641889644067094534e-02 2.771520623857883336e+00 9.801740847949386159e-02 1.986527815116245071e-02
1.380701268453034869e+00 8.113050670581094526e-01 1.094164921006839375e-01 1.763382401595293969e-01 4.641889644067094534e-02 2.771520623857883336e+00 9.998337926887165827e-02 1.986527815116245071e-02
1.380701268453034869e+00 8.113050670581094526e-01 1.094164921006839375e-01 1.763382401595293969e-01 4.641889644067094534e-02 2.771520623857883336e+00 9.872057472992976090e-02 1.986527815116245071e-02
1.380701268453034869e+00 8.113050670581094526e-01 1.094164921006839375e-01 1.763382401595293969e-01 4.641889644067094534e-02 2.771520623857883336e+00 9.934360477489027896e-02 1.986527815116245071e-02
1.380701268453034869e+00 8.113050670581094526e-01 1.094164921006839375e-01 1.763382401595293969e-01 4.641889644067094534e-02 2.771520623857883336e+00 9.934360477489027896e-02 1.019865278151162347e+00
1.380701268453034869e+00 8.113050670581094526e-01 1.094164921006839375e-01 1.763382401595293969e-01 4.641889644067094534e-02 2.771520623857883336e+00 9.934360477489027896e-02 -1.598168721848837626e+00
1.380701268453034869e+00 8.113050670581094526e-01 1.094164921006839375e-01 1.763382401595293969e-01 4.641889644067094534e-02 2.771520623857883336e+00 9.934360477489027896e-02 1.986527815116245071e-02
1.380701268453034869e+00 8.113050670581094526e-01 1.094164921006839375e-01 1.763382401595293969e-01 4.641889644067094534e-02 2.771520623857883336e+00 9.934360477489027896e-02 -5.981686966928375648e-01
1.380701268453034869e+00 8.113050670581094526e-01 1.094164921006839375e-01 1.763382401595293969e-01 4.641889644067094534e-02 2.771520623857883336e+00 9.934360477489027896e-02 4.018312781511624854e-01
1.380701268453034869e+00 8.113050670581094526e-01 1.094164921006839375e-01 1.763382401595293969e-01 4.641889644067094534e-02 2.771520623857883336e+00 9.934360477489027896e-02 1.315019063031871160e-01
1.380701268453034869e+00 8.113050670581094526e-01 1.094164921006839375e-01 1.763382401595293969e-01 4.641889644067094534e-02 2.771520623857883336e+00 9.934360477489027896e-02 1.545331135076183082e-01
1.380701268453034869e+00 8.113050670581094526e-01 1.094164921006839375e-01 1.763382401595293969e-01 4.641889644067094534e-02 2.771520623857883336e+00 9.934360477489027896e-02 1.131236957167010837e-01
1.380701268453034869e+00 8.113050670581094526e-01 1.094164921006839375e-01 1.763382401595293969e-01 4.641889644067094534e-02 2.771520623857883336e+00 9.934360477489027896e-02 7.750215099286256182e-02
1.380701268453034869e+00 8.113050670581094526e-01 1.094164921006839375e-01 1.763382401595293969e-01 4.641889644067094534e-02 2.771520623857883336e+00 9.934360477489027896e-02 1.047169434953263978e-01
1.380701268453034869e+00 8.113050670581094526e-01 1.094164921006839375e-01 1.763382401595293969e-01 4.641889644067094534e-02 2.771520623857883336e+00 9.934360477489027896e-02 1.201435473015788069e-01
1.380701268453034869e+00 8.113050670581094526e-01 1.094164921006839375e-01 1.763382401595293969e-01 4.641889644067094534e-02 2.771520623857883336e+00 9.934360477489027896e-02 1.147281274719965938e-01
1.380701268453034869e+00 8.113050670581094526e-01 1.094164921006839375e-01 1.763382401595293969e-01 4.641889644067094534e-02 2.771520623857883336e+00 9.934360477489027896e-02 1.099126021977114842e-01
1.380701268453034869e+00 8.113050670581094526e-01 1.094164921006839375e-01 1.763382401595293969e-01 4.641889644067094534e-02 2.771520623857883336e+00 9.934360477489027896e-02 1.118971671696267212e-01
