-7.105041608628974714e-01 1.662106826147251581e+00 1.943587983956353682e+00 -1.708553889380167057e+00 1.353934208803167394e+00 -5.670662136063229219e-01 2.207466611805492640e+00 1.258907909832136518e+00
-7.105041608628974714e-01 1.662106826147251581e+00 1.943587983956353682e+00 -1.708553889380167057e+00 1.353934208803167394e+00 -5.670662136063229219e-01 2.207466611805492640e+00 1.258907909832136518e+00
2.894958391371025286e-01 1.662106826147251581e+00 1.943587983956353682e+00 -1.708553889380167057e+00 1.353934208803167394e+00 -5.670662136063229219e-01 2.207466611805492640e+00 1.258907909832136518e+00
1.907529839137102279e+00 1.662106826147251581e+00 1.943587983956353682e+00 -1.708553889380167057e+00 1.353934208803167394e+00 -5.670662136063229219e-01 2.207466611805492640e+00 1.258907909832136518e+00
2.894958391371025286e-01 1.662106826147251581e+00 1.943587983956353682e+00 -1.708553889380167057e+00 1.353934208803167394e+00 -5.670662136063229219e-01 2.207466611805492640e+00 1.258907909832136518e+00
9.075298139811023290e-01 1.662106826147251581e+00 1.943587983956353682e+00 -1.708553889380167057e+00 1.353934208803167394e+00 -5.670662136063229219e-01 2.207466611805492640e+00 1.258907909832136518e+00
-9.247016086289749914e-02 1.662106826147251581e+00 1.943587983956353682e+00 -1.708553889380167057e+00 1.353934208803167394e+00 -5.670662136063229219e-01 2.207466611805492640e+00 1.258907909832136518e+00
3.729043177090978212e-01 1.662106826147251581e+00 1.943587983956353682e+00 -1.708553889380167057e+00 1.353934208803167394e+00 -5.670662136063229219e-01 2.207466611805492640e+00 1.258907909832136518e+00
2.211902414339271816e-01 1.662106826147251581e+00 1.943587983956353682e+00 -1.708553889380167057e+00 1.353934208803167394e+00 -5.670662136063229219e-01 2.207466611805492640e+00 1.258907909832136518e+00
2.625725388728974430e-01 1.662106826147251581e+00 1.943587983956353682e+00 -1.708553889380167057e+00 1.353934208803167394e+00 -5.670662136063229219e-01 2.207466611805492640e+00 1.258907909832136518e+00
3.213550420633333182e-01 1.662106826147251581e+00 1.943587983956353682e+00 -1.708553889380167057e+00 1.353934208803167394e+00 -5.670662136063229219e-01 2.207466611805492640e+00 1.258907909832136518e+00
3.016649714420231998e-01 1.662106826147251581e+00 1.943587983956353682e+00 -1.708553889380167057e+00 1.353934208803167394e+00 -5.670662136063229219e-01 2.207466611805492640e+00 1.258907909832136518e+00
2.792120538283852094e-01 1.662106826147251581e+00 1.943587983956353682e+00 -1.708553889380167057e+00 1.353934208803167394e+00 -5.670662136063229219e-01 2.207466611805492640e+00 1.258907909832136518e+00
2.792120538283852094e-01 1.662106826147251581e+00 1.943587983956353682e+00 -1.708553889380167057e+00 1.353934208803167394e+00 -5.670662136063229219e-01 2.207466611805492640e+00 1.258907909832136518e+00
2.792120538283852094e-01 2.662106826147251581e+00 1.943587983956353682e+00 -1.708553889380167057e+00 1.353934208803167394e+00 -5.670662136063229219e-01 2.207466611805492640e+00 1.258907909832136518e+00
2.792120538283852094e-01 4.407282614725160919e-02 1.943587983956353682e+00 -1.708553889380167057e+00 1.353934208803167394e+00 -5.670662136063229219e-01 2.207466611805492640e+00 1.258907909832136518e+00
2.792120538283852094e-01 1.662106826147251581e+00 1.943587983956353682e+00 -1.708553889380167057e+00 1.353934208803167394e+00 -5.670662136063229219e-01 2.207466611805492640e+00 1.258907909832136518e+00
2.792120538283852094e-01 1.044072851303251559e+00 1.943587983956353682e+00 -1.708553889380167057e+00 1.353934208803167394e+00 -5.670662136063229219e-01 2.207466611805492640e+00 1.258907909832136518e+00
2.792120538283852094e-01 6.621068416945148360e-01 1.943587983956353682e+00 -1.708553889380167057e+00 1.353934208803167394e+00 -5.670662136063229219e-01 2.207466611805492640e+00 1.258907909832136518e+00
2.792120538283852094e-01 8.201724911706794741e-01 1.943587983956353682e+00 -1.708553889380167057e+00 1.353934208803167394e+00 -5.670662136063229219e-01 2.207466611805492640e+00 1.258907909832136518e+00
2.792120538283852094e-01 8.285918345304451593e-01 1.943587983956353682e+00 -1.708553889380167057e+00 1.353934208803167394e+00 -5.670662136063229219e-01 2.207466611805492640e+00 1.258907909832136518e+00
2.792120538283852094e-01 7.460355095528685698e-01 1.943587983956353682e+00 -1.708553889380167057e+00 1.353934208803167394e+00 -5.670662136063229219e-01 2.207466611805492640e+00 1.258907909832136518e+00
2.792120538283852094e-01 7.918546848500507274e-01 1.943587983956353682e+00 -1.708553889380167057e+00 1.353934208803167394e+00 -5.670662136063229219e-01 2.207466611805492640e+00 1.258907909832136518e+00
2.792120538283852094e-01 8.117531478109137888e-01 1.943587983956353682e+00 -1.708553889380167057e+00 1.353934208803167394e+00 -5.670662136063229219e-01 2.207466611805492640e+00 1.258907909832136518e+00
2.792120538283852094e-01 8.201724911706794741e-01 1.943587983956353682e+00 -1.708553889380167057e+00 1.353934208803167394e+00 -5.670662136063229219e-01 2.207466611805492640e+00 1.258907909832136518e+00
2.792120538283852094e-01 8.201724911706794741e-01 2.943587983956353682e+00 -1.708553889380167057e+00 1.353934208803167394e+00 -5.670662136063229219e-01 2.207466611805492640e+00 1.258907909832136518e+00
2.792120538283852094e-01 8.201724911706794741e-01 4.561621983956353432e+00 -1.708553889380167057e+00 1.353934208803167394e+00 -5.670662136063229219e-01 2.207466611805492640e+00 1.258907909832136518e+00
2.792120538283852094e-01 8.201724911706794741e-01 2.943587983956353682e+00 -1.708553889380167057e+00 1.353934208803167394e+00 -5.670662136063229219e-01 2.207466611805492640e+00 1.258907909832136518e+00
2.792120538283852094e-01 8.201724911706794741e-01 3.561621958800353482e+00 -1.708553889380167057e+00 1.353934208803167394e+00 -5.670662136063229219e-01 2.207466611805492640e+00 1.258907909832136518e+00
2.792120538283852094e-01 8.201724911706794741e-01 2.561621983956353432e+00 -1.708553889380167057e+00 1.353934208803167394e+00 -5.670662136063229219e-01 2.207466611805492640e+00 1.258907909832136518e+00
2.792120538283852094e-01 8.201724911706794741e-01 2.933587983946353894e+00 -1.708553889380167057e+00 1.353934208803167394e+00 -5.670662136063229219e-01 2.207466611805492640e+00 1.258907909832136518e+00
2.792120538283852094e-01 8.201724911706794741e-01 2.754371481227605667e+00 -1.708553889380167057e+00 1.353934208803167394e+00 -5.670662136063229219e-01 2.207466611805492640e+00 1.258907909832136518e+00
2.792120538283852094e-01 8.201724911706794741e-01 2.865133373268884398e+00 -1.708553889380167057e+00 1.353934208803167394e+00 -5.670662136063229219e-01 2.207466611805492640e+00 1.258907909832136518e+00
2.792120538283852094e-01 8.201724911706794741e-01 2.907440650124323511e+00 -1.708553889380167057e+00 1.353934208803167394e+00 -5.670662136063229219e-01 2.207466611805492640e+00 1.258907909832136518e+00
2.792120538283852094e-01 8.201724911706794741e-01 2.923600591435687956e+00 -1.708553889380167057e+00 1.353934208803167394e+00 -5.670662136063229219e-01 2.207466611805492640e+00 1.258907909832136518e+00
2.792120538283852094e-01 8.201724911706794741e-01 2.923600591435687956e+00 -1.708553889380167057e+00 1.353934208803167394e+00 -5.670662136063229219e-01 2.207466611805492640e+00 1.258907909832136518e+00
2.792120538283852094e-01 8.201724911706794741e-01 2.923600591435687956e+00 -7.085538893801670568e-01 1.353934208803167394e+00 -5.670662136063229219e-01 2.207466611805492640e+00 1.258907909832136518e+00
2.792120538283852094e-01 8.201724911706794741e-01 2.923600591435687956e+00 -3.326587889380166807e+00 1.353934208803167394e+00 -5.670662136063229219e-01 2.207466611805492640e+00 1.258907909832136518e+00
2.792120538283852094e-01 8.201724911706794741e-01 2.923600591435687956e+00 -1.708553889380167057e+00 1.353934208803167394e+00 -5.670662136063229219e-01 2.207466611805492640e+00 1.258907909832136518e+00
2.792120538283852094e-01 8.201724911706794741e-01 2.923600591435687956e+00 -2.326587864224166857e+00 1.353934208803167394e+00 -5.670662136063229219e-01 2.207466611805492640e+00 1.258907909832136518e+00
2.792120538283852094e-01 8.201724911706794741e-01 2.923600591435687956e+00 -1.326587889380167029e+00 1.353934208803167394e+00 -5.670662136063229219e-01 2.207466611805492640e+00 1.258907909832136518e+00
2.792120538283852094e-01 8.201724911706794741e-01 2.923600591435687956e+00 -1.775684323990256885e+00 1.353934208803167394e+00 -5.670662136063229219e-01 2.207466611805492640e+00 1.258907909832136518e+00
2.792120538283852094e-01 8.201724911706794741e-01 2.923600591435687956e+00 -1.671513790414344891e+00 1.353934208803167394e+00 -5.670662136063229219e-01 2.207466611805492640e+00 1.258907909832136518e+00
2.792120538283852094e-01 8.201724911706794741e-01 2.923600591435687956e+00 -1.702409110997043840e+00 1.353934208803167394e+00 -5.670662136063229219e-01 2.207466611805492640e+00 1.258907909832136518e+00
2.792120538283852094e-01 8.201724911706794741e-01 2.923600591435687956e+00 -1.734195432966444628e+00 1.353934208803167394e+00 -5.670662136063229219e-01 2.207466611805492640e+00 1.258907909832136518e+00
2.792120538283852094e-01 8.201724911706794741e-01 2.923600591435687956e+00 -1.716736762909166991e+00 1.353934208803167394e+00 -5.670662136063229219e-01 2.207466611805492640e+00 1.258907909832136518e+00
2.792120538283852094e-01 8.201724911706794741e-01 2.923600591435687956e+00 -1.710393528075370817e+00 1.353934208803167394e+00 -5.670662136063229219e-01 2.207466611805492640e+00 1.258907909832136518e+00
2.792120538283852094e-01 8.201724911706794741e-01 2.923600591435687956e+00 -1.706206792960278884e+00 1.353934208803167394e+00 -5.670662136063229219e-01 2.207466611805492640e+00 1.258907909832136518e+00
2.792120538283852094e-01 8.201724911706794741e-01 2.923600591435687956e+00 -1.707885487276797232e+00 1.353934208803167394e+00 -5.670662136063229219e-01 2.207466611805492640e+00 1.258907909832136518e+00
2.792120538283852094e-01 8.201724911706794741e-01 2.923600591435687956e+00 -1.709256568814019328e+00 1.353934208803167394e+00 -5.670662136063229219e-01 2.207466611805492640e+00 1.258907909832136518e+00
2.792120538283852094e-01 8.201724911706794741e-01 2.923600591435687956e+00 -1.708822289032797759e+00 1.353934208803167394e+00 -5.670662136063229219e-01 2.207466611805492640e+00 1.258907909832136518e+00
2.792120538283852094e-01 8.201724911706794741e-01 2.923600591435687956e+00 -1.708298582502351337e+00 1.353934208803167394e+00 -5.670662136063229219e-01 2.207466611805492640e+00 1.258907909832136518e+00
2.792120538283852094e-01 8.201724911706794741e-01 2.923600591435687956e+00 -1.708656408921883862e+00 1.353934208803167394e+00 -5.670662136063229219e-01 2.207466611805492640e+00 1.258907909832136518e+00
2.792120538283852094e-01 8.201724911706794741e-01 2.923600591435687956e+00 -1.708456370833275173e+00 1.353934208803167394e+00 -5.670662136063229219e-01 2.207466611805492640e+00 1.258907909832136518e+00
2.792120538283852094e-01 8.201724911706794741e-01 2.923600591435687956e+00 -1.708593048359438482e+00 1.353934208803167394e+00 -5.670662136063229219e-01 2.207466611805492640e+00 1.258907909832136518e+00
2.792120538283852094e-01 8.201724911706794741e-01 2.923600591435687956e+00 -1.708516640610884929e+00 1.353934208803167394e+00 -5.670662136063229219e-01 2.207466611805492640e+00 1.258907909832136518e+00
2.792120538283852094e-01 8.201724911706794741e-01 2.923600591435687956e+00 -1.708568846778843353e+00 1.353934208803167394e+00 -5.670662136063229219e-01 2.207466611805492640e+00 1.258907909832136518e+00
2.792120538283852094e-01 8.201724911706794741e-01 2.923600591435687956e+00 -1.708578090959776974e+00 1.353934208803167394e+00 -5.670662136063229219e-01 2.207466611805492640e+00 1.258907909832136518e+00
2.792120538283852094e-01 8.201724911706794741e-01 2.923600591435687956e+00 -1.708563133561100678e+00 1.353934208803167394e+00 -5.670662136063229219e-01 2.207466611805492640e+00 1.258907909832136518e+00
2.792120538283852094e-01 8.201724911706794741e-01 2.923600591435687956e+00 -1.708572377741657933e+00 1.353934208803167394e+00 -5.670662136063229219e-01 2.207466611805492640e+00 1.258907909832136518e+00
2.792120538283852094e-01 8.201724911706794741e-01 2.923600591435687956e+00 -1.708566664523915035e+00 1.353934208803167394e+00 -5.670662136063229219e-01 2.207466611805492640e+00 1.258907909832136518e+00
2.792120538283852094e-01 8.201724911706794741e-01 2.923600591435687956e+00 -1.708565315816172658e+00 1.353934208803167394e+00 -5.670662136063229219e-01 2.207466611805492640e+00 1.258907909832136518e+00
2.792120538283852094e-01 8.201724911706794741e-01 2.923600591435687956e+00 -1.708567498071100976e+00 1.353934208803167394e+00 -5.670662136063229219e-01 2.207466611805492640e+00 1.258907909832136518e+00
2.792120538283852094e-01 8.201724911706794741e-01 2.923600591435687956e+00 -1.708566149363413444e+00 1.353934208803167394e+00 -5.670662136063229219e-01 2.207466611805492640e+00 1.258907909832136518e+00
2.792120538283852094e-01 8.201724911706794741e-01 2.923600591435687956e+00 -1.708566982910599608e+00 1.353934208803167394e+00 -5.670662136063229219e-01 2.207466611805492640e+00 1.258907909832136518e+00
2.792120538283852094e-01 8.201724911706794741e-01 2.923600591435687956e+00 -1.708566467750118889e+00 1.353934208803167394e+00 -5.670662136063229219e-01 2.207466611805492640e+00 1.258907909832136518e+00
2.792120538283852094e-01 8.201724911706794741e-01 2.923600591435687956e+00 -1.708566341956419432e+00 1.353934208803167394e+00 -5.670662136063229219e-01 2.207466611805492640e+00 1.258907909832136518e+00
2.792120538283852094e-01 8.201724911706794741e-01 2.923600591435687956e+00 -1.708566467750118889e+00 1.353934208803167394e+00 -5.670662136063229219e-01 2.207466611805492640e+00 1.258907909832136518e+00
2.792120538283852094e-01 8.201724911706794741e-01 2.923600591435687956e+00 -1.708566467750118889e+00 2.353934208803167394e+00 -5.670662136063229219e-01 2.207466611805492640e+00 1.258907909832136518e+00
2.792120538283852094e-01 8.201724911706794741e-01 2.923600591435687956e+00 -1.708566467750118889e+00 -2.640997911968325784e-01 -5.670662136063229219e-01 2.207466611805492640e+00 1.258907909832136518e+00
2.792120538283852094e-01 8.201724911706794741e-01 2.923600591435687956e+00 -1.708566467750118889e+00 1.353934208803167394e+00 -5.670662136063229219e-01 2.207466611805492640e+00 1.258907909832136518e+00
2.792120538283852094e-01 8.201724911706794741e-01 2.923600591435687956e+00 -1.708566467750118889e+00 7.359002339591673714e-01 -5.670662136063229219e-01 2.207466611805492640e+00 1.258907909832136518e+00
2.792120538283852094e-01 8.201724911706794741e-01 2.923600591435687956e+00 -1.708566467750118889e+00 1.735900208803167422e+00 -5.670662136063229219e-01 2.207466611805492640e+00 1.258907909832136518e+00
2.792120538283852094e-01 8.201724911706794741e-01 2.923600591435687956e+00 -1.708566467750118889e+00 1.188340908452970357e+00 -5.670662136063229219e-01 2.207466611805492640e+00 1.258907909832136518e+00
2.792120538283852094e-01 8.201724911706794741e-01 2.923600591435687956e+00 -1.708566467750118889e+00 1.202482096661346089e+00 -5.670662136063229219e-01 2.207466611805492640e+00 1.258907909832136518e+00
2.792120538283852094e-01 8.201724911706794741e-01 2.923600591435687956e+00 -1.708566467750118889e+00 1.197266343962570145e+00 -5.670662136063229219e-01 2.207466611805492640e+00 1.258907909832136518e+00
2.792120538283852094e-01 8.201724911706794741e-01 2.923600591435687956e+00 -1.708566467750118889e+00 1.195412803500008003e+00 -5.670662136063229219e-01 2.207466611805492640e+00 1.258907909832136518e+00
2.792120538283852094e-01 8.201724911706794741e-01 2.923600591435687956e+00 -1.708566467750118889e+00 1.198833022620976241e+00 -5.670662136063229219e-01 2.207466611805492640e+00 1.258907909832136518e+00
2.792120538283852094e-01 8.201724911706794741e-01 2.923600591435687956e+00 -1.708566467750118889e+00 1.197266343962570145e+00 -5.670662136063229219e-01 2.207466611805492640e+00 1.258907909832136518e+00
2.792120538283852094e-01 8.201724911706794741e-01 2.923600591435687956e+00 -1.708566467750118889e+00 1.197266343962570145e+00 4.329337863936770781e-01 2.207466611805492640e+00 1.258907909832136518e+00
2.792120538283852094e-01 8.201724911706794741e-01 2.923600591435687956e+00 -1.708566467750118889e+00 1.197266343962570145e+00 -2.185100213606323116e+00 2.207466611805492640e+00 1.258907909832136518e+00
2.792120538283852094e-01 8.201724911706794741e-01 2.923600591435687956e+00 -1.708566467750118889e+00 1.197266343962570145e+00 -5.670662136063229219e-01 2.207466611805492640e+00 1.258907909832136518e+00
2.792120538283852094e-01 8.201724911706794741e-01 2.923600591435687956e+00 -1.708566467750118889e+00 1.197266343962570145e+00 -1.185100188450322944e+00 2.207466611805492640e+00 1.258907909832136518e+00
2.792120538283852094e-01 8.201724911706794741e-01 2.923600591435687956e+00 -1.708566467750118889e+00 1.197266343962570145e+00 -1.851002136063228942e-01 2.207466611805492640e+00 1.258907909832136518e+00
2.792120538283852094e-01 8.201724911706794741e-01 2.923600591435687956e+00 -1.708566467750118889e+00 1.197266343962570145e+00 -2.879564671132096021e-01 2.207466611805492640e+00 1.258907909832136518e+00
2.792120538283852094e-01 8.201724911706794741e-01 2.923600591435687956e+00 -1.708566467750118889e+00 1.197266343962570145e+00 -3.154039129596705182e-01 2.207466611805492640e+00 1.258907909832136518e+00
2.792120538283852094e-01 8.201724911706794741e-01 2.923600591435687956e+00 -1.708566467750118889e+00 1.197266343962570145e+00 -2.436982915000645011e-01 2.207466611805492640e+00 1.258907909832136518e+00
2.792120538283852094e-01 8.201724911706794741e-01 2.923600591435687956e+00 -1.708566467750118889e+00 1.197266343962570145e+00 -2.710513488069590249e-01 2.207466611805492640e+00 1.258907909832136518e+00
2.792120538283852094e-01 8.201724911706794741e-01 2.923600591435687956e+00 -1.708566467750118889e+00 1.197266343962570145e+00 -2.984404582133988737e-01 2.207466611805492640e+00 1.258907909832136518e+00
2.792120538283852094e-01 8.201724911706794741e-01 2.923600591435687956e+00 -1.708566467750118889e+00 1.197266343962570145e+00 -2.814992866942442884e-01 2.207466611805492640e+00 1.258907909832136518e+00
2.792120538283852094e-01 8.201724911706794741e-01 2.923600591435687956e+00 -1.708566467750118889e+00 1.197266343962570145e+00 -2.775085296511894950e-01 2.207466611805492640e+00 1.258907909832136518e+00
2.792120538283852094e-01 8.201724911706794741e-01 2.923600591435687956e+00 -1.708566467750118889e+00 1.197266343962570145e+00 -2.843549559733650756e-01 2.207466611805492640e+00 1.258907909832136518e+00
2.792120538283852094e-01 8.201724911706794741e-01 2.923600591435687956e+00 -1.708566467750118889e+00 1.197266343962570145e+00 -2.814992866942442884e-01 2.207466611805492640e+00 1.258907909832136518e+00
2.792120538283852094e-01 8.201724911706794741e-01 2.923600591435687956e+00 -1.708566467750118889e+00 1.197266343962570145e+00 -2.814992866942442884e-01 3.207466611805492640e+00 1.258907909832136518e+00
2.792120538283852094e-01 8.201724911706794741e-01 2.923600591435687956e+00 -1.708566467750118889e+00 1.197266343962570145e+00 -2.814992866942442884e-01 5.894326118054926678e-01 1.258907909832136518e+00
2.792120538283852094e-01 8.201724911706794741e-01 2.923600591435687956e+00 -1.708566467750118889e+00 1.197266343962570145e+00 -2.814992866942442884e-01 2.207466611805492640e+00 1.258907909832136518e+00
2.792120538283852094e-01 8.201724911706794741e-01 2.923600591435687956e+00 -1.708566467750118889e+00 1.197266343962570145e+00 -2.814992866942442884e-01 1.589432636961492618e+00 1.258907909832136518e+00
2.792120538283852094e-01 8.201724911706794741e-01 2.923600591435687956e+00 -1.708566467750118889e+00 1.197266343962570145e+00 -2.814992866942442884e-01 2.589432611805492890e+00 1.258907909832136518e+00
2.792120538283852094e-01 8.201724911706794741e-01 2.923600591435687956e+00 -1.708566467750118889e+00 1.197266343962570145e+00 -2.814992866942442884e-01 2.137242994116357320e+00 1.258907909832136518e+00
2.792120538283852094e-01 8.201724911706794741e-01 2.923600591435687956e+00 -1.708566467750118889e+00 1.197266343962570145e+00 -2.814992866942442884e-01 2.210285507756353685e+00 1.258907909832136518e+00
2.792120538283852094e-01 8.201724911706794741e-01 2.923600591435687956e+00 -1.708566467750118889e+00 1.197266343962570145e+00 -2.814992866942442884e-01 2.355106810501587322e+00 1.258907909832136518e+00
2.792120538283852094e-01 8.201724911706794741e-01 2.923600591435687956e+00 -1.708566467750118889e+00 1.197266343962570145e+00 -2.814992866942442884e-01 2.265602321480739700e+00 1.258907909832136518e+00
2.792120538283852094e-01 8.201724911706794741e-01 2.923600591435687956e+00 -1.708566467750118889e+00 1.197266343962570145e+00 -2.814992866942442884e-01 2.233955097921571209e+00 1.258907909832136518e+00
2.792120538283852094e-01 8.201724911706794741e-01 2.923600591435687956e+00 -1.708566467750118889e+00 1.197266343962570145e+00 -2.814992866942442884e-01 2.221598622772352094e+00 1.258907909832136518e+00
2.792120538283852094e-01 8.201724911706794741e-01 2.923600591435687956e+00 -1.708566467750118889e+00 1.197266343962570145e+00 -2.814992866942442884e-01 2.221344515864354552e+00 1.258907909832136518e+00
2.792120538283852094e-01 8.201724911706794741e-01 2.923600591435687956e+00 -1.708566467750118889e+00 1.197266343962570145e+00 -2.814992866942442884e-01 2.226318376159198920e+00 1.258907909832136518e+00
2.792120538283852094e-01 8.201724911706794741e-01 2.923600591435687956e+00 -1.708566467750118889e+00 1.197266343962570145e+00 -2.814992866942442884e-01 2.223401408094512366e+00 1.258907909832136518e+00
2.792120538283852094e-01 8.201724911706794741e-01 2.923600591435687956e+00 -1.708566467750118889e+00 1.197266343962570145e+00 -2.814992866942442884e-01 2.222287225470716443e+00 1.258907909832136518e+00
2.792120538283852094e-01 8.201724911706794741e-01 2.923600591435687956e+00 -1.708566467750118889e+00 1.197266343962570145e+00 -2.814992866942442884e-01 2.221861645590635703e+00 1.258907909832136518e+00
2.792120538283852094e-01 8.201724911706794741e-01 2.923600591435687956e+00 -1.708566467750118889e+00 1.197266343962570145e+00 -2.814992866942442884e-01 2.221598622772352094e+00 1.258907909832136518e+00
2.792120538283852094e-01 8.201724911706794741e-01 2.923600591435687956e+00 -1.708566467750118889e+00 1.197266343962570145e+00 -2.814992866942442884e-01 2.221598622772352094e+00 2.258907909832136518e+00
2.792120538283852094e-01 8.201724911706794741e-01 2.923600591435687956e+00 -1.708566467750118889e+00 1.197266343962570145e+00 -2.814992866942442884e-01 2.221598622772352094e+00 -3.591260901678634543e-01
2.792120538283852094e-01 8.201724911706794741e-01 2.923600591435687956e+00 -1.708566467750118889e+00 1.197266343962570145e+00 -2.814992866942442884e-01 2.221598622772352094e+00 1.258907909832136518e+00
2.792120538283852094e-01 8.201724911706794741e-01 2.923600591435687956e+00 -1.708566467750118889e+00 1.197266343962570145e+00 -2.814992866942442884e-01 2.221598622772352094e+00 6.408739349881364955e-01
2.792120538283852094e-01 8.201724911706794741e-01 2.923600591435687956e+00 -1.708566467750118889e+00 1.197266343962570145e+00 -2.814992866942442884e-01 2.221598622772352094e+00 1.640873909832136546e+00
2.792120538283852094e-01 8.201724911706794741e-01 2.923600591435687956e+00 -1.708566467750118889e+00 1.197266343962570145e+00 -2.814992866942442884e-01 2.221598622772352094e+00 1.250962800444596068e+00
2.792120538283852094e-01 8.201724911706794741e-01 2.923600591435687956e+00 -1.708566467750118889e+00 1.197266343962570145e+00 -2.814992866942442884e-01 2.221598622772352094e+00 1.413536621667913051e+00
2.792120538283852094e-01 8.201724911706794741e-01 2.923600591435687956e+00 -1.708566467750118889e+00 1.197266343962570145e+00 -2.814992866942442884e-01 2.221598622772352094e+00 1.317970820377200702e+00
2.792120538283852094e-01 8.201724911706794741e-01 2.923600591435687956e+00 -1.708566467750118889e+00 1.197266343962570145e+00 -2.814992866942442884e-01 2.221598622772352094e+00 1.285504722757387697e+00
2.792120538283852094e-01 8.201724911706794741e-01 2.923600591435687956e+00 -1.708566467750118889e+00 1.197266343962570145e+00 -2.814992866942442884e-01 2.221598622772352094e+00 1.253532949446074296e+00
2.792120538283852094e-01 8.201724911706794741e-01 2.923600591435687956e+00 -1.708566467750118889e+00 1.197266343962570145e+00 -2.814992866942442884e-01 2.221598622772352094e+00 1.269066988077943048e+00
2.792120538283852094e-01 8.201724911706794741e-01 2.923600591435687956e+00 -1.708566467750118889e+00 1.197266343962570145e+00 -2.814992866942442884e-01 2.221598622772352094e+00 1.262788332313374173e+00
2.792120538283852094e-01 8.201724911706794741e-01 2.923600591435687956e+00 -1.708566467750118889e+00 1.197266343962570145e+00 -2.814992866942442884e-01 2.221598622772352094e+00 1.256854857713313844e+00
2.792120538283852094e-01 8.201724911706794741e-01 2.923600591435687956e+00 -1.708566467750118889e+00 1.197266343962570145e+00 -2.814992866942442884e-01 2.221598622772352094e+00 1.260390099285604970e+00
2.792120538283852094e-01 8.201724911706794741e-01 2.923600591435687956e+00 -1.708566467750118889e+00 1.197266343962570145e+00 -2.814992866942442884e-01 2.221598622772352094e+00 1.258123713726518211e+00
2.792120538283852094e-01 8.201724911706794741e-01 2.923600591435687956e+00 -1.708566467750118889e+00 1.197266343962570145e+00 -2.814992866942442884e-01 2.221598622772352094e+00 1.257639053870578616e+00
2.792120538283852094e-01 8.201724911706794741e-01 2.923600591435687956e+00 -1.708566467750118889e+00 1.197266343962570145e+00 -2.814992866942442884e-01 2.221598622772352094e+00 1.258423249976196923e+00
2.792120538283852094e-01 8.201724911706794741e-01 2.923600591435687956e+00 -1.708566467750118889e+00 1.197266343962570145e+00 -2.814992866942442884e-01 2.221598622772352094e+00 1.257938590139984436e+00
2.792120538283852094e-01 8.201724911706794741e-01 2.923600591435687956e+00 -1.708566467750118889e+00 1.197266343962570145e+00 -2.814992866942442884e-01 2.221598622772352094e+00 1.258238126389662925e+00
2.792120538283852094e-01 8.201724911706794741e-01 2.923600591435687956e+00 -1.708566467750118889e+00 1.197266343962570145e+00 -2.814992866942442884e-01 2.221598622772352094e+00 1.258053002810664234e+00
2.792120538283852094e-01 8.201724911706794741e-01 2.923600591435687956e+00 -1.708566467750118889e+00 1.197266343962570145e+00 -2.814992866942442884e-01 2.221598622772352094e+00 1.258167415473808948e+00
2.792120538283852094e-01 8.201724911706794741e-01 2.923600591435687956e+00 -1.708566467750118889e+00 1.197266343962570145e+00 -2.814992866942442884e-01 2.221598622772352094e+00 1.258115871755462134e+00
2.792120538283852094e-01 8.201724911706794741e-01 2.923600591435687956e+00 -1.708566467750118889e+00 1.197266343962570145e+00 -2.814992866942442884e-01 2.221598622772352094e+00 1.258131555697574511e+00
1.268928268519667890e+00 -2.176184380589263334e-02 3.903613198915022231e+00 -1.708579046120070721e+00 1.040598479121972897e+00 4.067640217834345151e-03 2.235730633739211548e+00 1.257339517620899905e+00
2.792120538283852094e-01 8.201724911706794741e-01 2.923600591435687956e+00 -1.708566467750118889e+00 1.197266343962570145e+00 -2.814992866942442884e-01 2.221598622772352094e+00 1.258123713726518211e+00
1.279212053828385098e+00 8.201724911706794741e-01 2.923600591435687956e+00 -1.708566467750118889e+00 1.197266343962570145e+00 -2.814992866942442884e-01 2.221598622772352094e+00 1.258123713726518211e+00
-1.338821946171614652e+00 8.201724911706794741e-01 2.923600591435687956e+00 -1.708566467750118889e+00 1.197266343962570145e+00 -2.814992866942442884e-01 2.221598622772352094e+00 1.258123713726518211e+00
2.792120538283852094e-01 8.201724911706794741e-01 2.923600591435687956e+00 -1.708566467750118889e+00 1.197266343962570145e+00 -2.814992866942442884e-01 2.221598622772352094e+00 1.258123713726518211e+00
-3.388219210156148131e-01 8.201724911706794741e-01 2.923600591435687956e+00 -1.708566467750118889e+00 1.197266343962570145e+00 -2.814992866942442884e-01 2.221598622772352094e+00 1.258123713726518211e+00
6.611780538283852371e-01 8.201724911706794741e-01 2.923600591435687956e+00 -1.708566467750118889e+00 1.197266343962570145e+00 -2.814992866942442884e-01 2.221598622772352094e+00 1.258123713726518211e+00
6.876393489514978641e-02 8.201724911706794741e-01 2.923600591435687956e+00 -1.708566467750118889e+00 1.197266343962570145e+00 -2.814992866942442884e-01 2.221598622772352094e+00 1.258123713726518211e+00
4.251100789843852423e-01 8.201724911706794741e-01 2.923600591435687956e+00 -1.708566467750118889e+00 1.197266343962570145e+00 -2.814992866942442884e-01 2.221598622772352094e+00 1.258123713726518211e+00
3.064867656834591170e-01 8.201724911706794741e-01 2.923600591435687956e+00 -1.708566467750118889e+00 1.197266343962570145e+00 -2.814992866942442884e-01 2.221598622772352094e+00 1.258123713726518211e+00
2.875350219790809292e-01 8.201724911706794741e-01 2.923600591435687956e+00 -1.708566467750118889e+00 1.197266343962570145e+00 -2.814992866942442884e-01 2.221598622772352094e+00 1.258123713726518211e+00
2.905151043502827712e-01 8.201724911706794741e-01 2.923600591435687956e+00 -1.708566467750118889e+00 1.197266343962570145e+00 -2.814992866942442884e-01 2.221598622772352094e+00 1.258123713726518211e+00
2.853967538067531118e-01 8.201724911706794741e-01 2.923600591435687956e+00 -1.708566467750118889e+00 1.197266343962570145e+00 -2.814992866942442884e-01 2.221598622772352094e+00 1.258123713726518211e+00
2.886733121220794174e-01 8.201724911706794741e-01 2.923600591435687956e+00 -1.708566467750118889e+00 1.197266343962570145e+00 -2.814992866942442884e-01 2.221598622772352094e+00 1.258123713726518211e+00
2.867182762383695960e-01 8.201724911706794741e-01 2.923600591435687956e+00 -1.708566467750118889e+00 1.197266343962570145e+00 -2.814992866942442884e-01 2.221598622772352094e+00 1.258123713726518211e+00
2.862134996012547505e-01 8.201724911706794741e-01 2.923600591435687956e+00 -1.708566467750118889e+00 1.197266343962570145e+00 -2.814992866942442884e-01 2.221598622772352094e+00 1.258123713726518211e+00
2.859015304771121424e-01 8.201724911706794741e-01 2.923600591435687956e+00 -1.708566467750118889e+00 1.197266343962570145e+00 -2.814992866942442884e-01 2.221598622772352094e+00 1.258123713726518211e+00
2.864063071142269323e-01 8.201724911706794741e-01 2.923600591435687956e+00 -1.708566467750118889e+00 1.197266343962570145e+00 -2.814992866942442884e-01 2.221598622772352094e+00 1.258123713726518211e+00
2.860943380027825000e-01 8.201724911706794741e-01 2.923600591435687956e+00 -1.708566467750118889e+00 1.197266343962570145e+00 -2.814992866942442884e-01 2.221598622772352094e+00 1.258123713726518211e+00
2.862871455157546818e-01 8.201724911706794741e-01 2.923600591435687956e+00 -1.708566467750118889e+00 1.197266343962570145e+00 -2.814992866942442884e-01 2.221598622772352094e+00 1.258123713726518211e+00
2.862134996012547505e-01 8.201724911706794741e-01 2.923600591435687956e+00 -1.708566467750118889e+00 1.197266343962570145e+00 -2.814992866942442884e-01 2.221598622772352094e+00 1.258123713726518211e+00
2.862134996012547505e-01 1.820172491170679585e+00 2.923600591435687956e+00 -1.708566467750118889e+00 1.197266343962570145e+00 -2.814992866942442884e-01 2.221598622772352094e+00 1.258123713726518211e+00
2.862134996012547505e-01 -7.978615088293204982e-01 2.923600591435687956e+00 -1.708566467750118889e+00 1.197266343962570145e+00 -2.814992866942442884e-01 2.221598622772352094e+00 1.258123713726518211e+00
2.862134996012547505e-01 8.201724911706794741e-01 2.923600591435687956e+00 -1.708566467750118889e+00 1.197266343962570145e+00 -2.814992866942442884e-01 2.221598622772352094e+00 1.258123713726518211e+00
2.862134996012547505e-01 2.021385163266794516e-01 2.923600591435687956e+00 -1.708566467750118889e+00 1.197266343962570145e+00 -2.814992866942442884e-01 2.221598622772352094e+00 1.258123713726518211e+00
2.862134996012547505e-01 1.202138491170679391e+00 2.923600591435687956e+00 -1.708566467750118889e+00 1.197266343962570145e+00 -2.814992866942442884e-01 2.221598622772352094e+00 1.258123713726518211e+00
2.862134996012547505e-01 8.626916689213199874e-01 2.923600591435687956e+00 -1.708566467750118889e+00 1.197266343962570145e+00 -2.814992866942442884e-01 2.221598622772352094e+00 1.258123713726518211e+00
2.862134996012547505e-01 9.863826314080571533e-01 2.923600591435687956e+00 -1.708566467750118889e+00 1.197266343962570145e+00 -2.814992866942442884e-01 2.221598622772352094e+00 1.258123713726518211e+00
2.862134996012547505e-01 9.099374110985289921e-01 2.923600591435687956e+00 -1.708566467750118889e+00 1.197266343962570145e+00 -2.814992866942442884e-01 2.221598622772352094e+00 1.258123713726518211e+00
2.862134996012547505e-01 8.807379360777798372e-01 2.923600591435687956e+00 -1.708566467750118889e+00 1.197266343962570145e+00 -2.814992866942442884e-01 2.221598622772352094e+00 1.258123713726518211e+00
2.862134996012547505e-01 8.464507886726188035e-01 2.923600591435687956e+00 -1.708566467750118889e+00 1.197266343962570145e+00 -2.814992866942442884e-01 2.221598622772352094e+00 1.258123713726518211e+00
2.862134996012547505e-01 8.695847294020042639e-01 2.923600591435687956e+00 -1.708566467750118889e+00 1.197266343962570145e+00 -2.814992866942442884e-01 2.221598622772352094e+00 1.258123713726518211e+00
2.862134996012547505e-01 8.564882048562445505e-01 2.923600591435687956e+00 -1.708566467750118889e+00 1.197266343962570145e+00 -2.814992866942442884e-01 2.221598622772352094e+00 1.258123713726518211e+00
2.862134996012547505e-01 8.653245836608850494e-01 2.923600591435687956e+00 -1.708566467750118889e+00 1.197266343962570145e+00 -2.814992866942442884e-01 2.221598622772352094e+00 1.258123713726518211e+00
2.862134996012547505e-01 8.603221565662393377e-01 2.923600591435687956e+00 -1.708566467750118889e+00 1.197266343962570145e+00 -2.814992866942442884e-01 2.221598622772352094e+00 1.258123713726518211e+00
2.862134996012547505e-01 8.636973528327326344e-01 2.923600591435687956e+00 -1.708566467750118889e+00 1.197266343962570145e+00 -2.814992866942442884e-01 2.221598622772352094e+00 1.258123713726518211e+00
2.862134996012547505e-01 8.617865957650993058e-01 2.923600591435687956e+00 -1.708566467750118889e+00 1.197266343962570145e+00 -2.814992866942442884e-01 2.221598622772352094e+00 1.258123713726518211e+00
2.862134996012547505e-01 8.631168607088264277e-01 2.923600591435687956e+00 -1.708566467750118889e+00 1.197266343962570145e+00 -2.814992866942442884e-01 2.221598622772352094e+00 1.258123713726518211e+00
2.862134996012547505e-01 8.622664771338135470e-01 2.923600591435687956e+00 -1.708566467750118889e+00 1.197266343962570145e+00 -2.814992866942442884e-01 2.221598622772352094e+00 1.258123713726518211e+00
2.862134996012547505e-01 8.626916689213199874e-01 2.923600591435687956e+00 -1.708566467750118889e+00 1.197266343962570145e+00 -2.814992866942442884e-01 2.221598622772352094e+00 1.258123713726518211e+00
2.862134996012547505e-01 8.626916689213199874e-01 3.923600591435687956e+00 -1.708566467750118889e+00 1.197266343962570145e+00 -2.814992866942442884e-01 2.221598622772352094e+00 1.258123713726518211e+00
2.862134996012547505e-01 8.626916689213199874e-01 1.305566591435687984e+00 -1.708566467750118889e+00 1.197266343962570145e+00 -2.814992866942442884e-01 2.221598622772352094e+00 1.258123713726518211e+00
2.862134996012547505e-01 8.626916689213199874e-01 2.923600591435687956e+00 -1.708566467750118889e+00 1.197266343962570145e+00 -2.814992866942442884e-01 2.221598622772352094e+00 1.258123713726518211e+00
2.862134996012547505e-01 8.626916689213199874e-01 2.305566616591687712e+00 -1.708566467750118889e+00 1.197266343962570145e+00 -2.814992866942442884e-01 2.221598622772352094e+00 1.258123713726518211e+00
2.862134996012547505e-01 8.626916689213199874e-01 3.305566591435687762e+00 -1.708566467750118889e+00 1.197266343962570145e+00 -2.814992866942442884e-01 2.221598622772352094e+00 1.258123713726518211e+00
2.862134996012547505e-01 8.626916689213199874e-01 2.952457443783681246e+00 -1.708566467750118889e+00 1.197266343962570145e+00 -2.814992866942442884e-01 2.221598622772352094e+00 1.258123713726518211e+00
2.862134996012547505e-01 8.626916689213199874e-01 2.687532626200424435e+00 -1.708566467750118889e+00 1.197266343962570145e+00 -2.814992866942442884e-01 2.221598622772352094e+00 1.258123713726518211e+00
2.862134996012547505e-01 8.626916689213199874e-01 2.822808801883583740e+00 -1.708566467750118889e+00 1.197266343962570145e+00 -2.814992866942442884e-01 2.221598622772352094e+00 1.258123713726518211e+00
2.862134996012547505e-01 8.626916689213199874e-01 2.883299370013883145e+00 -1.708566467750118889e+00 1.197266343962570145e+00 -2.814992866942442884e-01 2.221598622772352094e+00 1.258123713726518211e+00
2.862134996012547505e-01 8.626916689213199874e-01 2.908206895094087141e+00 -1.708566467750118889e+00 1.197266343962570145e+00 -2.814992866942442884e-01 2.221598622772352094e+00 1.258123713726518211e+00
2.862134996012547505e-01 8.626916689213199874e-01 2.934622927899641631e+00 -1.708566467750118889e+00 1.197266343962570145e+00 -2.814992866942442884e-01 2.221598622772352094e+00 1.258123713726518211e+00
2.862134996012547505e-01 8.626916689213199874e-01 2.917720722818871959e+00 -1.708566467750118889e+00 1.197266343962570145e+00 -2.814992866942442884e-01 2.221598622772352094e+00 1.258123713726518211e+00
2.862134996012547505e-01 8.626916689213199874e-01 2.927810749205478569e+00 -1.708566467750118889e+00 1.197266343962570145e+00 -2.814992866942442884e-01 2.221598622772352094e+00 1.258123713726518211e+00
2.862134996012547505e-01 8.626916689213199874e-01 2.922201959270507743e+00 -1.708566467750118889e+00 1.197266343962570145e+00 -2.814992866942442884e-01 2.221598622772352094e+00 1.258123713726518211e+00
2.862134996012547505e-01 8.626916689213199874e-01 2.925208728558383875e+00 -1.708566467750118889e+00 1.197266343962570145e+00 -2.814992866942442884e-01 2.221598622772352094e+00 1.258123713726518211e+00
2.862134996012547505e-01 8.626916689213199874e-01 2.924214845139895491e+00 -1.708566467750118889e+00 1.197266343962570145e+00 -2.814992866942442884e-01 2.221598622772352094e+00 1.258123713726518211e+00
2.862134996012547505e-01 8.626916689213199874e-01 2.923066361502082877e+00 -1.708566467750118889e+00 1.197266343962570145e+00 -2.814992866942442884e-01 2.221598622772352094e+00 1.258123713726518211e+00
2.862134996012547505e-01 8.626916689213199874e-01 2.923835215466069393e+00 -1.708566467750118889e+00 1.197266343962570145e+00 -2.814992866942442884e-01 2.221598622772352094e+00 1.258123713726518211e+00
2.862134996012547505e-01 8.626916689213199874e-01 2.923396533764868632e+00 -1.708566467750118889e+00 1.197266343962570145e+00 -2.814992866942442884e-01 2.221598622772352094e+00 1.258123713726518211e+00
2.862134996012547505e-01 8.626916689213199874e-01 2.923343666537148611e+00 -1.708566467750118889e+00 1.197266343962570145e+00 -2.814992866942442884e-01 2.221598622772352094e+00 1.258123713726518211e+00
2.862134996012547505e-01 8.626916689213199874e-01 2.923398574351576684e+00 -1.708566467750118889e+00 1.197266343962570145e+00 -2.814992866942442884e-01 2.221598622772352094e+00 1.258123713726518211e+00
2.862134996012547505e-01 8.626916689213199874e-01 2.923376340281365060e+00 -1.708566467750118889e+00 1.197266343962570145e+00 -2.814992866942442884e-01 2.221598622772352094e+00 1.258123713726518211e+00
2.862134996012547505e-01 8.626916689213199874e-01 2.923388820540748778e+00 -1.708566467750118889e+00 1.197266343962570145e+00 -2.814992866942442884e-01 2.221598622772352094e+00 1.258123713726518211e+00
2.862134996012547505e-01 8.626916689213199874e-01 2.923393587575504160e+00 -1.708566467750118889e+00 1.197266343962570145e+00 -2.814992866942442884e-01 2.221598622772352094e+00 1.258123713726518211e+00
2.862134996012547505e-01 8.626916689213199874e-01 2.923396533764868632e+00 -1.708566467750118889e+00 1.197266343962570145e+00 -2.814992866942442884e-01 2.221598622772352094e+00 1.258123713726518211e+00
2.862134996012547505e-01 8.626916689213199874e-01 2.923396533764868632e+00 -7.085664677501188891e-01 1.197266343962570145e+00 -2.814992866942442884e-01 2.221598622772352094e+00 1.258123713726518211e+00
2.862134996012547505e-01 8.626916689213199874e-01 2.923396533764868632e+00 -3.326600467750118639e+00 1.197266343962570145e+00 -2.814992866942442884e-01 2.221598622772352094e+00 1.258123713726518211e+00
2.862134996012547505e-01 8.626916689213199874e-01 2.923396533764868632e+00 -1.708566467750118889e+00 1.197266343962570145e+00 -2.814992866942442884e-01 2.221598622772352094e+00 1.258123713726518211e+00
2.862134996012547505e-01 8.626916689213199874e-01 2.923396533764868632e+00 -2.326600442594118689e+00 1.197266343962570145e+00 -2.814992866942442884e-01 2.221598622772352094e+00 1.258123713726518211e+00
2.862134996012547505e-01 8.626916689213199874e-01 2.923396533764868632e+00 -1.326600467750118861e+00 1.197266343962570145e+00 -2.814992866942442884e-01 2.221598622772352094e+00 1.258123713726518211e+00
2.862134996012547505e-01 8.626916689213199874e-01 2.923396533764868632e+00 -1.767985299944276223e+00 1.197266343962570145e+00 -2.814992866942442884e-01 2.221598622772352094e+00 1.258123713726518211e+00
2.862134996012547505e-01 8.626916689213199874e-01 2.923396533764868632e+00 -1.698599528072304965e+00 1.197266343962570145e+00 -2.814992866942442884e-01 2.221598622772352094e+00 1.258123713726518211e+00
2.862134996012547505e-01 8.626916689213199874e-01 2.923396533764868632e+00 -1.715879743504509225e+00 1.197266343962570145e+00 -2.814992866942442884e-01 2.221598622772352094e+00 1.258123713726518211e+00
2.862134996012547505e-01 8.626916689213199874e-01 2.923396533764868632e+00 -1.704961508158744143e+00 1.197266343962570145e+00 -2.814992866942442884e-01 2.221598622772352094e+00 1.258123713726518211e+00
2.862134996012547505e-01 8.626916689213199874e-01 2.923396533764868632e+00 -1.711359890436920272e+00 1.197266343962570145e+00 -2.814992866942442884e-01 2.221598622772352094e+00 1.258123713726518211e+00
2.862134996012547505e-01 8.626916689213199874e-01 2.923396533764868632e+00 -1.707189495754839914e+00 1.197266343962570145e+00 -2.814992866942442884e-01 2.221598622772352094e+00 1.258123713726518211e+00
2.862134996012547505e-01 8.626916689213199874e-01 2.923396533764868632e+00 -1.709633460240105762e+00 1.197266343962570145e+00 -2.814992866942442884e-01 2.221598622772352094e+00 1.258123713726518211e+00
2.862134996012547505e-01 8.626916689213199874e-01 2.923396533764868632e+00 -1.708040511264970140e+00 1.197266343962570145e+00 -2.814992866942442884e-01 2.221598622772352094e+00 1.258123713726518211e+00
2.862134996012547505e-01 8.626916689213199874e-01 2.923396533764868632e+00 -1.709002796776218691e+00 1.197266343962570145e+00 -2.814992866942442884e-01 2.221598622772352094e+00 1.258123713726518211e+00
2.862134996012547505e-01 8.626916689213199874e-01 2.923396533764868632e+00 -1.708365570255312660e+00 1.197266343962570145e+00 -2.814992866942442884e-01 2.221598622772352094e+00 1.258123713726518211e+00
2.862134996012547505e-01 8.626916689213199874e-01 2.923396533764868632e+00 -1.708733130602902106e+00 1.197266343962570145e+00 -2.814992866942442884e-01 2.221598622772352094e+00 1.258123713726518211e+00
2.862134996012547505e-01 8.626916689213199874e-01 2.923396533764868632e+00 -1.708836133912459143e+00 1.197266343962570145e+00 -2.814992866942442884e-01 2.221598622772352094e+00 1.258123713726518211e+00
2.862134996012547505e-01 8.626916689213199874e-01 2.923396533764868632e+00 -1.708899793459877969e+00 1.197266343962570145e+00 -2.814992866942442884e-01 2.221598622772352094e+00 1.258123713726518211e+00
2.862134996012547505e-01 8.626916689213199874e-01 2.923396533764868632e+00 -1.708796790150320932e+00 1.197266343962570145e+00 -2.814992866942442884e-01 2.221598622772352094e+00 1.258123713726518211e+00
2.862134996012547505e-01 8.626916689213199874e-01 2.923396533764868632e+00 -1.708860449695148498e+00 1.197266343962570145e+00 -2.814992866942442884e-01 2.221598622772352094e+00 1.258123713726518211e+00
2.862134996012547505e-01 8.626916689213199874e-01 2.923396533764868632e+00 -1.708821105933010287e+00 1.197266343962570145e+00 -2.814992866942442884e-01 2.221598622772352094e+00 1.258123713726518211e+00
2.862134996012547505e-01 8.626916689213199874e-01 2.923396533764868632e+00 -1.708811818130759663e+00 1.197266343962570145e+00 -2.814992866942442884e-01 2.221598622772352094e+00 1.258123713726518211e+00
2.862134996012547505e-01 8.626916689213199874e-01 2.923396533764868632e+00 -1.708826846110208519e+00 1.197266343962570145e+00 -2.814992866942442884e-01 2.221598622772352094e+00 1.258123713726518211e+00
2.862134996012547505e-01 8.626916689213199874e-01 2.923396533764868632e+00 -1.708817558308335816e+00 1.197266343962570145e+00 -2.814992866942442884e-01 2.221598622772352094e+00 1.258123713726518211e+00
2.862134996012547505e-01 8.626916689213199874e-01 2.923396533764868632e+00 -1.708823652324839237e+00 1.197266343962570145e+00 -2.814992866942442884e-01 2.221598622772352094e+00 1.258123713726518211e+00
2.862134996012547505e-01 8.626916689213199874e-01 2.923396533764868632e+00 -1.708821105933010287e+00 1.197266343962570145e+00 -2.814992866942442884e-01 2.221598622772352094e+00 1.258123713726518211e+00
2.862134996012547505e-01 8.626916689213199874e-01 2.923396533764868632e+00 -1.708821105933010287e+00 2.197266343962570367e+00 -2.814992866942442884e-01 2.221598622772352094e+00 1.258123713726518211e+00
2.862134996012547505e-01 8.626916689213199874e-01 2.923396533764868632e+00 -1.708821105933010287e+00 -4.207676560374298269e-01 -2.814992866942442884e-01 2.221598622772352094e+00 1.258123713726518211e+00
2.862134996012547505e-01 8.626916689213199874e-01 2.923396533764868632e+00 -1.708821105933010287e+00 1.197266343962570145e+00 -2.814992866942442884e-01 2.221598622772352094e+00 1.258123713726518211e+00
2.862134996012547505e-01 8.626916689213199874e-01 2.923396533764868632e+00 -1.708821105933010287e+00 5.792323691185701229e-01 -2.814992866942442884e-01 2.221598622772352094e+00 1.258123713726518211e+00
2.862134996012547505e-01 8.626916689213199874e-01 2.923396533764868632e+00 -1.708821105933010287e+00 1.579232343962570173e+00 -2.814992866942442884e-01 2.221598622772352094e+00 1.258123713726518211e+00
2.862134996012547505e-01 8.626916689213199874e-01 2.923396533764868632e+00 -1.708821105933010287e+00 1.226951363253778071e+00 -2.814992866942442884e-01 2.221598622772352094e+00 1.258123713726518211e+00
2.862134996012547505e-01 8.626916689213199874e-01 2.923396533764868632e+00 -1.708821105933010287e+00 1.348412493125573874e+00 -2.814992866942442884e-01 2.221598622772352094e+00 1.258123713726518211e+00
2.862134996012547505e-01 8.626916689213199874e-01 2.923396533764868632e+00 -1.708821105933010287e+00 1.273345385186388512e+00 -2.814992866942442884e-01 2.221598622772352094e+00 1.258123713726518211e+00
2.862134996012547505e-01 8.626916689213199874e-01 2.923396533764868632e+00 -1.708821105933010287e+00 1.244672302235289463e+00 -2.814992866942442884e-01 2.221598622772352094e+00 1.258123713726518211e+00
2.862134996012547505e-01 8.626916689213199874e-01 2.923396533764868632e+00 -1.708821105933010287e+00 1.215612695175192659e+00 -2.814992866942442884e-01 2.221598622772352094e+00 1.258123713726518211e+00
2.862134996012547505e-01 8.626916689213199874e-01 2.923396533764868632e+00 -1.708821105933010287e+00 1.233720159432790009e+00 -2.814992866942442884e-01 2.221598622772352094e+00 1.258123713726518211e+00
2.862134996012547505e-01 8.626916689213199874e-01 2.923396533764868632e+00 -1.708821105933010287e+00 1.222620377562473104e+00 -2.814992866942442884e-01 2.221598622772352094e+00 1.258123713726518211e+00
2.862134996012547505e-01 8.626916689213199874e-01 2.923396533764868632e+00 -1.708821105933010287e+00 1.229536813255090566e+00 -2.814992866942442884e-01 2.221598622772352094e+00 1.258123713726518211e+00
2.862134996012547505e-01 8.626916689213199874e-01 2.923396533764868632e+00 -1.708821105933010287e+00 1.231134709261201721e+00 -2.814992866942442884e-01 2.221598622772352094e+00 1.258123713726518211e+00
2.862134996012547505e-01 8.626916689213199874e-01 2.923396533764868632e+00 -1.708821105933010287e+00 1.229214108552165285e+00 -2.814992866942442884e-01 2.221598622772352094e+00 1.258123713726518211e+00
2.862134996012547505e-01 8.626916689213199874e-01 2.923396533764868632e+00 -1.708821105933010287e+00 1.229859517958015847e+00 -2.814992866942442884e-01 2.221598622772352094e+00 1.258123713726518211e+00
2.862134996012547505e-01 8.626916689213199874e-01 2.923396533764868632e+00 -1.708821105933010287e+00 1.229536813255090566e+00 -2.814992866942442884e-01 2.221598622772352094e+00 1.258123713726518211e+00
2.862134996012547505e-01 8.626916689213199874e-01 2.923396533764868632e+00 -1.708821105933010287e+00 1.229536813255090566e+00 7.185007133057557116e-01 2.221598622772352094e+00 1.258123713726518211e+00
2.862134996012547505e-01 8.626916689213199874e-01 2.923396533764868632e+00 -1.708821105933010287e+00 1.229536813255090566e+00 -1.899533286694244261e+00 2.221598622772352094e+00 1.258123713726518211e+00
2.862134996012547505e-01 8.626916689213199874e-01 2.923396533764868632e+00 -1.708821105933010287e+00 1.229536813255090566e+00 -2.814992866942442884e-01 2.221598622772352094e+00 1.258123713726518211e+00
2.862134996012547505e-01 8.626916689213199874e-01 2.923396533764868632e+00 -1.708821105933010287e+00 1.229536813255090566e+00 -8.995332615382443109e-01 2.221598622772352094e+00 1.258123713726518211e+00
2.862134996012547505e-01 8.626916689213199874e-01 2.923396533764868632e+00 -1.708821105933010287e+00 1.229536813255090566e+00 1.004667133057557393e-01 2.221598622772352094e+00 1.258123713726518211e+00
2.862134996012547505e-01 8.626916689213199874e-01 2.923396533764868632e+00 -1.708821105933010287e+00 1.229536813255090566e+00 -2.337275815569442305e-01 2.221598622772352094e+00 1.258123713726518211e+00
2.862134996012547505e-01 8.626916689213199874e-01 2.923396533764868632e+00 -1.708821105933010287e+00 1.229536813255090566e+00 -5.175672519295075880e-01 2.221598622772352094e+00 1.258123713726518211e+00
2.862134996012547505e-01 8.626916689213199874e-01 2.923396533764868632e+00 -1.708821105933010287e+00 1.229536813255090566e+00 -3.716692231032968641e-01 2.221598622772352094e+00 1.258123713726518211e+00
2.862134996012547505e-01 8.626916689213199874e-01 2.923396533764868632e+00 -1.708821105933010287e+00 1.229536813255090566e+00 -3.036998473430994050e-01 2.221598622772352094e+00 1.258123713726518211e+00
2.862134996012547505e-01 8.626916689213199874e-01 2.923396533764868632e+00 -1.708821105933010287e+00 1.229536813255090566e+00 -2.632521195697703487e-01 2.221598622772352094e+00 1.258123713726518211e+00
2.862134996012547505e-01 8.626916689213199874e-01 2.923396533764868632e+00 -1.708821105933010287e+00 1.229536813255090566e+00 -2.899791460430448664e-01 2.221598622772352094e+00 1.258123713726518211e+00
2.862134996012547505e-01 8.626916689213199874e-01 2.923396533764868632e+00 -1.708821105933010287e+00 1.229536813255090566e+00 -2.745294892563774902e-01 2.221598622772352094e+00 1.258123713726518211e+00
2.862134996012547505e-01 8.626916689213199874e-01 2.923396533764868632e+00 -1.708821105933010287e+00 1.229536813255090566e+00 -2.847383046502682813e-01 2.221598622772352094e+00 1.258123713726518211e+00
2.862134996012547505e-01 8.626916689213199874e-01 2.923396533764868632e+00 -1.708821105933010287e+00 1.229536813255090566e+00 -2.788370610460920718e-01 2.221598622772352094e+00 1.258123713726518211e+00
2.862134996012547505e-01 8.626916689213199874e-01 2.923396533764868632e+00 -1.708821105933010287e+00 1.229536813255090566e+00 -2.827364814268349402e-01 2.221598622772352094e+00 1.258123713726518211e+00
2.862134996012547505e-01 8.626916689213199874e-01 2.923396533764868632e+00 -1.708821105933010287e+00 1.229536813255090566e+00 -2.804824070123221880e-01 2.221598622772352094e+00 1.258123713726518211e+00
2.862134996012547505e-01 8.626916689213199874e-01 2.923396533764868632e+00 -1.708821105933010287e+00 1.229536813255090566e+00 -2.819718530174730176e-01 2.221598622772352094e+00 1.258123713726518211e+00
2.862134996012547505e-01 8.626916689213199874e-01 2.923396533764868632e+00 -1.708821105933010287e+00 1.229536813255090566e+00 -2.811108732296592194e-01 2.221598622772352094e+00 1.258123713726518211e+00
2.862134996012547505e-01 8.626916689213199874e-01 2.923396533764868632e+00 -1.708821105933010287e+00 1.229536813255090566e+00 -2.816797909624626506e-01 2.221598622772352094e+00 1.258123713726518211e+00
2.862134996012547505e-01 8.626916689213199874e-01 2.923396533764868632e+00 -1.708821105933010287e+00 1.229536813255090566e+00 -2.813509259568305887e-01 2.221598622772352094e+00 1.258123713726518211e+00
2.862134996012547505e-01 8.626916689213199874e-01 2.923396533764868632e+00 -1.708821105933010287e+00 1.229536813255090566e+00 -2.815682331875585809e-01 2.221598622772352094e+00 1.258123713726518211e+00
2.862134996012547505e-01 8.626916689213199874e-01 2.923396533764868632e+00 -1.708821105933010287e+00 1.229536813255090566e+00 -2.814426179368173520e-01 2.221598622772352094e+00 1.258123713726518211e+00
2.862134996012547505e-01 8.626916689213199874e-01 2.923396533764868632e+00 -1.708821105933010287e+00 1.229536813255090566e+00 -2.815256219105095603e-01 2.221598622772352094e+00 1.258123713726518211e+00
2.862134996012547505e-01 8.626916689213199874e-01 2.923396533764868632e+00 -1.708821105933010287e+00 1.229536813255090566e+00 -2.814776411556449420e-01 2.221598622772352094e+00 1.258123713726518211e+00
2.862134996012547505e-01 8.626916689213199874e-01 2.923396533764868632e+00 -1.708821105933010287e+00 1.229536813255090566e+00 -2.815093458514602576e-01 2.221598622772352094e+00 1.258123713726518211e+00
2.862134996012547505e-01 8.626916689213199874e-01 2.923396533764868632e+00 -1.708821105933010287e+00 1.229536813255090566e+00 -2.814910188344476594e-01 2.221598622772352094e+00 1.258123713726518211e+00
2.862134996012547505e-01 8.626916689213199874e-01 2.923396533764868632e+00 -1.708821105933010287e+00 1.229536813255090566e+00 -2.815031289502894496e-01 2.221598622772352094e+00 1.258123713726518211e+00
2.862134996012547505e-01 8.626916689213199874e-01 2.923396533764868632e+00 -1.708821105933010287e+00 1.229536813255090566e+00 -2.814961286529091833e-01 2.221598622772352094e+00 1.258123713726518211e+00
2.862134996012547505e-01 8.626916689213199874e-01 2.923396533764868632e+00 -1.708821105933010287e+00 1.229536813255090566e+00 -2.815007543054168226e-01 2.221598622772352094e+00 1.258123713726518211e+00
2.862134996012547505e-01 8.626916689213199874e-01 2.923396533764868632e+00 -1.708821105933010287e+00 1.229536813255090566e+00 -2.814980804298277128e-01 2.221598622772352094e+00 1.258123713726518211e+00
2.862134996012547505e-01 8.626916689213199874e-01 2.923396533764868632e+00 -1.708821105933010287e+00 1.229536813255090566e+00 -2.814998472718134304e-01 2.221598622772352094e+00 1.258123713726518211e+00
2.862134996012547505e-01 8.626916689213199874e-01 2.923396533764868632e+00 -1.708821105933010287e+00 1.229536813255090566e+00 -2.814988259422501193e-01 2.221598622772352094e+00 1.258123713726518211e+00
2.862134996012547505e-01 8.626916689213199874e-01 2.923396533764868632e+00 -1.708821105933010287e+00 1.229536813255090566e+00 -2.814995008158160394e-01 2.221598622772352094e+00 1.258123713726518211e+00
2.862134996012547505e-01 8.626916689213199874e-01 2.923396533764868632e+00 -1.708821105933010287e+00 1.229536813255090566e+00 -2.814991107026481032e-01 2.221598622772352094e+00 1.258123713726518211e+00
2.862134996012547505e-01 8.626916689213199874e-01 2.923396533764868632e+00 -1.708821105933010287e+00 1.229536813255090566e+00 -2.814993684814045549e-01 2.221598622772352094e+00 1.258123713726518211e+00
2.862134996012547505e-01 8.626916689213199874e-01 2.923396533764868632e+00 -1.708821105933010287e+00 1.229536813255090566e+00 -2.814992194714382445e-01 2.221598622772352094e+00 1.258123713726518211e+00
2.862134996012547505e-01 8.626916689213199874e-01 2.923396533764868632e+00 -1.708821105933010287e+00 1.229536813255090566e+00 -2.814993179341587770e-01 2.221598622772352094e+00 1.258123713726518211e+00
2.862134996012547505e-01 8.626916689213199874e-01 2.923396533764868632e+00 -1.708821105933010287e+00 1.229536813255090566e+00 -2.814992610174179566e-01 2.221598622772352094e+00 1.258123713726518211e+00
2.862134996012547505e-01 8.626916689213199874e-01 2.923396533764868632e+00 -1.708821105933010287e+00 1.229536813255090566e+00 -2.814992986268294306e-01 2.221598622772352094e+00 1.258123713726518211e+00
2.862134996012547505e-01 8.626916689213199874e-01 2.923396533764868632e+00 -1.708821105933010287e+00 1.229536813255090566e+00 -2.814992768865696160e-01 2.221598622772352094e+00 1.258123713726518211e+00
2.862134996012547505e-01 8.626916689213199874e-01 2.923396533764868632e+00 -1.708821105933010287e+00 1.229536813255090566e+00 -2.814992912520861146e-01 2.221598622772352094e+00 1.258123713726518211e+00
2.862134996012547505e-01 8.626916689213199874e-01 2.923396533764868632e+00 -1.708821105933010287e+00 1.229536813255090566e+00 -2.814992829480460479e-01 2.221598622772352094e+00 1.258123713726518211e+00
2.862134996012547505e-01 8.626916689213199874e-01 2.923396533764868632e+00 -1.708821105933010287e+00 1.229536813255090566e+00 -2.814992884351849023e-01 2.221598622772352094e+00 1.258123713726518211e+00
2.862134996012547505e-01 8.626916689213199874e-01 2.923396533764868632e+00 -1.708821105933010287e+00 1.229536813255090566e+00 -2.814992852633239062e-01 2.221598622772352094e+00 1.258123713726518211e+00
2.862134996012547505e-01 8.626916689213199874e-01 2.923396533764868632e+00 -1.708821105933010287e+00 1.229536813255090566e+00 -2.814992873592244149e-01 2.221598622772352094e+00 1.258123713726518211e+00
2.862134996012547505e-01 8.626916689213199874e-01 2.923396533764868632e+00 -1.708821105933010287e+00 1.229536813255090566e+00 -2.814992861476813824e-01 2.221598622772352094e+00 1.258123713726518211e+00
2.862134996012547505e-01 8.626916689213199874e-01 2.923396533764868632e+00 -1.708821105933010287e+00 1.229536813255090566e+00 -2.814992869482441096e-01 2.221598622772352094e+00 1.258123713726518211e+00
2.862134996012547505e-01 8.626916689213199874e-01 2.923396533764868632e+00 -1.708821105933010287e+00 1.229536813255090566e+00 -2.814992864854758414e-01 2.221598622772352094e+00 1.258123713726518211e+00
2.862134996012547505e-01 8.626916689213199874e-01 2.923396533764868632e+00 -1.708821105933010287e+00 1.229536813255090566e+00 -2.814992863564498293e-01 2.221598622772352094e+00 1.258123713726518211e+00
2.862134996012547505e-01 8.626916689213199874e-01 2.923396533764868632e+00 -1.708821105933010287e+00 1.229536813255090566e+00 -2.814992865652182763e-01 2.221598622772352094e+00 1.258123713726518211e+00
2.862134996012547505e-01 8.626916689213199874e-01 2.923396533764868632e+00 -1.708821105933010287e+00 1.229536813255090566e+00 -2.814992864361922642e-01 2.221598622772352094e+00 1.258123713726518211e+00
2.862134996012547505e-01 8.626916689213199874e-01 2.923396533764868632e+00 -1.708821105933010287e+00 1.229536813255090566e+00 -2.814992865159347546e-01 2.221598622772352094e+00 1.258123713726518211e+00
2.862134996012547505e-01 8.626916689213199874e-01 2.923396533764868632e+00 -1.708821105933010287e+00 1.229536813255090566e+00 -2.814992864666511774e-01 2.221598622772352094e+00 1.258123713726518211e+00
2.862134996012547505e-01 8.626916689213199874e-01 2.923396533764868632e+00 -1.708821105933010287e+00 1.229536813255090566e+00 -2.814992864975635056e-01 2.221598622772352094e+00 1.258123713726518211e+00
2.862134996012547505e-01 8.626916689213199874e-01 2.923396533764868632e+00 -1.708821105933010287e+00 1.229536813255090566e+00 -2.814992864854758414e-01 2.221598622772352094e+00 1.258123713726518211e+00
2.862134996012547505e-01 8.626916689213199874e-01 2.923396533764868632e+00 -1.708821105933010287e+00 1.229536813255090566e+00 -2.814992864854758414e-01 3.221598622772352094e+00 1.258123713726518211e+00
2.862134996012547505e-01 8.626916689213199874e-01 2.923396533764868632e+00 -1.708821105933010287e+00 1.229536813255090566e+00 -2.814992864854758414e-01 6.035646227723521218e-01 1.258123713726518211e+00
2.862134996012547505e-01 8.626916689213199874e-01 2.923396533764868632e+00 -1.708821105933010287e+00 1.229536813255090566e+00 -2.814992864854758414e-01 2.221598622772352094e+00 1.258123713726518211e+00
2.862134996012547505e-01 8.626916689213199874e-01 2.923396533764868632e+00 -1.708821105933010287e+00 1.229536813255090566e+00 -2.814992864854758414e-01 1.603564647928352072e+00 1.258123713726518211e+00
2.862134996012547505e-01 8.626916689213199874e-01 2.923396533764868632e+00 -1.708821105933010287e+00 1.229536813255090566e+00 -2.814992864854758414e-01 2.603564622772352344e+00 1.258123713726518211e+00
2.862134996012547505e-01 8.626916689213199874e-01 2.923396533764868632e+00 -1.708821105933010287e+00 1.229536813255090566e+00 -2.814992864854758414e-01 2.155649863549554901e+00 1.258123713726518211e+00
2.862134996012547505e-01 8.626916689213199874e-01 2.923396533764868632e+00 -1.708821105933010287e+00 1.229536813255090566e+00 -2.814992864854758414e-01 2.196521123131126796e+00 1.258123713726518211e+00
2.862134996012547505e-01 8.626916689213199874e-01 2.923396533764868632e+00 -1.708821105933010287e+00 1.229536813255090566e+00 -2.814992864854758414e-01 2.190259069671343095e+00 1.258123713726518211e+00
2.862134996012547505e-01 8.626916689213199874e-01 2.923396533764868632e+00 -1.708821105933010287e+00 1.229536813255090566e+00 -2.814992864854758414e-01 2.205849618341459095e+00 1.258123713726518211e+00
2.862134996012547505e-01 8.626916689213199874e-01 2.923396533764868632e+00 -1.708821105933010287e+00 1.229536813255090566e+00 -2.814992864854758414e-01 2.200084291132636594e+00 1.258123713726518211e+00
2.862134996012547505e-01 8.626916689213199874e-01 2.923396533764868632e+00 -1.708821105933010287e+00 1.229536813255090566e+00 -2.814992864854758414e-01 2.200299434459033421e+00 1.258123713726518211e+00
2.862134996012547505e-01 8.626916689213199874e-01 2.923396533764868632e+00 -1.708821105933010287e+00 1.229536813255090566e+00 -2.814992864854758414e-01 2.199869147806239322e+00 1.258123713726518211e+00
2.862134996012547505e-01 8.626916689213199874e-01 2.923396533764868632e+00 -1.708821105933010287e+00 1.229536813255090566e+00 -2.814992864854758414e-01 2.200084291132636594e+00 1.258123713726518211e+00
2.862134996012547505e-01 8.626916689213199874e-01 2.923396533764868632e+00 -1.708821105933010287e+00 1.229536813255090566e+00 -2.814992864854758414e-01 2.200084291132636594e+00 2.258123713726518211e+00
2.862134996012547505e-01 8.626916689213199874e-01 2.923396533764868632e+00 -1.708821105933010287e+00 1.229536813255090566e+00 -2.814992864854758414e-01 2.200084291132636594e+00 -3.599102862734817609e-01
2.862134996012547505e-01 8.626916689213199874e-01 2.923396533764868632e+00 -1.708821105933010287e+00 1.229536813255090566e+00 -2.814992864854758414e-01 2.200084291132636594e+00 1.258123713726518211e+00
2.862134996012547505e-01 8.626916689213199874e-01 2.923396533764868632e+00 -1.708821105933010287e+00 1.229536813255090566e+00 -2.814992864854758414e-01 2.200084291132636594e+00 6.400897388825181888e-01
2.862134996012547505e-01 8.626916689213199874e-01 2.923396533764868632e+00 -1.708821105933010287e+00 1.229536813255090566e+00 -2.814992864854758414e-01 2.200084291132636594e+00 1.640089713726518239e+00
2.862134996012547505e-01 8.626916689213199874e-01 2.923396533764868632e+00 -1.708821105933010287e+00 1.229536813255090566e+00 -2.814992864854758414e-01 2.200084291132636594e+00 1.287961516054805022e+00
2.862134996012547505e-01 8.626916689213199874e-01 2.923396533764868632e+00 -1.708821105933010287e+00 1.229536813255090566e+00 -2.814992864854758414e-01 2.200084291132636594e+00 1.022055748491254912e+00
2.862134996012547505e-01 8.626916689213199874e-01 2.923396533764868632e+00 -1.708821105933010287e+00 1.229536813255090566e+00 -2.814992864854758414e-01 2.200084291132636594e+00 1.181117668111648644e+00
2.862134996012547505e-01 8.626916689213199874e-01 2.923396533764868632e+00 -1.708821105933010287e+00 1.229536813255090566e+00 -2.814992864854758414e-01 2.200084291132636594e+00 1.247248096370326520e+00
2.862134996012547505e-01 8.626916689213199874e-01 2.923396533764868632e+00 -1.708821105933010287e+00 1.229536813255090566e+00 -2.814992864854758414e-01 2.200084291132636594e+00 1.269766629916350364e+00
2.862134996012547505e-01 8.626916689213199874e-01 2.923396533764868632e+00 -1.708821105933010287e+00 1.229536813255090566e+00 -2.814992864854758414e-01 2.200084291132636594e+00 1.262570911851883748e+00
2.862134996012547505e-01 8.626916689213199874e-01 2.923396533764868632e+00 -1.708821105933010287e+00 1.229536813255090566e+00 -2.814992864854758414e-01 2.200084291132636594e+00 1.253969597667443203e+00
2.862134996012547505e-01 8.626916689213199874e-01 2.923396533764868632e+00 -1.708821105933010287e+00 1.229536813255090566e+00 -2.814992864854758414e-01 2.200084291132636594e+00 1.251402212702988681e+00
2.862134996012547505e-01 8.626916689213199874e-01 2.923396533764868632e+00 -1.708821105933010287e+00 1.229536813255090566e+00 -2.814992864854758414e-01 2.200084291132636594e+00 1.248385034565129281e+00
2.862134996012547505e-01 8.626916689213199874e-01 2.923396533764868632e+00 -1.708821105933010287e+00 1.229536813255090566e+00 -2.814992864854758414e-01 2.200084291132636594e+00 1.249537494029734797e+00
2.862134996012547505e-01 8.626916689213199874e-01 2.923396533764868632e+00 -1.708821105933010287e+00 1.229536813255090566e+00 -2.814992864854758414e-01 2.200084291132636594e+00 1.248825234896986824e+00
2.862134996012547505e-01 8.626916689213199874e-01 2.923396533764868632e+00 -1.708821105933010287e+00 1.229536813255090566e+00 -2.814992864854758414e-01 2.200084291132636594e+00 1.247950762830613236e+00
2.862134996012547505e-01 8.626916689213199874e-01 2.923396533764868632e+00 -1.708821105933010287e+00 1.229536813255090566e+00 -2.814992864854758414e-01 2.200084291132636594e+00 1.248482739306362443e+00
2.862134996012547505e-01 8.626916689213199874e-01 2.923396533764868632e+00 -1.708821105933010287e+00 1.229536813255090566e+00 -2.814992864854758414e-01 2.200084291132636594e+00 1.248219157527783230e+00
