1.270270246687688065e-01 -2.173358406286709510e+00 1.990480555931111617e+00 2.631700201407344508e+00 -1.243467743913285739e+00 -1.132453412974698814e+00 -9.792772889633569733e-01 -1.888465120052468249e+00
1.270270246687688065e-01 -2.173358406286709510e+00 1.990480555931111617e+00 2.631700201407344508e+00 -1.243467743913285739e+00 -1.132453412974698814e+00 -9.792772889633569733e-01 -1.888465120052468249e+00
1.127027024668768806e+00 -2.173358406286709510e+00 1.990480555931111617e+00 2.631700201407344508e+00 -1.243467743913285739e+00 -1.132453412974698814e+00 -9.792772889633569733e-01 -1.888465120052468249e+00
2.745061024668768557e+00 -2.173358406286709510e+00 1.990480555931111617e+00 2.631700201407344508e+00 -1.243467743913285739e+00 -1.132453412974698814e+00 -9.792772889633569733e-01 -1.888465120052468249e+00
1.127027024668768806e+00 -2.173358406286709510e+00 1.990480555931111617e+00 2.631700201407344508e+00 -1.243467743913285739e+00 -1.132453412974698814e+00 -9.792772889633569733e-01 -1.888465120052468249e+00
1.745060999512768607e+00 -2.173358406286709510e+00 1.990480555931111617e+00 2.631700201407344508e+00 -1.243467743913285739e+00 -1.132453412974698814e+00 -9.792772889633569733e-01 -1.888465120052468249e+00
2.127027009121505330e+00 -2.173358406286709510e+00 1.990480555931111617e+00 2.631700201407344508e+00 -1.243467743913285739e+00 -1.132453412974698814e+00 -9.792772889633569733e-01 -1.888465120052468249e+00
1.592990559551025198e+00 -2.173358406286709510e+00 1.990480555931111617e+00 2.631700201407344508e+00 -1.243467743913285739e+00 -1.132453412974698814e+00 -9.792772889633569733e-01 -1.888465120052468249e+00
1.890959028338979442e+00 -2.173358406286709510e+00 1.990480555931111617e+00 2.631700201407344508e+00 -1.243467743913285739e+00 -1.132453412974698814e+00 -9.792772889633569733e-01 -1.888465120052468249e+00
1.981128970686557800e+00 -2.173358406286709510e+00 1.990480555931111617e+00 2.631700201407344508e+00 -1.243467743913285739e+00 -1.132453412974698814e+00 -9.792772889633569733e-01 -1.888465120052468249e+00
1.873319708292277230e+00 -2.173358406286709510e+00 1.990480555931111617e+00 2.631700201407344508e+00 -1.243467743913285739e+00 -1.132453412974698814e+00 -9.792772889633569733e-01 -1.888465120052468249e+00
1.855856781446042048e+00 -2.173358406286709510e+00 1.990480555931111617e+00 2.631700201407344508e+00 -1.243467743913285739e+00 -1.132453412974698814e+00 -9.792772889633569733e-01 -1.888465120052468249e+00
1.873319708292277230e+00 -2.173358406286709510e+00 1.990480555931111617e+00 2.631700201407344508e+00 -1.243467743913285739e+00 -1.132453412974698814e+00 -9.792772889633569733e-01 -1.888465120052468249e+00
1.873319708292277230e+00 -1.173358406286709510e+00 1.990480555931111617e+00 2.631700201407344508e+00 -1.243467743913285739e+00 -1.132453412974698814e+00 -9.792772889633569733e-01 -1.888465120052468249e+00
1.873319708292277230e+00 -3.791392406286709260e+00 1.990480555931111617e+00 2.631700201407344508e+00 -1.243467743913285739e+00 -1.132453412974698814e+00 -9.792772889633569733e-01 -1.888465120052468249e+00
1.873319708292277230e+00 -2.173358406286709510e+00 1.990480555931111617e+00 2.631700201407344508e+00 -1.243467743913285739e+00 -1.132453412974698814e+00 -9.792772889633569733e-01 -1.888465120052468249e+00
1.873319708292277230e+00 -2.791392381130709310e+00 1.990480555931111617e+00 2.631700201407344508e+00 -1.243467743913285739e+00 -1.132453412974698814e+00 -9.792772889633569733e-01 -1.888465120052468249e+00
1.873319708292277230e+00 -1.791392406286709482e+00 1.990480555931111617e+00 2.631700201407344508e+00 -1.243467743913285739e+00 -1.132453412974698814e+00 -9.792772889633569733e-01 -1.888465120052468249e+00
1.873319708292277230e+00 -1.702302354922798022e+00 1.990480555931111617e+00 2.631700201407344508e+00 -1.243467743913285739e+00 -1.132453412974698814e+00 -9.792772889633569733e-01 -1.888465120052468249e+00
1.873319708292277230e+00 -1.500263750638065829e+00 1.990480555931111617e+00 2.631700201407344508e+00 -1.243467743913285739e+00 -1.132453412974698814e+00 -9.792772889633569733e-01 -1.888465120052468249e+00
1.873319708292277230e+00 -1.689935736580546077e+00 1.990480555931111617e+00 2.631700201407344508e+00 -1.243467743913285739e+00 -1.132453412974698814e+00 -9.792772889633569733e-01 -1.888465120052468249e+00
1.873319708292277230e+00 -1.744517497674467066e+00 1.990480555931111617e+00 2.631700201407344508e+00 -1.243467743913285739e+00 -1.132453412974698814e+00 -9.792772889633569733e-01 -1.888465120052468249e+00
1.873319708292277230e+00 -1.718427104139081951e+00 1.990480555931111617e+00 2.631700201407344508e+00 -1.243467743913285739e+00 -1.132453412974698814e+00 -9.792772889633569733e-01 -1.888465120052468249e+00
1.873319708292277230e+00 -1.708461460881945282e+00 1.990480555931111617e+00 2.631700201407344508e+00 -1.243467743913285739e+00 -1.132453412974698814e+00 -9.792772889633569733e-01 -1.888465120052468249e+00
1.873319708292277230e+00 -1.697578727181081382e+00 1.990480555931111617e+00 2.631700201407344508e+00 -1.243467743913285739e+00 -1.132453412974698814e+00 -9.792772889633569733e-01 -1.888465120052468249e+00
1.873319708292277230e+00 -1.702302354922798022e+00 1.990480555931111617e+00 2.631700201407344508e+00 -1.243467743913285739e+00 -1.132453412974698814e+00 -9.792772889633569733e-01 -1.888465120052468249e+00
1.873319708292277230e+00 -1.702302354922798022e+00 2.990480555931111617e+00 2.631700201407344508e+00 -1.243467743913285739e+00 -1.132453412974698814e+00 -9.792772889633569733e-01 -1.888465120052468249e+00
1.873319708292277230e+00 -1.702302354922798022e+00 4.608514555931111367e+00 2.631700201407344508e+00 -1.243467743913285739e+00 -1.132453412974698814e+00 -9.792772889633569733e-01 -1.888465120052468249e+00
1.873319708292277230e+00 -1.702302354922798022e+00 2.990480555931111617e+00 2.631700201407344508e+00 -1.243467743913285739e+00 -1.132453412974698814e+00 -9.792772889633569733e-01 -1.888465120052468249e+00
1.873319708292277230e+00 -1.702302354922798022e+00 3.608514530775111417e+00 2.631700201407344508e+00 -1.243467743913285739e+00 -1.132453412974698814e+00 -9.792772889633569733e-01 -1.888465120052468249e+00
1.873319708292277230e+00 -1.702302354922798022e+00 2.608514555931111367e+00 2.631700201407344508e+00 -1.243467743913285739e+00 -1.132453412974698814e+00 -9.792772889633569733e-01 -1.888465120052468249e+00
1.873319708292277230e+00 -1.702302354922798022e+00 3.000480555941111405e+00 2.631700201407344508e+00 -1.243467743913285739e+00 -1.132453412974698814e+00 -9.792772889633569733e-01 -1.888465120052468249e+00
1.873319708292277230e+00 -1.702302354922798022e+00 2.833270586268032964e+00 2.631700201407344508e+00 -1.243467743913285739e+00 -1.132453412974698814e+00 -9.792772889633569733e-01 -1.888465120052468249e+00
1.873319708292277230e+00 -1.702302354922798022e+00 2.747421424384360655e+00 2.631700201407344508e+00 -1.243467743913285739e+00 -1.132453412974698814e+00 -9.792772889633569733e-01 -1.888465120052468249e+00
1.873319708292277230e+00 -1.702302354922798022e+00 2.904559758323778773e+00 2.631700201407344508e+00 -1.243467743913285739e+00 -1.132453412974698814e+00 -9.792772889633569733e-01 -1.888465120052468249e+00
1.873319708292277230e+00 -1.702302354922798022e+00 2.800479125299974115e+00 2.631700201407344508e+00 -1.243467743913285739e+00 -1.132453412974698814e+00 -9.792772889633569733e-01 -1.888465120052468249e+00
1.873319708292277230e+00 -1.702302354922798022e+00 2.860500626161478266e+00 2.631700201407344508e+00 -1.243467743913285739e+00 -1.132453412974698814e+00 -9.792772889633569733e-01 -1.888465120052468249e+00
1.873319708292277230e+00 -1.702302354922798022e+00 2.820745363087907798e+00 2.631700201407344508e+00 -1.243467743913285739e+00 -1.132453412974698814e+00 -9.792772889633569733e-01 -1.888465120052468249e+00
1.873319708292277230e+00 -1.702302354922798022e+00 2.843671535685972529e+00 2.631700201407344508e+00 -1.243467743913285739e+00 -1.132453412974698814e+00 -9.792772889633569733e-01 -1.888465120052468249e+00
1.873319708292277230e+00 -1.702302354922798022e+00 2.833270586268032964e+00 2.631700201407344508e+00 -1.243467743913285739e+00 -1.132453412974698814e+00 -9.792772889633569733e-01 -1.888465120052468249e+00
1.873319708292277230e+00 -1.702302354922798022e+00 2.833270586268032964e+00 3.631700201407344508e+00 -1.243467743913285739e+00 -1.132453412974698814e+00 -9.792772889633569733e-01 -1.888465120052468249e+00
1.873319708292277230e+00 -1.702302354922798022e+00 2.833270586268032964e+00 1.013666201407344536e+00 -1.243467743913285739e+00 -1.132453412974698814e+00 -9.792772889633569733e-01 -1.888465120052468249e+00
1.873319708292277230e+00 -1.702302354922798022e+00 2.833270586268032964e+00 2.631700201407344508e+00 -1.243467743913285739e+00 -1.132453412974698814e+00 -9.792772889633569733e-01 -1.888465120052468249e+00
1.873319708292277230e+00 -1.702302354922798022e+00 2.833270586268032964e+00 2.013666226563344708e+00 -1.243467743913285739e+00 -1.132453412974698814e+00 -9.792772889633569733e-01 -1.888465120052468249e+00
1.873319708292277230e+00 -1.702302354922798022e+00 2.833270586268032964e+00 3.013666201407344758e+00 -1.243467743913285739e+00 -1.132453412974698814e+00 -9.792772889633569733e-01 -1.888465120052468249e+00
1.873319708292277230e+00 -1.702302354922798022e+00 2.833270586268032964e+00 2.420230596029917525e+00 -1.243467743913285739e+00 -1.132453412974698814e+00 -9.792772889633569733e-01 -1.888465120052468249e+00
1.873319708292277230e+00 -1.702302354922798022e+00 2.833270586268032964e+00 2.777598226563344319e+00 -1.243467743913285739e+00 -1.132453412974698814e+00 -9.792772889633569733e-01 -1.888465120052468249e+00
1.873319708292277230e+00 -1.702302354922798022e+00 2.833270586268032964e+00 2.630255257912900380e+00 -1.243467743913285739e+00 -1.132453412974698814e+00 -9.792772889633569733e-01 -1.888465120052468249e+00
1.873319708292277230e+00 -1.702302354922798022e+00 2.833270586268032964e+00 2.550032977912104926e+00 -1.243467743913285739e+00 -1.132453412974698814e+00 -9.792772889633569733e-01 -1.888465120052468249e+00
1.873319708292277230e+00 -1.702302354922798022e+00 2.833270586268032964e+00 2.592645733089964377e+00 -1.243467743913285739e+00 -1.132453412974698814e+00 -9.792772889633569733e-01 -1.888465120052468249e+00
1.873319708292277230e+00 -1.702302354922798022e+00 2.833270586268032964e+00 2.611903548293651678e+00 -1.243467743913285739e+00 -1.132453412974698814e+00 -9.792772889633569733e-01 -1.888465120052468249e+00
1.873319708292277230e+00 -1.702302354922798022e+00 2.833270586268032964e+00 2.623245528796474435e+00 -1.243467743913285739e+00 -1.132453412974698814e+00 -9.792772889633569733e-01 -1.888465120052468249e+00
1.873319708292277230e+00 -1.702302354922798022e+00 2.833270586268032964e+00 2.627577779721215645e+00 -1.243467743913285739e+00 -1.132453412974698814e+00 -9.792772889633569733e-01 -1.888465120052468249e+00
1.873319708292277230e+00 -1.702302354922798022e+00 2.833270586268032964e+00 2.629232552277935397e+00 -1.243467743913285739e+00 -1.132453412974698814e+00 -9.792772889633569733e-01 -1.888465120052468249e+00
1.873319708292277230e+00 -1.702302354922798022e+00 2.833270586268032964e+00 2.630807177199699254e+00 -1.243467743913285739e+00 -1.132453412974698814e+00 -9.792772889633569733e-01 -1.888465120052468249e+00
1.873319708292277230e+00 -1.702302354922798022e+00 2.833270586268032964e+00 2.629864619132335601e+00 -1.243467743913285739e+00 -1.132453412974698814e+00 -9.792772889633569733e-01 -1.888465120052468249e+00
1.873319708292277230e+00 -1.702302354922798022e+00 2.833270586268032964e+00 2.630466072315202020e+00 -1.243467743913285739e+00 -1.132453412974698814e+00 -9.792772889633569733e-01 -1.888465120052468249e+00
1.873319708292277230e+00 -1.702302354922798022e+00 2.833270586268032964e+00 2.630106047180443163e+00 -1.243467743913285739e+00 -1.132453412974698814e+00 -9.792772889633569733e-01 -1.888465120052468249e+00
1.873319708292277230e+00 -1.702302354922798022e+00 2.833270586268032964e+00 2.630335781846889986e+00 -1.243467743913285739e+00 -1.132453412974698814e+00 -9.792772889633569733e-01 -1.888465120052468249e+00
1.873319708292277230e+00 -1.702302354922798022e+00 2.833270586268032964e+00 2.630198264486266702e+00 -1.243467743913285739e+00 -1.132453412974698814e+00 -9.792772889633569733e-01 -1.888465120052468249e+00
1.873319708292277230e+00 -1.702302354922798022e+00 2.833270586268032964e+00 2.630286015317870874e+00 -1.243467743913285739e+00 -1.132453412974698814e+00 -9.792772889633569733e-01 -1.888465120052468249e+00
1.873319708292277230e+00 -1.702302354922798022e+00 2.833270586268032964e+00 2.630233488361703120e+00 -1.243467743913285739e+00 -1.132453412974698814e+00 -9.792772889633569733e-01 -1.888465120052468249e+00
1.873319708292277230e+00 -1.702302354922798022e+00 2.833270586268032964e+00 2.630269707357844933e+00 -1.243467743913285739e+00 -1.132453412974698814e+00 -9.792772889633569733e-01 -1.888465120052468249e+00
1.873319708292277230e+00 -1.702302354922798022e+00 2.833270586268032964e+00 2.630255257912900380e+00 -1.243467743913285739e+00 -1.132453412974698814e+00 -9.792772889633569733e-01 -1.888465120052468249e+00
1.873319708292277230e+00 -1.702302354922798022e+00 2.833270586268032964e+00 2.630255257912900380e+00 -2.434677439132857391e-01 -1.132453412974698814e+00 -9.792772889633569733e-01 -1.888465120052468249e+00
1.873319708292277230e+00 -1.702302354922798022e+00 2.833270586268032964e+00 2.630255257912900380e+00 -2.861501743913285711e+00 -1.132453412974698814e+00 -9.792772889633569733e-01 -1.888465120052468249e+00
1.873319708292277230e+00 -1.702302354922798022e+00 2.833270586268032964e+00 2.630255257912900380e+00 -1.243467743913285739e+00 -1.132453412974698814e+00 -9.792772889633569733e-01 -1.888465120052468249e+00
1.873319708292277230e+00 -1.702302354922798022e+00 2.833270586268032964e+00 2.630255257912900380e+00 -1.861501718757285762e+00 -1.132453412974698814e+00 -9.792772889633569733e-01 -1.888465120052468249e+00
1.873319708292277230e+00 -1.702302354922798022e+00 2.833270586268032964e+00 2.630255257912900380e+00 -8.615017439132857113e-01 -1.132453412974698814e+00 -9.792772889633569733e-01 -1.888465120052468249e+00
1.873319708292277230e+00 -1.702302354922798022e+00 2.833270586268032964e+00 2.630255257912900380e+00 -1.238196890000417660e+00 -1.132453412974698814e+00 -9.792772889633569733e-01 -1.888465120052468249e+00
1.873319708292277230e+00 -1.702302354922798022e+00 2.833270586268032964e+00 2.630255257912900380e+00 -1.479535709148549039e+00 -1.132453412974698814e+00 -9.792772889633569733e-01 -1.888465120052468249e+00
1.873319708292277230e+00 -1.702302354922798022e+00 2.833270586268032964e+00 2.630255257912900380e+00 -1.377885623745788601e+00 -1.132453412974698814e+00 -9.792772889633569733e-01 -1.888465120052468249e+00
1.873319708292277230e+00 -1.702302354922798022e+00 2.833270586268032964e+00 2.630255257912900380e+00 -1.625433737974759874e+00 -1.132453412974698814e+00 -9.792772889633569733e-01 -1.888465120052468249e+00
1.873319708292277230e+00 -1.702302354922798022e+00 2.833270586268032964e+00 2.630255257912900380e+00 -1.535263795627181516e+00 -1.132453412974698814e+00 -9.792772889633569733e-01 -1.888465120052468249e+00
1.873319708292277230e+00 -1.702302354922798022e+00 2.833270586268032964e+00 2.630255257912900380e+00 -1.440708832627598301e+00 -1.132453412974698814e+00 -9.792772889633569733e-01 -1.888465120052468249e+00
1.873319708292277230e+00 -1.702302354922798022e+00 2.833270586268032964e+00 2.630255257912900380e+00 -1.500821943428446437e+00 -1.132453412974698814e+00 -9.792772889633569733e-01 -1.888465120052468249e+00
1.873319708292277230e+00 -1.702302354922798022e+00 2.833270586268032964e+00 2.630255257912900380e+00 -1.464705162431347629e+00 -1.132453412974698814e+00 -9.792772889633569733e-01 -1.888465120052468249e+00
1.873319708292277230e+00 -1.702302354922798022e+00 2.833270586268032964e+00 2.630255257912900380e+00 -1.487666326911504244e+00 -1.132453412974698814e+00 -9.792772889633569733e-01 -1.888465120052468249e+00
1.873319708292277230e+00 -1.702302354922798022e+00 2.833270586268032964e+00 2.630255257912900380e+00 -1.475310158951464556e+00 -1.132453412974698814e+00 -9.792772889633569733e-01 -1.888465120052468249e+00
1.873319708292277230e+00 -1.702302354922798022e+00 2.833270586268032964e+00 2.630255257912900380e+00 -1.482641328692994032e+00 -1.132453412974698814e+00 -9.792772889633569733e-01 -1.888465120052468249e+00
1.873319708292277230e+00 -1.702302354922798022e+00 2.833270586268032964e+00 2.630255257912900380e+00 -1.479535709148549039e+00 -1.132453412974698814e+00 -9.792772889633569733e-01 -1.888465120052468249e+00
1.873319708292277230e+00 -1.702302354922798022e+00 2.833270586268032964e+00 2.630255257912900380e+00 -1.479535709148549039e+00 -1.324534129746988143e-01 -9.792772889633569733e-01 -1.888465120052468249e+00
1.873319708292277230e+00 -1.702302354922798022e+00 2.833270586268032964e+00 2.630255257912900380e+00 -1.479535709148549039e+00 1.485580587025300936e+00 -9.792772889633569733e-01 -1.888465120052468249e+00
1.873319708292277230e+00 -1.702302354922798022e+00 2.833270586268032964e+00 2.630255257912900380e+00 -1.479535709148549039e+00 -1.324534129746988143e-01 -9.792772889633569733e-01 -1.888465120052468249e+00
1.873319708292277230e+00 -1.702302354922798022e+00 2.833270586268032964e+00 2.630255257912900380e+00 -1.479535709148549039e+00 4.855805618693009862e-01 -9.792772889633569733e-01 -1.888465120052468249e+00
1.873319708292277230e+00 -1.702302354922798022e+00 2.833270586268032964e+00 2.630255257912900380e+00 -1.479535709148549039e+00 -5.144194129746988420e-01 -9.792772889633569733e-01 -1.888465120052468249e+00
1.873319708292277230e+00 -1.702302354922798022e+00 2.833270586268032964e+00 2.630255257912900380e+00 -1.479535709148549039e+00 -5.230369427754011369e-02 -9.792772889633569733e-01 -1.888465120052468249e+00
1.873319708292277230e+00 -1.702302354922798022e+00 2.833270586268032964e+00 2.630255257912900380e+00 -1.479535709148549039e+00 -9.868895053951098895e-02 -9.792772889633569733e-01 -1.888465120052468249e+00
1.873319708292277230e+00 -1.702302354922798022e+00 2.833270586268032964e+00 2.630255257912900380e+00 -1.479535709148549039e+00 -2.783514381306988472e-01 -9.792772889633569733e-01 -1.888465120052468249e+00
1.873319708292277230e+00 -1.702302354922798022e+00 2.833270586268032964e+00 2.630255257912900380e+00 -1.479535709148549039e+00 -1.881814980514355806e-01 -9.792772889633569733e-01 -1.888465120052468249e+00
1.873319708292277230e+00 -1.702302354922798022e+00 2.833270586268032964e+00 2.630255257912900380e+00 -1.479535709148549039e+00 -1.537396467191196603e-01 -9.792772889633569733e-01 -1.888465120052468249e+00
1.873319708292277230e+00 -1.702302354922798022e+00 2.833270586268032964e+00 2.630255257912900380e+00 -1.479535709148549039e+00 -1.668952629051190240e-01 -9.792772889633569733e-01 -1.888465120052468249e+00
1.873319708292277230e+00 -1.702302354922798022e+00 2.833270586268032964e+00 2.630255257912900380e+00 -1.479535709148549039e+00 -1.439525090465638701e-01 -9.792772889633569733e-01 -1.888465120052468249e+00
1.873319708292277230e+00 -1.702302354922798022e+00 2.833270586268032964e+00 2.630255257912900380e+00 -1.479535709148549039e+00 -1.537396467191196603e-01 -9.792772889633569733e-01 -1.888465120052468249e+00
1.873319708292277230e+00 -1.702302354922798022e+00 2.833270586268032964e+00 2.630255257912900380e+00 -1.479535709148549039e+00 -1.537396467191196603e-01 2.072271103664302672e-02 -1.888465120052468249e+00
1.873319708292277230e+00 -1.702302354922798022e+00 2.833270586268032964e+00 2.630255257912900380e+00 -1.479535709148549039e+00 -1.537396467191196603e-01 -2.597311288963356724e+00 -1.888465120052468249e+00
1.873319708292277230e+00 -1.702302354922798022e+00 2.833270586268032964e+00 2.630255257912900380e+00 -1.479535709148549039e+00 -1.537396467191196603e-01 -9.792772889633569733e-01 -1.888465120052468249e+00
1.873319708292277230e+00 -1.702302354922798022e+00 2.833270586268032964e+00 2.630255257912900380e+00 -1.479535709148549039e+00 -1.537396467191196603e-01 -1.597311263807356996e+00 -1.888465120052468249e+00
1.873319708292277230e+00 -1.702302354922798022e+00 2.833270586268032964e+00 2.630255257912900380e+00 -1.479535709148549039e+00 -1.537396467191196603e-01 -5.973112889633569456e-01 -1.888465120052468249e+00
1.873319708292277230e+00 -1.702302354922798022e+00 2.833270586268032964e+00 2.630255257912900380e+00 -1.479535709148549039e+00 -1.537396467191196603e-01 -1.190775923480764886e+00 -1.888465120052468249e+00
1.873319708292277230e+00 -1.702302354922798022e+00 2.833270586268032964e+00 2.630255257912900380e+00 -1.479535709148549039e+00 -1.537396467191196603e-01 -8.333792638073569403e-01 -1.888465120052468249e+00
1.873319708292277230e+00 -1.702302354922798022e+00 2.833270586268032964e+00 2.630255257912900380e+00 -1.479535709148549039e+00 -1.537396467191196603e-01 -9.744711047780552082e-01 -1.888465120052468249e+00
1.873319708292277230e+00 -1.702302354922798022e+00 2.833270586268032964e+00 2.630255257912900380e+00 -1.479535709148549039e+00 -1.537396467191196603e-01 -1.060062576395433220e+00 -1.888465120052468249e+00
1.873319708292277230e+00 -1.702302354922798022e+00 2.833270586268032964e+00 2.630255257912900380e+00 -1.479535709148549039e+00 -1.537396467191196603e-01 -1.008192338607139860e+00 -1.888465120052468249e+00
1.873319708292277230e+00 -1.702302354922798022e+00 2.833270586268032964e+00 2.630255257912900380e+00 -1.479535709148549039e+00 -1.537396467191196603e-01 -9.892464696500755661e-01 -1.888465120052468249e+00
1.873319708292277230e+00 -1.702302354922798022e+00 2.833270586268032964e+00 2.630255257912900380e+00 -1.479535709148549039e+00 -1.537396467191196603e-01 -9.807926605894530248e-01 -1.888465120052468249e+00
1.873319708292277230e+00 -1.702302354922798022e+00 2.833270586268032964e+00 2.630255257912900380e+00 -1.479535709148549039e+00 -1.537396467191196603e-01 -9.774414900148340468e-01 -1.888465120052468249e+00
1.873319708292277230e+00 -1.702302354922798022e+00 2.833270586268032964e+00 2.630255257912900380e+00 -1.479535709148549039e+00 -1.537396467191196603e-01 -9.780623385911666468e-01 -1.888465120052468249e+00
1.873319708292277230e+00 -1.702302354922798022e+00 2.833270586268032964e+00 2.630255257912900380e+00 -1.479535709148549039e+00 -1.537396467191196603e-01 -9.763069038474825323e-01 -1.888465120052468249e+00
1.873319708292277230e+00 -1.702302354922798022e+00 2.833270586268032964e+00 2.630255257912900380e+00 -1.479535709148549039e+00 -1.537396467191196603e-01 -9.770081166748354473e-01 -1.888465120052468249e+00
1.873319708292277230e+00 -1.702302354922798022e+00 2.833270586268032964e+00 2.630255257912900380e+00 -1.479535709148549039e+00 -1.537396467191196603e-01 -9.776786330621414223e-01 -1.888465120052468249e+00
1.873319708292277230e+00 -1.702302354922798022e+00 2.833270586268032964e+00 2.630255257912900380e+00 -1.479535709148549039e+00 -1.537396467191196603e-01 -9.772759561336481493e-01 -1.888465120052468249e+00
1.873319708292277230e+00 -1.702302354922798022e+00 2.833270586268032964e+00 2.630255257912900380e+00 -1.479535709148549039e+00 -1.537396467191196603e-01 -9.771736505669232908e-01 -1.888465120052468249e+00
1.873319708292277230e+00 -1.702302354922798022e+00 2.833270586268032964e+00 2.630255257912900380e+00 -1.479535709148549039e+00 -1.537396467191196603e-01 -9.771104222482980273e-01 -1.888465120052468249e+00
1.873319708292277230e+00 -1.702302354922798022e+00 2.833270586268032964e+00 2.630255257912900380e+00 -1.479535709148549039e+00 -1.537396467191196603e-01 -9.772127278150228857e-01 -1.888465120052468249e+00
1.873319708292277230e+00 -1.702302354922798022e+00 2.833270586268032964e+00 2.630255257912900380e+00 -1.479535709148549039e+00 -1.537396467191196603e-01 -9.771494994989712302e-01 -1.888465120052468249e+00
1.873319708292277230e+00 -1.702302354922798022e+00 2.833270586268032964e+00 2.630255257912900380e+00 -1.479535709148549039e+00 -1.537396467191196603e-01 -9.771736505669232908e-01 -1.888465120052468249e+00
1.873319708292277230e+00 -1.702302354922798022e+00 2.833270586268032964e+00 2.630255257912900380e+00 -1.479535709148549039e+00 -1.537396467191196603e-01 -9.771736505669232908e-01 -8.884651200524682491e-01
1.873319708292277230e+00 -1.702302354922798022e+00 2.833270586268032964e+00 2.630255257912900380e+00 -1.479535709148549039e+00 -1.537396467191196603e-01 -9.771736505669232908e-01 -3.506499120052468221e+00
1.873319708292277230e+00 -1.702302354922798022e+00 2.833270586268032964e+00 2.630255257912900380e+00 -1.479535709148549039e+00 -1.537396467191196603e-01 -9.771736505669232908e-01 -1.888465120052468249e+00
1.873319708292277230e+00 -1.702302354922798022e+00 2.833270586268032964e+00 2.630255257912900380e+00 -1.479535709148549039e+00 -1.537396467191196603e-01 -9.771736505669232908e-01 -2.506499094896468272e+00
1.873319708292277230e+00 -1.702302354922798022e+00 2.833270586268032964e+00 2.630255257912900380e+00 -1.479535709148549039e+00 -1.537396467191196603e-01 -9.771736505669232908e-01 -1.506499120052468221e+00
1.873319708292277230e+00 -1.702302354922798022e+00 2.833270586268032964e+00 2.630255257912900380e+00 -1.479535709148549039e+00 -1.537396467191196603e-01 -9.771736505669232908e-01 -1.270431145208468227e+00
1.873319708292277230e+00 -1.702302354922798022e+00 2.833270586268032964e+00 2.630255257912900380e+00 -1.479535709148549039e+00 -1.537396467191196603e-01 -9.771736505669232908e-01 -1.633169472900956931e+00
1.873319708292277230e+00 -1.702302354922798022e+00 2.833270586268032964e+00 2.630255257912900380e+00 -1.479535709148549039e+00 -1.537396467191196603e-01 -9.771736505669232908e-01 -1.652721396609685645e+00
1.873319708292277230e+00 -1.702302354922798022e+00 2.833270586268032964e+00 2.630255257912900380e+00 -1.479535709148549039e+00 -1.537396467191196603e-01 -9.771736505669232908e-01 -1.600572263005745732e+00
1.873319708292277230e+00 -1.702302354922798022e+00 2.833270586268032964e+00 2.630255257912900380e+00 -1.479535709148549039e+00 -1.537396467191196603e-01 -9.771736505669232908e-01 -1.625520130850647504e+00
1.873319708292277230e+00 -1.702302354922798022e+00 2.833270586268032964e+00 2.630255257912900380e+00 -1.479535709148549039e+00 -1.537396467191196603e-01 -9.771736505669232908e-01 -1.639961559149922143e+00
1.873319708292277230e+00 -1.702302354922798022e+00 2.833270586268032964e+00 2.630255257912900380e+00 -1.479535709148549039e+00 -1.537396467191196603e-01 -9.771736505669232908e-01 -1.630247684315368373e+00
1.873319708292277230e+00 -1.702302354922798022e+00 2.833270586268032964e+00 2.630255257912900380e+00 -1.479535709148549039e+00 -1.537396467191196603e-01 -9.771736505669232908e-01 -1.635763818917129075e+00
3.619612391915785654e+00 -1.231246303558886535e+00 3.676060616604954312e+00 2.628810314418456251e+00 -1.715603674383812338e+00 8.249741195364594937e-01 -9.750700121704896084e-01 -1.383062517781789902e+00
1.873319708292277230e+00 -1.702302354922798022e+00 2.833270586268032964e+00 2.630255257912900380e+00 -1.479535709148549039e+00 -1.537396467191196603e-01 -9.771736505669232908e-01 -1.635763818917129075e+00
2.873319708292277230e+00 -1.702302354922798022e+00 2.833270586268032964e+00 2.630255257912900380e+00 -1.479535709148549039e+00 -1.537396467191196603e-01 -9.771736505669232908e-01 -1.635763818917129075e+00
2.552857082922772580e-01 -1.702302354922798022e+00 2.833270586268032964e+00 2.630255257912900380e+00 -1.479535709148549039e+00 -1.537396467191196603e-01 -9.771736505669232908e-01 -1.635763818917129075e+00
1.873319708292277230e+00 -1.702302354922798022e+00 2.833270586268032964e+00 2.630255257912900380e+00 -1.479535709148549039e+00 -1.537396467191196603e-01 -9.771736505669232908e-01 -1.635763818917129075e+00
1.255285733448277208e+00 -1.702302354922798022e+00 2.833270586268032964e+00 2.630255257912900380e+00 -1.479535709148549039e+00 -1.537396467191196603e-01 -9.771736505669232908e-01 -1.635763818917129075e+00
2.255285708292277036e+00 -1.702302354922798022e+00 2.833270586268032964e+00 2.630255257912900380e+00 -1.479535709148549039e+00 -1.537396467191196603e-01 -9.771736505669232908e-01 -1.635763818917129075e+00
1.794966014037491897e+00 -1.702302354922798022e+00 2.833270586268032964e+00 2.630255257912900380e+00 -1.479535709148549039e+00 -1.537396467191196603e-01 -9.771736505669232908e-01 -1.635763818917129075e+00
1.884429060135859979e+00 -1.702302354922798022e+00 2.833270586268032964e+00 2.630255257912900380e+00 -1.479535709148549039e+00 -1.537396467191196603e-01 -9.771736505669232908e-01 -1.635763818917129075e+00
1.839257412153532778e+00 -1.702302354922798022e+00 2.833270586268032964e+00 2.630255257912900380e+00 -1.479535709148549039e+00 -1.537396467191196603e-01 -9.771736505669232908e-01 -1.635763818917129075e+00
1.860309069285345673e+00 -1.702302354922798022e+00 2.833270586268032964e+00 2.630255257912900380e+00 -1.479535709148549039e+00 -1.537396467191196603e-01 -9.771736505669232908e-01 -1.635763818917129075e+00
1.868350086553355549e+00 -1.702302354922798022e+00 2.833270586268032964e+00 2.630255257912900380e+00 -1.479535709148549039e+00 -1.537396467191196603e-01 -9.771736505669232908e-01 -1.635763818917129075e+00
1.877563102978563103e+00 -1.702302354922798022e+00 2.833270586268032964e+00 2.630255257912900380e+00 -1.479535709148549039e+00 -1.537396467191196603e-01 -9.771736505669232908e-01 -1.635763818917129075e+00
1.880185665170107212e+00 -1.702302354922798022e+00 2.833270586268032964e+00 2.630255257912900380e+00 -1.479535709148549039e+00 -1.537396467191196603e-01 -9.771736505669232908e-01 -1.635763818917129075e+00
1.876581019851532472e+00 -1.702302354922798022e+00 2.833270586268032964e+00 2.630255257912900380e+00 -1.479535709148549039e+00 -1.537396467191196603e-01 -9.771736505669232908e-01 -1.635763818917129075e+00
1.878564832568618392e+00 -1.702302354922798022e+00 2.833270586268032964e+00 2.630255257912900380e+00 -1.479535709148549039e+00 -1.537396467191196603e-01 -9.771736505669232908e-01 -1.635763818917129075e+00
1.877945729623158089e+00 -1.702302354922798022e+00 2.833270586268032964e+00 2.630255257912900380e+00 -1.479535709148549039e+00 -1.537396467191196603e-01 -9.771736505669232908e-01 -1.635763818917129075e+00
1.877187980614863694e+00 -1.702302354922798022e+00 2.833270586268032964e+00 2.630255257912900380e+00 -1.479535709148549039e+00 -1.537396467191196603e-01 -9.771736505669232908e-01 -1.635763818917129075e+00
1.877709253347492613e+00 -1.702302354922798022e+00 2.833270586268032964e+00 2.630255257912900380e+00 -1.479535709148549039e+00 -1.537396467191196603e-01 -9.771736505669232908e-01 -1.635763818917129075e+00
1.877799579244603390e+00 -1.702302354922798022e+00 2.833270586268032964e+00 2.630255257912900380e+00 -1.479535709148549039e+00 -1.537396467191196603e-01 -9.771736505669232908e-01 -1.635763818917129075e+00
1.877855403720098515e+00 -1.702302354922798022e+00 2.833270586268032964e+00 2.630255257912900380e+00 -1.479535709148549039e+00 -1.537396467191196603e-01 -9.771736505669232908e-01 -1.635763818917129075e+00
1.877754780525080269e+00 -1.702302354922798022e+00 2.833270586268032964e+00 2.630255257912900380e+00 -1.479535709148549039e+00 -1.537396467191196603e-01 -9.771736505669232908e-01 -1.635763818917129075e+00
1.877754780525080269e+00 -1.702302354922798022e+00 2.833270586268032964e+00 2.630255257912900380e+00 -1.479535709148549039e+00 -1.537396467191196603e-01 -9.771736505669232908e-01 -1.635763818917129075e+00
1.877754780525080269e+00 -7.023023549227980222e-01 2.833270586268032964e+00 2.630255257912900380e+00 -1.479535709148549039e+00 -1.537396467191196603e-01 -9.771736505669232908e-01 -1.635763818917129075e+00
1.877754780525080269e+00 -3.320336354922797995e+00 2.833270586268032964e+00 2.630255257912900380e+00 -1.479535709148549039e+00 -1.537396467191196603e-01 -9.771736505669232908e-01 -1.635763818917129075e+00
1.877754780525080269e+00 -1.702302354922798022e+00 2.833270586268032964e+00 2.630255257912900380e+00 -1.479535709148549039e+00 -1.537396467191196603e-01 -9.771736505669232908e-01 -1.635763818917129075e+00
1.877754780525080269e+00 -2.320336329766798045e+00 2.833270586268032964e+00 2.630255257912900380e+00 -1.479535709148549039e+00 -1.537396467191196603e-01 -9.771736505669232908e-01 -1.635763818917129075e+00
1.877754780525080269e+00 -1.320336354922797995e+00 2.833270586268032964e+00 2.630255257912900380e+00 -1.479535709148549039e+00 -1.537396467191196603e-01 -9.771736505669232908e-01 -1.635763818917129075e+00
1.877754780525080269e+00 -1.606624726709063422e+00 2.833270586268032964e+00 2.630255257912900380e+00 -1.479535709148549039e+00 -1.537396467191196603e-01 -9.771736505669232908e-01 -1.635763818917129075e+00
1.877754780525080269e+00 -1.596765132074977833e+00 2.833270586268032964e+00 2.630255257912900380e+00 -1.479535709148549039e+00 -1.537396467191196603e-01 -9.771736505669232908e-01 -1.635763818917129075e+00
1.877754780525080269e+00 -1.652111223249322913e+00 2.833270586268032964e+00 2.630255257912900380e+00 -1.479535709148549039e+00 -1.537396467191196603e-01 -9.771736505669232908e-01 -1.635763818917129075e+00
1.877754780525080269e+00 -1.671282529050113430e+00 2.833270586268032964e+00 2.630255257912900380e+00 -1.479535709148549039e+00 -1.537396467191196603e-01 -9.771736505669232908e-01 -1.635763818917129075e+00
1.877754780525080269e+00 -1.636175136584515188e+00 2.833270586268032964e+00 2.630255257912900380e+00 -1.479535709148549039e+00 -1.537396467191196603e-01 -9.771736505669232908e-01 -1.635763818917129075e+00
1.877754780525080269e+00 -1.631620652414221384e+00 2.833270586268032964e+00 2.630255257912900380e+00 -1.479535709148549039e+00 -1.537396467191196603e-01 -9.771736505669232908e-01 -1.635763818917129075e+00
1.877754780525080269e+00 -1.642262179863525073e+00 2.833270586268032964e+00 2.630255257912900380e+00 -1.479535709148549039e+00 -1.537396467191196603e-01 -9.771736505669232908e-01 -1.635763818917129075e+00
1.877754780525080269e+00 -1.638500180157625552e+00 2.833270586268032964e+00 2.630255257912900380e+00 -1.479535709148549039e+00 -1.537396467191196603e-01 -9.771736505669232908e-01 -1.635763818917129075e+00
1.877754780525080269e+00 -1.634435478483924786e+00 2.833270586268032964e+00 2.630255257912900380e+00 -1.479535709148549039e+00 -1.537396467191196603e-01 -9.771736505669232908e-01 -1.635763818917129075e+00
1.877754780525080269e+00 -1.637063224177961906e+00 2.833270586268032964e+00 2.630255257912900380e+00 -1.479535709148549039e+00 -1.537396467191196603e-01 -9.771736505669232908e-01 -1.635763818917129075e+00
1.877754780525080269e+00 -1.635510646338464991e+00 2.833270586268032964e+00 2.630255257912900380e+00 -1.479535709148549039e+00 -1.537396467191196603e-01 -9.771736505669232908e-01 -1.635763818917129075e+00
1.877754780525080269e+00 -1.636175136584515188e+00 2.833270586268032964e+00 2.630255257912900380e+00 -1.479535709148549039e+00 -1.537396467191196603e-01 -9.771736505669232908e-01 -1.635763818917129075e+00
1.877754780525080269e+00 -1.636175136584515188e+00 3.833270586268032964e+00 2.630255257912900380e+00 -1.479535709148549039e+00 -1.537396467191196603e-01 -9.771736505669232908e-01 -1.635763818917129075e+00
1.877754780525080269e+00 -1.636175136584515188e+00 1.215236586268032992e+00 2.630255257912900380e+00 -1.479535709148549039e+00 -1.537396467191196603e-01 -9.771736505669232908e-01 -1.635763818917129075e+00
1.877754780525080269e+00 -1.636175136584515188e+00 2.833270586268032964e+00 2.630255257912900380e+00 -1.479535709148549039e+00 -1.537396467191196603e-01 -9.771736505669232908e-01 -1.635763818917129075e+00
1.877754780525080269e+00 -1.636175136584515188e+00 2.215236611424033164e+00 2.630255257912900380e+00 -1.479535709148549039e+00 -1.537396467191196603e-01 -9.771736505669232908e-01 -1.635763818917129075e+00
1.877754780525080269e+00 -1.636175136584515188e+00 3.215236586268033214e+00 2.630255257912900380e+00 -1.479535709148549039e+00 -1.537396467191196603e-01 -9.771736505669232908e-01 -1.635763818917129075e+00
1.877754780525080269e+00 -1.636175136584515188e+00 3.451304561112032765e+00 2.630255257912900380e+00 -1.479535709148549039e+00 -1.537396467191196603e-01 -9.771736505669232908e-01 -1.635763818917129075e+00
1.877754780525080269e+00 -1.636175136584515188e+00 3.200783665351380147e+00 2.630255257912900380e+00 -1.479535709148549039e+00 -1.537396467191196603e-01 -9.771736505669232908e-01 -1.635763818917129075e+00
1.877754780525080269e+00 -1.636175136584515188e+00 3.060406164586230382e+00 2.630255257912900380e+00 -1.479535709148549039e+00 -1.537396467191196603e-01 -9.771736505669232908e-01 -1.635763818917129075e+00
1.877754780525080269e+00 -1.636175136584515188e+00 3.129986701179526598e+00 2.630255257912900380e+00 -1.479535709148549039e+00 -1.537396467191196603e-01 -9.771736505669232908e-01 -1.635763818917129075e+00
1.877754780525080269e+00 -1.636175136584515188e+00 3.058134808793048443e+00 2.630255257912900380e+00 -1.479535709148549039e+00 -1.537396467191196603e-01 -9.771736505669232908e-01 -1.635763818917129075e+00
1.877754780525080269e+00 -1.636175136584515188e+00 3.086983563826625421e+00 2.630255257912900380e+00 -1.479535709148549039e+00 -1.537396467191196603e-01 -9.771736505669232908e-01 -1.635763818917129075e+00
1.877754780525080269e+00 -1.636175136584515188e+00 3.070557827464487133e+00 2.630255257912900380e+00 -1.479535709148549039e+00 -1.537396467191196603e-01 -9.771736505669232908e-01 -1.635763818917129075e+00
1.877754780525080269e+00 -1.636175136584515188e+00 3.076831900279787479e+00 2.630255257912900380e+00 -1.479535709148549039e+00 -1.537396467191196603e-01 -9.771736505669232908e-01 -1.635763818917129075e+00
1.877754780525080269e+00 -1.636175136584515188e+00 3.066680237401530729e+00 2.630255257912900380e+00 -1.479535709148549039e+00 -1.537396467191196603e-01 -9.771736505669232908e-01 -1.635763818917129075e+00
1.877754780525080269e+00 -1.636175136584515188e+00 3.072954309961456243e+00 2.630255257912900380e+00 -1.479535709148549039e+00 -1.537396467191196603e-01 -9.771736505669232908e-01 -1.635763818917129075e+00
1.877754780525080269e+00 -1.636175136584515188e+00 3.070557827464487133e+00 2.630255257912900380e+00 -1.479535709148549039e+00 -1.537396467191196603e-01 -9.771736505669232908e-01 -1.635763818917129075e+00
1.877754780525080269e+00 -1.636175136584515188e+00 3.070557827464487133e+00 3.630255257912900380e+00 -1.479535709148549039e+00 -1.537396467191196603e-01 -9.771736505669232908e-01 -1.635763818917129075e+00
1.877754780525080269e+00 -1.636175136584515188e+00 3.070557827464487133e+00 1.012221257912900407e+00 -1.479535709148549039e+00 -1.537396467191196603e-01 -9.771736505669232908e-01 -1.635763818917129075e+00
1.877754780525080269e+00 -1.636175136584515188e+00 3.070557827464487133e+00 2.630255257912900380e+00 -1.479535709148549039e+00 -1.537396467191196603e-01 -9.771736505669232908e-01 -1.635763818917129075e+00
1.877754780525080269e+00 -1.636175136584515188e+00 3.070557827464487133e+00 2.012221283068900135e+00 -1.479535709148549039e+00 -1.537396467191196603e-01 -9.771736505669232908e-01 -1.635763818917129075e+00
1.877754780525080269e+00 -1.636175136584515188e+00 3.070557827464487133e+00 3.012221257912900185e+00 -1.479535709148549039e+00 -1.537396467191196603e-01 -9.771736505669232908e-01 -1.635763818917129075e+00
1.877754780525080269e+00 -1.636175136584515188e+00 3.070557827464487133e+00 2.417481546327113318e+00 -1.479535709148549039e+00 -1.537396467191196603e-01 -9.771736505669232908e-01 -1.635763818917129075e+00
1.877754780525080269e+00 -1.636175136584515188e+00 3.070557827464487133e+00 2.776153283068900635e+00 -1.479535709148549039e+00 -1.537396467191196603e-01 -9.771736505669232908e-01 -1.635763818917129075e+00
1.877754780525080269e+00 -1.636175136584515188e+00 3.070557827464487133e+00 2.645863535284965984e+00 -1.479535709148549039e+00 -1.537396467191196603e-01 -9.771736505669232908e-01 -1.635763818917129075e+00
1.877754780525080269e+00 -1.636175136584515188e+00 3.070557827464487133e+00 2.677439520139162532e+00 -1.479535709148549039e+00 -1.537396467191196603e-01 -9.771736505669232908e-01 -1.635763818917129075e+00
1.877754780525080269e+00 -1.636175136584515188e+00 3.070557827464487133e+00 2.657924487915783729e+00 -1.479535709148549039e+00 -1.537396467191196603e-01 -9.771736505669232908e-01 -1.635763818917129075e+00
1.877754780525080269e+00 -1.636175136584515188e+00 3.070557827464487133e+00 2.648037068739810707e+00 -1.479535709148549039e+00 -1.537396467191196603e-01 -9.771736505669232908e-01 -1.635763818917129075e+00
1.877754780525080269e+00 -1.636175136584515188e+00 3.070557827464487133e+00 2.639901704010267469e+00 -1.479535709148549039e+00 -1.537396467191196603e-01 -9.771736505669232908e-01 -1.635763818917129075e+00
1.877754780525080269e+00 -1.636175136584515188e+00 3.070557827464487133e+00 2.636217089580240369e+00 -1.479535709148549039e+00 -1.537396467191196603e-01 -9.771736505669232908e-01 -1.635763818917129075e+00
1.877754780525080269e+00 -1.636175136584515188e+00 3.070557827464487133e+00 2.633939872585593367e+00 -1.479535709148549039e+00 -1.537396467191196603e-01 -9.771736505669232908e-01 -1.635763818917129075e+00
1.877754780525080269e+00 -1.636175136584515188e+00 3.070557827464487133e+00 2.632532475057523413e+00 -1.479535709148549039e+00 -1.537396467191196603e-01 -9.771736505669232908e-01 -1.635763818917129075e+00
1.877754780525080269e+00 -1.636175136584515188e+00 3.070557827464487133e+00 2.634809692052170860e+00 -1.479535709148549039e+00 -1.537396467191196603e-01 -9.771736505669232908e-01 -1.635763818917129075e+00
1.877754780525080269e+00 -1.636175136584515188e+00 3.070557827464487133e+00 2.633402294581386638e+00 -1.479535709148549039e+00 -1.537396467191196603e-01 -9.771736505669232908e-01 -1.635763818917129075e+00
1.877754780525080269e+00 -1.636175136584515188e+00 3.070557827464487133e+00 2.634272114047964131e+00 -1.479535709148549039e+00 -1.537396467191196603e-01 -9.771736505669232908e-01 -1.635763818917129075e+00
1.877754780525080269e+00 -1.636175136584515188e+00 3.070557827464487133e+00 2.633734536065638565e+00 -1.479535709148549039e+00 -1.537396467191196603e-01 -9.771736505669232908e-01 -1.635763818917129075e+00
1.877754780525080269e+00 -1.636175136584515188e+00 3.070557827464487133e+00 2.634066777528009329e+00 -1.479535709148549039e+00 -1.537396467191196603e-01 -9.771736505669232908e-01 -1.635763818917129075e+00
1.877754780525080269e+00 -1.636175136584515188e+00 3.070557827464487133e+00 2.633861441016412286e+00 -1.479535709148549039e+00 -1.537396467191196603e-01 -9.771736505669232908e-01 -1.635763818917129075e+00
1.877754780525080269e+00 -1.636175136584515188e+00 3.070557827464487133e+00 2.633988345958828248e+00 -1.479535709148549039e+00 -1.537396467191196603e-01 -9.771736505669232908e-01 -1.635763818917129075e+00
1.877754780525080269e+00 -1.636175136584515188e+00 3.070557827464487133e+00 2.633903026428866312e+00 -1.479535709148549039e+00 -1.537396467191196603e-01 -9.771736505669232908e-01 -1.635763818917129075e+00
1.877754780525080269e+00 -1.636175136584515188e+00 3.070557827464487133e+00 2.633939872585593367e+00 -1.479535709148549039e+00 -1.537396467191196603e-01 -9.771736505669232908e-01 -1.635763818917129075e+00
1.877754780525080269e+00 -1.636175136584515188e+00 3.070557827464487133e+00 2.633939872585593367e+00 -4.795357091485490386e-01 -1.537396467191196603e-01 -9.771736505669232908e-01 -1.635763818917129075e+00
1.877754780525080269e+00 -1.636175136584515188e+00 3.070557827464487133e+00 2.633939872585593367e+00 -3.097569709148548789e+00 -1.537396467191196603e-01 -9.771736505669232908e-01 -1.635763818917129075e+00
1.877754780525080269e+00 -1.636175136584515188e+00 3.070557827464487133e+00 2.633939872585593367e+00 -1.479535709148549039e+00 -1.537396467191196603e-01 -9.771736505669232908e-01 -1.635763818917129075e+00
1.877754780525080269e+00 -1.636175136584515188e+00 3.070557827464487133e+00 2.633939872585593367e+00 -2.097569683992548839e+00 -1.537396467191196603e-01 -9.771736505669232908e-01 -1.635763818917129075e+00
1.877754780525080269e+00 -1.636175136584515188e+00 3.070557827464487133e+00 2.633939872585593367e+00 -1.097569709148549011e+00 -1.537396467191196603e-01 -9.771736505669232908e-01 -1.635763818917129075e+00
1.877754780525080269e+00 -1.636175136584515188e+00 3.070557827464487133e+00 2.633939872585593367e+00 -1.556023764901658391e+00 -1.537396467191196603e-01 -9.771736505669232908e-01 -1.635763818917129075e+00
1.877754780525080269e+00 -1.636175136584515188e+00 3.070557827464487133e+00 2.633939872585593367e+00 -1.544562228767348167e+00 -1.537396467191196603e-01 -9.771736505669232908e-01 -1.635763818917129075e+00
1.877754780525080269e+00 -1.636175136584515188e+00 3.070557827464487133e+00 2.633939872585593367e+00 -1.762875893433129448e+00 -1.537396467191196603e-01 -9.771736505669232908e-01 -1.635763818917129075e+00
1.877754780525080269e+00 -1.636175136584515188e+00 3.070557827464487133e+00 2.633939872585593367e+00 -1.635034245028310407e+00 -1.537396467191196603e-01 -9.771736505669232908e-01 -1.635763818917129075e+00
1.877754780525080269e+00 -1.636175136584515188e+00 3.070557827464487133e+00 2.633939872585593367e+00 -1.586203081953715177e+00 -1.537396467191196603e-01 -9.771736505669232908e-01 -1.635763818917129075e+00
1.877754780525080269e+00 -1.636175136584515188e+00 3.070557827464487133e+00 2.633939872585593367e+00 -1.560140850460096207e+00 -1.537396467191196603e-01 -9.771736505669232908e-01 -1.635763818917129075e+00
1.877754780525080269e+00 -1.636175136584515188e+00 3.070557827464487133e+00 2.633939872585593367e+00 -1.551645847790580568e+00 -1.537396467191196603e-01 -9.771736505669232908e-01 -1.635763818917129075e+00
1.877754780525080269e+00 -1.636175136584515188e+00 3.070557827464487133e+00 2.633939872585593367e+00 -1.554351549414408451e+00 -1.537396467191196603e-01 -9.771736505669232908e-01 -1.635763818917129075e+00
1.877754780525080269e+00 -1.636175136584515188e+00 3.070557827464487133e+00 2.633939872585593367e+00 -1.557596351604072726e+00 -1.537396467191196603e-01 -9.771736505669232908e-01 -1.635763818917129075e+00
1.877754780525080269e+00 -1.636175136584515188e+00 3.070557827464487133e+00 2.633939872585593367e+00 -1.555258884334127290e+00 -1.537396467191196603e-01 -9.771736505669232908e-01 -1.635763818917129075e+00
1.877754780525080269e+00 -1.636175136584515188e+00 3.070557827464487133e+00 2.633939872585593367e+00 -1.556788645469189492e+00 -1.537396467191196603e-01 -9.771736505669232908e-01 -1.635763818917129075e+00
1.877754780525080269e+00 -1.636175136584515188e+00 3.070557827464487133e+00 2.633939872585593367e+00 -1.556023764901658391e+00 -1.537396467191196603e-01 -9.771736505669232908e-01 -1.635763818917129075e+00
1.877754780525080269e+00 -1.636175136584515188e+00 3.070557827464487133e+00 2.633939872585593367e+00 -1.556023764901658391e+00 8.462603532808803397e-01 -9.771736505669232908e-01 -1.635763818917129075e+00
1.877754780525080269e+00 -1.636175136584515188e+00 3.070557827464487133e+00 2.633939872585593367e+00 -1.556023764901658391e+00 -1.771773646719119633e+00 -9.771736505669232908e-01 -1.635763818917129075e+00
1.877754780525080269e+00 -1.636175136584515188e+00 3.070557827464487133e+00 2.633939872585593367e+00 -1.556023764901658391e+00 -1.537396467191196603e-01 -9.771736505669232908e-01 -1.635763818917129075e+00
1.877754780525080269e+00 -1.636175136584515188e+00 3.070557827464487133e+00 2.633939872585593367e+00 -1.556023764901658391e+00 -7.717736215631196828e-01 -9.771736505669232908e-01 -1.635763818917129075e+00
1.877754780525080269e+00 -1.636175136584515188e+00 3.070557827464487133e+00 2.633939872585593367e+00 -1.556023764901658391e+00 2.282263532808803674e-01 -9.771736505669232908e-01 -1.635763818917129075e+00
1.877754780525080269e+00 -1.636175136584515188e+00 3.070557827464487133e+00 2.633939872585593367e+00 -1.556023764901658391e+00 -9.812876381687181404e-02 -9.771736505669232908e-01 -1.635763818917129075e+00
1.877754780525080269e+00 -1.636175136584515188e+00 3.070557827464487133e+00 2.633939872585593367e+00 -1.556023764901658391e+00 -3.898076119543829599e-01 -9.771736505669232908e-01 -1.635763818917129075e+00
1.877754780525080269e+00 -1.636175136584515188e+00 3.070557827464487133e+00 2.633939872585593367e+00 -1.556023764901658391e+00 -2.917145186897032172e-01 -9.771736505669232908e-01 -1.635763818917129075e+00
1.877754780525080269e+00 -1.636175136584515188e+00 3.070557827464487133e+00 2.633939872585593367e+00 -1.556023764901658391e+00 -5.357056407805937948e-01 -9.771736505669232908e-01 -1.635763818917129075e+00
1.877754780525080269e+00 -1.636175136584515188e+00 3.070557827464487133e+00 2.633939872585593367e+00 -1.556023764901658391e+00 -4.455356984330154368e-01 -9.771736505669232908e-01 -1.635763818917129075e+00
1.877754780525080269e+00 -1.636175136584515188e+00 3.070557827464487133e+00 2.633939872585593367e+00 -1.556023764901658391e+00 -3.523393854924463109e-01 -9.771736505669232908e-01 -1.635763818917129075e+00
1.877754780525080269e+00 -1.636175136584515188e+00 3.070557827464487133e+00 2.633939872585593367e+00 -1.556023764901658391e+00 -4.110938462342803024e-01 -9.771736505669232908e-01 -1.635763818917129075e+00
1.877754780525080269e+00 -1.636175136584515188e+00 3.070557827464487133e+00 2.633939872585593367e+00 -1.556023764901658391e+00 -3.754960233656228774e-01 -9.771736505669232908e-01 -1.635763818917129075e+00
1.877754780525080269e+00 -1.636175136584515188e+00 3.070557827464487133e+00 2.633939872585593367e+00 -1.556023764901658391e+00 -3.979382297173382765e-01 -9.771736505669232908e-01 -1.635763818917129075e+00
1.877754780525080269e+00 -1.636175136584515188e+00 3.070557827464487133e+00 2.633939872585593367e+00 -1.556023764901658391e+00 -3.843410717074886573e-01 -9.771736505669232908e-01 -1.635763818917129075e+00
1.877754780525080269e+00 -1.636175136584515188e+00 3.070557827464487133e+00 2.633939872585593367e+00 -1.556023764901658391e+00 -3.929132314988279528e-01 -9.771736505669232908e-01 -1.635763818917129075e+00
1.877754780525080269e+00 -1.636175136584515188e+00 3.070557827464487133e+00 2.633939872585593367e+00 -1.556023764901658391e+00 -3.874469322920303660e-01 -9.771736505669232908e-01 -1.635763818917129075e+00
1.877754780525080269e+00 -1.636175136584515188e+00 3.070557827464487133e+00 2.633939872585593367e+00 -1.556023764901658391e+00 -3.898076119543829599e-01 -9.771736505669232908e-01 -1.635763818917129075e+00
1.877754780525080269e+00 -1.636175136584515188e+00 3.070557827464487133e+00 2.633939872585593367e+00 -1.556023764901658391e+00 -3.898076119543829599e-01 2.282634943307670916e-02 -1.635763818917129075e+00
1.877754780525080269e+00 -1.636175136584515188e+00 3.070557827464487133e+00 2.633939872585593367e+00 -1.556023764901658391e+00 -3.898076119543829599e-01 -2.595207650566923263e+00 -1.635763818917129075e+00
1.877754780525080269e+00 -1.636175136584515188e+00 3.070557827464487133e+00 2.633939872585593367e+00 -1.556023764901658391e+00 -3.898076119543829599e-01 -9.771736505669232908e-01 -1.635763818917129075e+00
1.877754780525080269e+00 -1.636175136584515188e+00 3.070557827464487133e+00 2.633939872585593367e+00 -1.556023764901658391e+00 -3.898076119543829599e-01 -1.595207625410923313e+00 -1.635763818917129075e+00
1.877754780525080269e+00 -1.636175136584515188e+00 3.070557827464487133e+00 2.633939872585593367e+00 -1.556023764901658391e+00 -3.898076119543829599e-01 -5.952076505669232631e-01 -1.635763818917129075e+00
1.877754780525080269e+00 -1.636175136584515188e+00 3.070557827464487133e+00 2.633939872585593367e+00 -1.556023764901658391e+00 -3.898076119543829599e-01 -1.189337640255792250e+00 -1.635763818917129075e+00
1.877754780525080269e+00 -1.636175136584515188e+00 3.070557827464487133e+00 2.633939872585593367e+00 -1.556023764901658391e+00 -3.898076119543829599e-01 -8.312756254109232579e-01 -1.635763818917129075e+00
1.877754780525080269e+00 -1.636175136584515188e+00 3.070557827464487133e+00 2.633939872585593367e+00 -1.556023764901658391e+00 -3.898076119543829599e-01 -9.682044279191523994e-01 -1.635763818917129075e+00
1.877754780525080269e+00 -1.636175136584515188e+00 3.070557827464487133e+00 2.633939872585593367e+00 -1.556023764901658391e+00 -3.898076119543829599e-01 -9.749096573921572917e-01 -1.635763818917129075e+00
1.877754780525080269e+00 -1.636175136584515188e+00 3.070557827464487133e+00 2.633939872585593367e+00 -1.556023764901658391e+00 -3.898076119543829599e-01 -9.727785930443562101e-01 -1.635763818917129075e+00
1.877754780525080269e+00 -1.636175136584515188e+00 3.070557827464487133e+00 2.633939872585593367e+00 -1.556023764901658391e+00 -3.898076119543829599e-01 -9.742937521879676543e-01 -1.635763818917129075e+00
1.877754780525080269e+00 -1.636175136584515188e+00 3.070557827464487133e+00 2.633939872585593367e+00 -1.556023764901658391e+00 -3.898076119543829599e-01 -9.739279921341622570e-01 -1.635763818917129075e+00
1.877754780525080269e+00 -1.636175136584515188e+00 3.070557827464487133e+00 2.633939872585593367e+00 -1.556023764901658391e+00 -3.898076119543829599e-01 -9.734889607614254370e-01 -1.635763818917129075e+00
1.877754780525080269e+00 -1.636175136584515188e+00 3.070557827464487133e+00 2.633939872585593367e+00 -1.556023764901658391e+00 -3.898076119543829599e-01 -9.738647967729909816e-01 -1.635763818917129075e+00
1.877754780525080269e+00 -1.636175136584515188e+00 3.070557827464487133e+00 2.633939872585593367e+00 -1.556023764901658391e+00 -3.898076119543829599e-01 -9.740677000388741069e-01 -1.635763818917129075e+00
1.877754780525080269e+00 -1.636175136584515188e+00 3.070557827464487133e+00 2.633939872585593367e+00 -1.556023764901658391e+00 -3.898076119543829599e-01 -9.739813558036934937e-01 -1.635763818917129075e+00
1.877754780525080269e+00 -1.636175136584515188e+00 3.070557827464487133e+00 2.633939872585593367e+00 -1.556023764901658391e+00 -3.898076119543829599e-01 -9.739279921341622570e-01 -1.635763818917129075e+00
1.877754780525080269e+00 -1.636175136584515188e+00 3.070557827464487133e+00 2.633939872585593367e+00 -1.556023764901658391e+00 -3.898076119543829599e-01 -9.739279921341622570e-01 -6.357638189171290755e-01
1.877754780525080269e+00 -1.636175136584515188e+00 3.070557827464487133e+00 2.633939872585593367e+00 -1.556023764901658391e+00 -3.898076119543829599e-01 -9.739279921341622570e-01 -3.253797818917129270e+00
1.877754780525080269e+00 -1.636175136584515188e+00 3.070557827464487133e+00 2.633939872585593367e+00 -1.556023764901658391e+00 -3.898076119543829599e-01 -9.739279921341622570e-01 -1.635763818917129075e+00
1.877754780525080269e+00 -1.636175136584515188e+00 3.070557827464487133e+00 2.633939872585593367e+00 -1.556023764901658391e+00 -3.898076119543829599e-01 -9.739279921341622570e-01 -2.253797793761129320e+00
1.877754780525080269e+00 -1.636175136584515188e+00 3.070557827464487133e+00 2.633939872585593367e+00 -1.556023764901658391e+00 -3.898076119543829599e-01 -9.739279921341622570e-01 -1.253797818917129048e+00
1.877754780525080269e+00 -1.636175136584515188e+00 3.070557827464487133e+00 2.633939872585593367e+00 -1.556023764901658391e+00 -3.898076119543829599e-01 -9.739279921341622570e-01 -1.632494917709036208e+00
1.877754780525080269e+00 -1.636175136584515188e+00 3.070557827464487133e+00 2.633939872585593367e+00 -1.556023764901658391e+00 -3.898076119543829599e-01 -9.739279921341622570e-01 -1.871831784152392375e+00
1.877754780525080269e+00 -1.636175136584515188e+00 3.070557827464487133e+00 2.633939872585593367e+00 -1.556023764901658391e+00 -3.898076119543829599e-01 -9.739279921341622570e-01 -1.743891682402215260e+00
1.877754780525080269e+00 -1.636175136584515188e+00 3.070557827464487133e+00 2.633939872585593367e+00 -1.556023764901658391e+00 -3.898076119543829599e-01 -9.739279921341622570e-01 -1.685682543023288238e+00
1.877754780525080269e+00 -1.636175136584515188e+00 3.070557827464487133e+00 2.633939872585593367e+00 -1.556023764901658391e+00 -3.898076119543829599e-01 -9.739279921341622570e-01 -1.654831074289062176e+00
1.877754780525080269e+00 -1.636175136584515188e+00 3.070557827464487133e+00 2.633939872585593367e+00 -1.556023764901658391e+00 -3.898076119543829599e-01 -9.739279921341622570e-01 -1.643664513795279891e+00
1.877754780525080269e+00 -1.636175136584515188e+00 3.070557827464487133e+00 2.633939872585593367e+00 -1.556023764901658391e+00 -3.898076119543829599e-01 -9.739279921341622570e-01 -1.638781615736956798e+00
1.877754780525080269e+00 -1.636175136584515188e+00 3.070557827464487133e+00 2.633939872585593367e+00 -1.556023764901658391e+00 -3.898076119543829599e-01 -9.739279921341622570e-01 -1.634515209798278690e+00
1.877754780525080269e+00 -1.636175136584515188e+00 3.070557827464487133e+00 2.633939872585593367e+00 -1.556023764901658391e+00 -3.898076119543829599e-01 -9.739279921341622570e-01 -1.636483968849957726e+00
1.877754780525080269e+00 -1.636175136584515188e+00 3.070557827464487133e+00 2.633939872585593367e+00 -1.556023764901658391e+00 -3.898076119543829599e-01 -9.739279921341622570e-01 -1.635461091407691026e+00
1.877754780525080269e+00 -1.636175136584515188e+00 3.070557827464487133e+00 2.633939872585593367e+00 -1.556023764901658391e+00 -3.898076119543829599e-01 -9.739279921341622570e-01 -1.636038891706371956e+00
1.877754780525080269e+00 -1.636175136584515188e+00 3.070557827464487133e+00 2.633939872585593367e+00 -1.556023764901658391e+00 -3.898076119543829599e-01 -9.739279921341622570e-01 -1.635648187301259160e+00
1.877754780525080269e+00 -1.636175136584515188e+00 3.070557827464487133e+00 2.633939872585593367e+00 -1.556023764901658391e+00 -3.898076119543829599e-01 -9.739279921341622570e-01 -1.635868887370145019e+00
1.877754780525080269e+00 -1.636175136584515188e+00 3.070557827464487133e+00 2.633939872585593367e+00 -1.556023764901658391e+00 -3.898076119543829599e-01 -9.739279921341622570e-01 -1.635719651571341693e+00
1.877754780525080269e+00 -1.636175136584515188e+00 3.070557827464487133e+00 2.633939872585593367e+00 -1.556023764901658391e+00 -3.898076119543829599e-01 -9.739279921341622570e-01 -1.635803951493853825e+00
1.877754780525080269e+00 -1.636175136584515188e+00 3.070557827464487133e+00 2.633939872585593367e+00 -1.556023764901658391e+00 -3.898076119543829599e-01 -9.739279921341622570e-01 -1.635746948492728059e+00
1.877754780525080269e+00 -1.636175136584515188e+00 3.070557827464487133e+00 2.633939872585593367e+00 -1.556023764901658391e+00 -3.898076119543829599e-01 -9.739279921341622570e-01 -1.635779148196930377e+00
1.877754780525080269e+00 -1.636175136584515188e+00 3.070557827464487133e+00 2.633939872585593367e+00 -1.556023764901658391e+00 -3.898076119543829599e-01 -9.739279921341622570e-01 -1.635788622213042887e+00
1.877754780525080269e+00 -1.636175136584515188e+00 3.070557827464487133e+00 2.633939872585593367e+00 -1.556023764901658391e+00 -3.898076119543829599e-01 -9.739279921341622570e-01 -1.635775664823096331e+00
1.877754780525080269e+00 -1.636175136584515188e+00 3.070557827464487133e+00 2.633939872585593367e+00 -1.556023764901658391e+00 -3.898076119543829599e-01 -9.739279921341622570e-01 -1.635777346718495506e+00
1.877754780525080269e+00 -1.636175136584515188e+00 3.070557827464487133e+00 2.633939872585593367e+00 -1.556023764901658391e+00 -3.898076119543829599e-01 -9.739279921341622570e-01 -1.635777482006509187e+00
1.877754780525080269e+00 -1.636175136584515188e+00 3.070557827464487133e+00 2.633939872585593367e+00 -1.556023764901658391e+00 -3.898076119543829599e-01 -9.739279921341622570e-01 -1.635777211430481826e+00
1.882189852757883308e+00 -1.570047918246232355e+00 3.307845068660941301e+00 2.637624487258286354e+00 -1.632511820654767742e+00 -6.258755771896462594e-01 -9.706823337014012232e-01 -1.635790874519861937e+00
1.877754780525080269e+00 -1.636175136584515188e+00 3.070557827464487133e+00 2.633939872585593367e+00 -1.556023764901658391e+00 -3.898076119543829599e-01 -9.739279921341622570e-01 -1.635777346718495506e+00
2.877754780525080491e+00 -1.636175136584515188e+00 3.070557827464487133e+00 2.633939872585593367e+00 -1.556023764901658391e+00 -3.898076119543829599e-01 -9.739279921341622570e-01 -1.635777346718495506e+00
2.597207805250802970e-01 -1.636175136584515188e+00 3.070557827464487133e+00 2.633939872585593367e+00 -1.556023764901658391e+00 -3.898076119543829599e-01 -9.739279921341622570e-01 -1.635777346718495506e+00
1.877754780525080269e+00 -1.636175136584515188e+00 3.070557827464487133e+00 2.633939872585593367e+00 -1.556023764901658391e+00 -3.898076119543829599e-01 -9.739279921341622570e-01 -1.635777346718495506e+00
1.259720805681080247e+00 -1.636175136584515188e+00 3.070557827464487133e+00 2.633939872585593367e+00 -1.556023764901658391e+00 -3.898076119543829599e-01 -9.739279921341622570e-01 -1.635777346718495506e+00
2.259720780525080297e+00 -1.636175136584515188e+00 3.070557827464487133e+00 2.633939872585593367e+00 -1.556023764901658391e+00 -3.898076119543829599e-01 -9.739279921341622570e-01 -1.635777346718495506e+00
1.816684385240878497e+00 -1.636175136584515188e+00 3.070557827464487133e+00 2.633939872585593367e+00 -1.556023764901658391e+00 -3.898076119543829599e-01 -9.739279921341622570e-01 -1.635777346718495506e+00
1.931810010783058917e+00 -1.636175136584515188e+00 3.070557827464487133e+00 2.633939872585593367e+00 -1.556023764901658391e+00 -3.898076119543829599e-01 -9.739279921341622570e-01 -1.635777346718495506e+00
1.902228080288266954e+00 -1.636175136584515188e+00 3.070557827464487133e+00 2.633939872585593367e+00 -1.556023764901658391e+00 -3.898076119543829599e-01 -9.739279921341622570e-01 -1.635777346718495506e+00
1.901198056506312906e+00 -1.636175136584515188e+00 3.070557827464487133e+00 2.633939872585593367e+00 -1.556023764901658391e+00 -3.898076119543829599e-01 -9.739279921341622570e-01 -1.635777346718495506e+00
1.890393131298786500e+00 -1.636175136584515188e+00 3.070557827464487133e+00 2.633939872585593367e+00 -1.556023764901658391e+00 -3.898076119543829599e-01 -9.739279921341622570e-01 -1.635777346718495506e+00
1.897070942444494701e+00 -1.636175136584515188e+00 3.070557827464487133e+00 2.633939872585593367e+00 -1.556023764901658391e+00 -3.898076119543829599e-01 -9.739279921341622570e-01 -1.635777346718495506e+00
1.896469192497253653e+00 -1.636175136584515188e+00 3.070557827464487133e+00 2.633939872585593367e+00 -1.556023764901658391e+00 -3.898076119543829599e-01 -9.739279921341622570e-01 -1.635777346718495506e+00
1.898779968237691573e+00 -1.636175136584515188e+00 3.070557827464487133e+00 2.633939872585593367e+00 -1.556023764901658391e+00 -3.898076119543829599e-01 -9.739279921341622570e-01 -1.635777346718495506e+00
1.897723732190619073e+00 -1.636175136584515188e+00 3.070557827464487133e+00 2.633939872585593367e+00 -1.556023764901658391e+00 -3.898076119543829599e-01 -9.739279921341622570e-01 -1.635777346718495506e+00
1.897264104073688840e+00 -1.636175136584515188e+00 3.070557827464487133e+00 2.633939872585593367e+00 -1.556023764901658391e+00 -3.898076119543829599e-01 -9.739279921341622570e-01 -1.635777346718495506e+00
1.896877780815300563e+00 -1.636175136584515188e+00 3.070557827464487133e+00 2.633939872585593367e+00 -1.556023764901658391e+00 -3.898076119543829599e-01 -9.739279921341622570e-01 -1.635777346718495506e+00
1.897070942444494701e+00 -1.636175136584515188e+00 3.070557827464487133e+00 2.633939872585593367e+00 -1.556023764901658391e+00 -3.898076119543829599e-01 -9.739279921341622570e-01 -1.635777346718495506e+00
1.897070942444494701e+00 -6.361751365845151884e-01 3.070557827464487133e+00 2.633939872585593367e+00 -1.556023764901658391e+00 -3.898076119543829599e-01 -9.739279921341622570e-01 -1.635777346718495506e+00
1.897070942444494701e+00 -3.254209136584515161e+00 3.070557827464487133e+00 2.633939872585593367e+00 -1.556023764901658391e+00 -3.898076119543829599e-01 -9.739279921341622570e-01 -1.635777346718495506e+00
1.897070942444494701e+00 -1.636175136584515188e+00 3.070557827464487133e+00 2.633939872585593367e+00 -1.556023764901658391e+00 -3.898076119543829599e-01 -9.739279921341622570e-01 -1.635777346718495506e+00
1.897070942444494701e+00 -2.254209111428515211e+00 3.070557827464487133e+00 2.633939872585593367e+00 -1.556023764901658391e+00 -3.898076119543829599e-01 -9.739279921341622570e-01 -1.635777346718495506e+00
1.897070942444494701e+00 -1.254209136584515161e+00 3.070557827464487133e+00 2.633939872585593367e+00 -1.556023764901658391e+00 -3.898076119543829599e-01 -9.739279921341622570e-01 -1.635777346718495506e+00
1.897070942444494701e+00 -1.657752315479077199e+00 3.070557827464487133e+00 2.633939872585593367e+00 -1.556023764901658391e+00 -3.898076119543829599e-01 -9.739279921341622570e-01 -1.635777346718495506e+00
1.897070942444494701e+00 -1.494490611906040378e+00 3.070557827464487133e+00 2.633939872585593367e+00 -1.556023764901658391e+00 -3.898076119543829599e-01 -9.739279921341622570e-01 -1.635777346718495506e+00
1.897070942444494701e+00 -1.582056465431176839e+00 3.070557827464487133e+00 2.633939872585593367e+00 -1.556023764901658391e+00 -3.898076119543829599e-01 -9.739279921341622570e-01 -1.635777346718495506e+00
1.897070942444494701e+00 -1.612503040464754012e+00 3.070557827464487133e+00 2.633939872585593367e+00 -1.556023764901658391e+00 -3.898076119543829599e-01 -9.739279921341622570e-01 -1.635777346718495506e+00
1.897070942444494701e+00 -1.627133200718034356e+00 3.070557827464487133e+00 2.633939872585593367e+00 -1.556023764901658391e+00 -3.898076119543829599e-01 -9.739279921341622570e-01 -1.635777346718495506e+00
1.897070942444494701e+00 -1.644416885298155551e+00 3.070557827464487133e+00 2.633939872585593367e+00 -1.556023764901658391e+00 -3.898076119543829599e-01 -9.739279921341622570e-01 -1.635777346718495506e+00
1.897070942444494701e+00 -1.632721424509339103e+00 3.070557827464487133e+00 2.633939872585593367e+00 -1.556023764901658391e+00 -3.898076119543829599e-01 -9.739279921341622570e-01 -1.635777346718495506e+00
1.897070942444494701e+00 -1.639323204373669407e+00 3.070557827464487133e+00 2.633939872585593367e+00 -1.556023764901658391e+00 -3.898076119543829599e-01 -9.739279921341622570e-01 -1.635777346718495506e+00
1.897070942444494701e+00 -1.634855935998008380e+00 3.070557827464487133e+00 2.633939872585593367e+00 -1.556023764901658391e+00 -3.898076119543829599e-01 -9.739279921341622570e-01 -1.635777346718495506e+00
1.897070942444494701e+00 -1.637377591445667413e+00 3.070557827464487133e+00 2.633939872585593367e+00 -1.556023764901658391e+00 -3.898076119543829599e-01 -9.739279921341622570e-01 -1.635777346718495506e+00
1.897070942444494701e+00 -1.635671246813289459e+00 3.070557827464487133e+00 2.633939872585593367e+00 -1.556023764901658391e+00 -3.898076119543829599e-01 -9.739279921341622570e-01 -1.635777346718495506e+00
1.897070942444494701e+00 -1.636634433458010074e+00 3.070557827464487133e+00 2.633939872585593367e+00 -1.556023764901658391e+00 -3.898076119543829599e-01 -9.739279921341622570e-01 -1.635777346718495506e+00
1.897070942444494701e+00 -1.636918294541923613e+00 3.070557827464487133e+00 2.633939872585593367e+00 -1.556023764901658391e+00 -3.898076119543829599e-01 -9.739279921341622570e-01 -1.635777346718495506e+00
1.897070942444494701e+00 -1.637093730343058828e+00 3.070557827464487133e+00 2.633939872585593367e+00 -1.556023764901658391e+00 -3.898076119543829599e-01 -9.739279921341622570e-01 -1.635777346718495506e+00
1.897070942444494701e+00 -1.636867231488527752e+00 3.070557827464487133e+00 2.633939872585593367e+00 -1.556023764901658391e+00 -3.898076119543829599e-01 -9.739279921341622570e-01 -1.635777346718495506e+00
1.897070942444494701e+00 -1.636985305053139994e+00 3.070557827464487133e+00 2.633939872585593367e+00 -1.556023764901658391e+00 -3.898076119543829599e-01 -9.739279921341622570e-01 -1.635777346718495506e+00
1.897070942444494701e+00 -1.636973861452736489e+00 3.070557827464487133e+00 2.633939872585593367e+00 -1.556023764901658391e+00 -3.898076119543829599e-01 -9.739279921341622570e-01 -1.635777346718495506e+00
1.897070942444494701e+00 -1.637026719827429089e+00 3.070557827464487133e+00 2.633939872585593367e+00 -1.556023764901658391e+00 -3.898076119543829599e-01 -9.739279921341622570e-01 -1.635777346718495506e+00
1.897070942444494701e+00 -1.637001124088816040e+00 3.070557827464487133e+00 2.633939872585593367e+00 -1.556023764901658391e+00 -3.898076119543829599e-01 -9.739279921341622570e-01 -1.635777346718495506e+00
1.897070942444494701e+00 -1.636985305053139994e+00 3.070557827464487133e+00 2.633939872585593367e+00 -1.556023764901658391e+00 -3.898076119543829599e-01 -9.739279921341622570e-01 -1.635777346718495506e+00
1.897070942444494701e+00 -1.636985305053139994e+00 4.070557827464487133e+00 2.633939872585593367e+00 -1.556023764901658391e+00 -3.898076119543829599e-01 -9.739279921341622570e-01 -1.635777346718495506e+00
1.897070942444494701e+00 -1.636985305053139994e+00 1.452523827464487161e+00 2.633939872585593367e+00 -1.556023764901658391e+00 -3.898076119543829599e-01 -9.739279921341622570e-01 -1.635777346718495506e+00
1.897070942444494701e+00 -1.636985305053139994e+00 3.070557827464487133e+00 2.633939872585593367e+00 -1.556023764901658391e+00 -3.898076119543829599e-01 -9.739279921341622570e-01 -1.635777346718495506e+00
1.897070942444494701e+00 -1.636985305053139994e+00 2.452523852620487332e+00 2.633939872585593367e+00 -1.556023764901658391e+00 -3.898076119543829599e-01 -9.739279921341622570e-01 -1.635777346718495506e+00
1.897070942444494701e+00 -1.636985305053139994e+00 3.452523827464487383e+00 2.633939872585593367e+00 -1.556023764901658391e+00 -3.898076119543829599e-01 -9.739279921341622570e-01 -1.635777346718495506e+00
1.897070942444494701e+00 -1.636985305053139994e+00 2.992461626510928063e+00 2.633939872585593367e+00 -1.556023764901658391e+00 -3.898076119543829599e-01 -9.739279921341622570e-01 -1.635777346718495506e+00
1.897070942444494701e+00 -1.636985305053139994e+00 2.786223754769091787e+00 2.633939872585593367e+00 -1.556023764901658391e+00 -3.898076119543829599e-01 -9.739279921341622570e-01 -1.635777346718495506e+00
1.897070942444494701e+00 -1.636985305053139994e+00 2.940549244203959134e+00 2.633939872585593367e+00 -1.556023764901658391e+00 -3.898076119543829599e-01 -9.739279921341622570e-01 -1.635777346718495506e+00
1.897070942444494701e+00 -1.636985305053139994e+00 2.997347640263616775e+00 2.633939872585593367e+00 -1.556023764901658391e+00 -3.898076119543829599e-01 -9.739279921341622570e-01 -1.635777346718495506e+00
1.897070942444494701e+00 -1.636985305053139994e+00 2.972632861490664524e+00 2.633939872585593367e+00 -1.556023764901658391e+00 -3.898076119543829599e-01 -9.739279921341622570e-01 -1.635777346718495506e+00
1.897070942444494701e+00 -1.636985305053139994e+00 2.984887712451198105e+00 2.633939872585593367e+00 -1.556023764901658391e+00 -3.898076119543829599e-01 -9.739279921341622570e-01 -1.635777346718495506e+00
1.897070942444494701e+00 -1.636985305053139994e+00 2.989568648853189181e+00 2.633939872585593367e+00 -1.556023764901658391e+00 -3.898076119543829599e-01 -9.739279921341622570e-01 -1.635777346718495506e+00
1.897070942444494701e+00 -1.636985305053139994e+00 2.994327917639987735e+00 2.633939872585593367e+00 -1.556023764901658391e+00 -3.898076119543829599e-01 -9.739279921341622570e-01 -1.635777346718495506e+00
1.897070942444494701e+00 -1.636985305053139994e+00 2.991356607406912005e+00 2.633939872585593367e+00 -1.556023764901658391e+00 -3.898076119543829599e-01 -9.739279921341622570e-01 -1.635777346718495506e+00
1.897070942444494701e+00 -1.636985305053139994e+00 2.993242588530463433e+00 2.633939872585593367e+00 -1.556023764901658391e+00 -3.898076119543829599e-01 -9.739279921341622570e-01 -1.635777346718495506e+00
1.897070942444494701e+00 -1.636985305053139994e+00 2.992461626510928063e+00 2.633939872585593367e+00 -1.556023764901658391e+00 -3.898076119543829599e-01 -9.739279921341622570e-01 -1.635777346718495506e+00
1.897070942444494701e+00 -1.636985305053139994e+00 2.992461626510928063e+00 3.633939872585593367e+00 -1.556023764901658391e+00 -3.898076119543829599e-01 -9.739279921341622570e-01 -1.635777346718495506e+00
1.897070942444494701e+00 -1.636985305053139994e+00 2.992461626510928063e+00 1.015905872585593395e+00 -1.556023764901658391e+00 -3.898076119543829599e-01 -9.739279921341622570e-01 -1.635777346718495506e+00
1.897070942444494701e+00 -1.636985305053139994e+00 2.992461626510928063e+00 2.633939872585593367e+00 -1.556023764901658391e+00 -3.898076119543829599e-01 -9.739279921341622570e-01 -1.635777346718495506e+00
1.897070942444494701e+00 -1.636985305053139994e+00 2.992461626510928063e+00 2.015905897741593122e+00 -1.556023764901658391e+00 -3.898076119543829599e-01 -9.739279921341622570e-01 -1.635777346718495506e+00
1.897070942444494701e+00 -1.636985305053139994e+00 2.992461626510928063e+00 3.015905872585593173e+00 -1.556023764901658391e+00 -3.898076119543829599e-01 -9.739279921341622570e-01 -1.635777346718495506e+00
1.897070942444494701e+00 -1.636985305053139994e+00 2.992461626510928063e+00 2.424894493239093229e+00 -1.556023764901658391e+00 -3.898076119543829599e-01 -9.739279921341622570e-01 -1.635777346718495506e+00
1.897070942444494701e+00 -1.636985305053139994e+00 2.992461626510928063e+00 2.779837897741593622e+00 -1.556023764901658391e+00 -3.898076119543829599e-01 -9.739279921341622570e-01 -1.635777346718495506e+00
1.897070942444494701e+00 -1.636985305053139994e+00 2.992461626510928063e+00 2.657938913579540596e+00 -1.556023764901658391e+00 -3.898076119543829599e-01 -9.739279921341622570e-01 -1.635777346718495506e+00
1.897070942444494701e+00 -1.636985305053139994e+00 2.992461626510928063e+00 2.626031909755304650e+00 -1.556023764901658391e+00 -3.898076119543829599e-01 -9.739279921341622570e-01 -1.635777346718495506e+00
1.897070942444494701e+00 -1.636985305053139994e+00 2.992461626510928063e+00 2.622201395209851071e+00 -1.556023764901658391e+00 -3.898076119543829599e-01 -9.739279921341622570e-01 -1.635777346718495506e+00
1.897070942444494701e+00 -1.636985305053139994e+00 2.992461626510928063e+00 2.629052482685738656e+00 -1.556023764901658391e+00 -3.898076119543829599e-01 -9.739279921341622570e-01 -1.635777346718495506e+00
1.897070942444494701e+00 -1.636985305053139994e+00 2.992461626510928063e+00 2.625133192191615894e+00 -1.556023764901658391e+00 -3.898076119543829599e-01 -9.739279921341622570e-01 -1.635777346718495506e+00
1.897070942444494701e+00 -1.636985305053139994e+00 2.992461626510928063e+00 2.626110989393607653e+00 -1.556023764901658391e+00 -3.898076119543829599e-01 -9.739279921341622570e-01 -1.635777346718495506e+00
1.897070942444494701e+00 -1.636985305053139994e+00 2.992461626510928063e+00 2.625688630202372753e+00 -1.556023764901658391e+00 -3.898076119543829599e-01 -9.739279921341622570e-01 -1.635777346718495506e+00
1.897070942444494701e+00 -1.636985305053139994e+00 2.992461626510928063e+00 2.625900788637589578e+00 -1.556023764901658391e+00 -3.898076119543829599e-01 -9.739279921341622570e-01 -1.635777346718495506e+00
1.897070942444494701e+00 -1.636985305053139994e+00 2.992461626510928063e+00 2.625819751328723584e+00 -1.556023764901658391e+00 -3.898076119543829599e-01 -9.739279921341622570e-01 -1.635777346718495506e+00
1.897070942444494701e+00 -1.636985305053139994e+00 2.992461626510928063e+00 2.625900788637589578e+00 -1.556023764901658391e+00 -3.898076119543829599e-01 -9.739279921341622570e-01 -1.635777346718495506e+00
1.897070942444494701e+00 -1.636985305053139994e+00 2.992461626510928063e+00 2.625900788637589578e+00 -5.560237649016583905e-01 -3.898076119543829599e-01 -9.739279921341622570e-01 -1.635777346718495506e+00
1.897070942444494701e+00 -1.636985305053139994e+00 2.992461626510928063e+00 2.625900788637589578e+00 -3.174057764901658363e+00 -3.898076119543829599e-01 -9.739279921341622570e-01 -1.635777346718495506e+00
1.897070942444494701e+00 -1.636985305053139994e+00 2.992461626510928063e+00 2.625900788637589578e+00 -1.556023764901658391e+00 -3.898076119543829599e-01 -9.739279921341622570e-01 -1.635777346718495506e+00
1.897070942444494701e+00 -1.636985305053139994e+00 2.992461626510928063e+00 2.625900788637589578e+00 -2.174057739745658413e+00 -3.898076119543829599e-01 -9.739279921341622570e-01 -1.635777346718495506e+00
1.897070942444494701e+00 -1.636985305053139994e+00 2.992461626510928063e+00 2.625900788637589578e+00 -1.174057764901658363e+00 -3.898076119543829599e-01 -9.739279921341622570e-01 -1.635777346718495506e+00
1.897070942444494701e+00 -1.636985305053139994e+00 2.992461626510928063e+00 2.625900788637589578e+00 -1.566779267414573962e+00 -3.898076119543829599e-01 -9.739279921341622570e-01 -1.635777346718495506e+00
1.897070942444494701e+00 -1.636985305053139994e+00 2.992461626510928063e+00 2.625900788637589578e+00 -1.383074651557576251e+00 -3.898076119543829599e-01 -9.739279921341622570e-01 -1.635777346718495506e+00
1.897070942444494701e+00 -1.636985305053139994e+00 2.992461626510928063e+00 2.625900788637589578e+00 -1.489963083874072725e+00 -3.898076119543829599e-01 -9.739279921341622570e-01 -1.635777346718495506e+00
1.897070942444494701e+00 -1.636985305053139994e+00 2.992461626510928063e+00 2.625900788637589578e+00 -1.526184661445430191e+00 -3.898076119543829599e-01 -9.739279921341622570e-01 -1.635777346718495506e+00
1.897070942444494701e+00 -1.636985305053139994e+00 2.992461626510928063e+00 2.625900788637589578e+00 -1.544626241910896702e+00 -3.898076119543829599e-01 -9.739279921341622570e-01 -1.635777346718495506e+00
1.897070942444494701e+00 -1.636985305053139994e+00 2.992461626510928063e+00 2.625900788637589578e+00 -1.551670298634969081e+00 -3.898076119543829599e-01 -9.739279921341622570e-01 -1.635777346718495506e+00
1.897070942444494701e+00 -1.636985305053139994e+00 2.992461626510928063e+00 2.625900788637589578e+00 -1.560132001174506566e+00 -3.898076119543829599e-01 -9.739279921341622570e-01 -1.635777346718495506e+00
1.897070942444494701e+00 -1.636985305053139994e+00 2.992461626510928063e+00 2.625900788637589578e+00 -1.555870108354022285e+00 -3.898076119543829599e-01 -9.739279921341622570e-01 -1.635777346718495506e+00
1.897070942444494701e+00 -1.636985305053139994e+00 2.992461626510928063e+00 2.625900788637589578e+00 -1.557592971477853139e+00 -3.898076119543829599e-01 -9.739279921341622570e-01 -1.635777346718495506e+00
1.897070942444494701e+00 -1.636985305053139994e+00 2.992461626510928063e+00 2.625900788637589578e+00 -1.557852185183624449e+00 -3.898076119543829599e-01 -9.739279921341622570e-01 -1.635777346718495506e+00
1.897070942444494701e+00 -1.636985305053139994e+00 2.992461626510928063e+00 2.625900788637589578e+00 -1.558722997378397812e+00 -3.898076119543829599e-01 -9.739279921341622570e-01 -1.635777346718495506e+00
1.897070942444494701e+00 -1.636985305053139994e+00 2.992461626510928063e+00 2.625900788637589578e+00 -1.559781581991041888e+00 -3.898076119543829599e-01 -9.739279921341622570e-01 -1.635777346718495506e+00
1.897070942444494701e+00 -1.636985305053139994e+00 2.992461626510928063e+00 2.625900788637589578e+00 -1.559127340708551079e+00 -3.898076119543829599e-01 -9.739279921341622570e-01 -1.635777346718495506e+00
1.897070942444494701e+00 -1.636985305053139994e+00 2.992461626510928063e+00 2.625900788637589578e+00 -1.558390376727609050e+00 -3.898076119543829599e-01 -9.739279921341622570e-01 -1.635777346718495506e+00
1.897070942444494701e+00 -1.636985305053139994e+00 2.992461626510928063e+00 2.625900788637589578e+00 -1.558877442782843126e+00 -3.898076119543829599e-01 -9.739279921341622570e-01 -1.635777346718495506e+00
1.897070942444494701e+00 -1.636985305053139994e+00 2.992461626510928063e+00 2.625900788637589578e+00 -1.558595947598898634e+00 -3.898076119543829599e-01 -9.739279921341622570e-01 -1.635777346718495506e+00
1.897070942444494701e+00 -1.636985305053139994e+00 2.992461626510928063e+00 2.625900788637589578e+00 -1.558781990271752127e+00 -3.898076119543829599e-01 -9.739279921341622570e-01 -1.635777346718495506e+00
1.897070942444494701e+00 -1.636985305053139994e+00 2.992461626510928063e+00 2.625900788637589578e+00 -1.558674468682321512e+00 -3.898076119543829599e-01 -9.739279921341622570e-01 -1.635777346718495506e+00
1.897070942444494701e+00 -1.636985305053139994e+00 2.992461626510928063e+00 2.625900788637589578e+00 -1.558749989713165141e+00 -3.898076119543829599e-01 -9.739279921341622570e-01 -1.635777346718495506e+00
1.897070942444494701e+00 -1.636985305053139994e+00 2.992461626510928063e+00 2.625900788637589578e+00 -1.558722997378397812e+00 -3.898076119543829599e-01 -9.739279921341622570e-01 -1.635777346718495506e+00
1.897070942444494701e+00 -1.636985305053139994e+00 2.992461626510928063e+00 2.625900788637589578e+00 -1.558722997378397812e+00 6.101923880456170401e-01 -9.739279921341622570e-01 -1.635777346718495506e+00
1.897070942444494701e+00 -1.636985305053139994e+00 2.992461626510928063e+00 2.625900788637589578e+00 -1.558722997378397812e+00 -2.007841611954383154e+00 -9.739279921341622570e-01 -1.635777346718495506e+00
1.897070942444494701e+00 -1.636985305053139994e+00 2.992461626510928063e+00 2.625900788637589578e+00 -1.558722997378397812e+00 -3.898076119543829599e-01 -9.739279921341622570e-01 -1.635777346718495506e+00
1.897070942444494701e+00 -1.636985305053139994e+00 2.992461626510928063e+00 2.625900788637589578e+00 -1.558722997378397812e+00 -1.007841586798382982e+00 -9.739279921341622570e-01 -1.635777346718495506e+00
1.897070942444494701e+00 -1.636985305053139994e+00 2.992461626510928063e+00 2.625900788637589578e+00 -1.558722997378397812e+00 -7.841611954382932126e-03 -9.739279921341622570e-01 -1.635777346718495506e+00
1.897070942444494701e+00 -1.636985305053139994e+00 2.992461626510928063e+00 2.625900788637589578e+00 -1.558722997378397812e+00 2.282263628896170626e-01 -9.739279921341622570e-01 -1.635777346718495506e+00
1.897070942444494701e+00 -1.636985305053139994e+00 2.992461626510928063e+00 2.625900788637589578e+00 -1.558722997378397812e+00 -1.076988838938098825e-01 -9.739279921341622570e-01 -1.635777346718495506e+00
1.897070942444494701e+00 -1.636985305053139994e+00 2.992461626510928063e+00 2.625900788637589578e+00 -1.558722997378397812e+00 8.232832812488038998e-02 -9.739279921341622570e-01 -1.635777346718495506e+00
1.897070942444494701e+00 -1.636985305053139994e+00 2.992461626510928063e+00 2.625900788637589578e+00 -1.558722997378397812e+00 5.740871965624338991e-02 -9.739279921341622570e-01 -1.635777346718495506e+00
1.897070942444494701e+00 -1.636985305053139994e+00 2.992461626510928063e+00 2.625900788637589578e+00 -1.558722997378397812e+00 1.380564168718277918e-01 -9.739279921341622570e-01 -1.635777346718495506e+00
1.897070942444494701e+00 -1.636985305053139994e+00 2.992461626510928063e+00 2.625900788637589578e+00 -1.558722997378397812e+00 1.036145632711968911e-01 -9.739279921341622570e-01 -1.635777346718495506e+00
1.897070942444494701e+00 -1.636985305053139994e+00 2.992461626510928063e+00 2.625900788637589578e+00 -1.558722997378397812e+00 7.280988495654899806e-02 -9.739279921341622570e-01 -1.635777346718495506e+00
1.897070942444494701e+00 -1.636985305053139994e+00 2.992461626510928063e+00 2.625900788637589578e+00 -1.558722997378397812e+00 9.045894621877831332e-02 -9.739279921341622570e-01 -1.635777346718495506e+00
1.897070942444494701e+00 -1.636985305053139994e+00 2.992461626510928063e+00 2.625900788637589578e+00 -1.558722997378397812e+00 7.760696871408773179e-02 -9.739279921341622570e-01 -1.635777346718495506e+00
1.897070942444494701e+00 -1.636985305053139994e+00 2.992461626510928063e+00 2.625900788637589578e+00 -1.558722997378397812e+00 8.232832812488038998e-02 -9.739279921341622570e-01 -1.635777346718495506e+00
1.897070942444494701e+00 -1.636985305053139994e+00 2.992461626510928063e+00 2.625900788637589578e+00 -1.558722997378397812e+00 8.232832812488038998e-02 2.607200786583774299e-02 -1.635777346718495506e+00
1.897070942444494701e+00 -1.636985305053139994e+00 2.992461626510928063e+00 2.625900788637589578e+00 -1.558722997378397812e+00 8.232832812488038998e-02 -2.591961992134162340e+00 -1.635777346718495506e+00
1.897070942444494701e+00 -1.636985305053139994e+00 2.992461626510928063e+00 2.625900788637589578e+00 -1.558722997378397812e+00 8.232832812488038998e-02 -9.739279921341622570e-01 -1.635777346718495506e+00
1.897070942444494701e+00 -1.636985305053139994e+00 2.992461626510928063e+00 2.625900788637589578e+00 -1.558722997378397812e+00 8.232832812488038998e-02 -1.591961966978162391e+00 -1.635777346718495506e+00
1.897070942444494701e+00 -1.636985305053139994e+00 2.992461626510928063e+00 2.625900788637589578e+00 -1.558722997378397812e+00 8.232832812488038998e-02 -5.919619921341622293e-01 -1.635777346718495506e+00
1.897070942444494701e+00 -1.636985305053139994e+00 2.992461626510928063e+00 2.625900788637589578e+00 -1.558722997378397812e+00 8.232832812488038998e-02 -1.187288684397024507e+00 -1.635777346718495506e+00
1.897070942444494701e+00 -1.636985305053139994e+00 2.992461626510928063e+00 2.625900788637589578e+00 -1.558722997378397812e+00 8.232832812488038998e-02 -8.280299669781622240e-01 -1.635777346718495506e+00
1.897070942444494701e+00 -1.636985305053139994e+00 2.992461626510928063e+00 2.625900788637589578e+00 -1.558722997378397812e+00 8.232832812488038998e-02 -1.060655132523193656e+00 -1.635777346718495506e+00
1.897070942444494701e+00 -1.636985305053139994e+00 2.992461626510928063e+00 2.625900788637589578e+00 -1.558722997378397812e+00 8.232832812488038998e-02 -9.487350274257966287e-01 -1.635777346718495506e+00
1.897070942444494701e+00 -1.636985305053139994e+00 2.992461626510928063e+00 2.625900788637589578e+00 -1.558722997378397812e+00 8.232832812488038998e-02 -9.026297983068554132e-01 -1.635777346718495506e+00
1.897070942444494701e+00 -1.636985305053139994e+00 2.992461626510928063e+00 2.625900788637589578e+00 -1.558722997378397812e+00 8.232832812488038998e-02 -9.414411262627095933e-01 -1.635777346718495506e+00
1.897070942444494701e+00 -1.636985305053139994e+00 2.992461626510928063e+00 2.625900788637589578e+00 -1.558722997378397812e+00 8.232832812488038998e-02 -9.517142517463799134e-01 -1.635777346718495506e+00
1.897070942444494701e+00 -1.636985305053139994e+00 2.992461626510928063e+00 2.625900788637589578e+00 -1.558722997378397812e+00 8.232832812488038998e-02 -9.490299800433378286e-01 -1.635777346718495506e+00
1.897070942444494701e+00 -1.636985305053139994e+00 2.992461626510928063e+00 2.625900788637589578e+00 -1.558722997378397812e+00 8.232832812488038998e-02 -9.459490051741368255e-01 -1.635777346718495506e+00
1.897070942444494701e+00 -1.636985305053139994e+00 2.992461626510928063e+00 2.625900788637589578e+00 -1.558722997378397812e+00 8.232832812488038998e-02 -9.476708616504191385e-01 -1.635777346718495506e+00
1.897070942444494701e+00 -1.636985305053139994e+00 2.992461626510928063e+00 2.625900788637589578e+00 -1.558722997378397812e+00 8.232832812488038998e-02 -9.483285522812388013e-01 -1.635777346718495506e+00
1.897070942444494701e+00 -1.636985305053139994e+00 2.992461626510928063e+00 2.625900788637589578e+00 -1.558722997378397812e+00 8.232832812488038998e-02 -9.487350274257966287e-01 -1.635777346718495506e+00
1.897070942444494701e+00 -1.636985305053139994e+00 2.992461626510928063e+00 2.625900788637589578e+00 -1.558722997378397812e+00 8.232832812488038998e-02 -9.487350274257966287e-01 -6.357773467184955063e-01
1.897070942444494701e+00 -1.636985305053139994e+00 2.992461626510928063e+00 2.625900788637589578e+00 -1.558722997378397812e+00 8.232832812488038998e-02 -9.487350274257966287e-01 -3.253811346718495479e+00
1.897070942444494701e+00 -1.636985305053139994e+00 2.992461626510928063e+00 2.625900788637589578e+00 -1.558722997378397812e+00 8.232832812488038998e-02 -9.487350274257966287e-01 -1.635777346718495506e+00
1.897070942444494701e+00 -1.636985305053139994e+00 2.992461626510928063e+00 2.625900788637589578e+00 -1.558722997378397812e+00 8.232832812488038998e-02 -9.487350274257966287e-01 -2.253811321562495529e+00
1.897070942444494701e+00 -1.636985305053139994e+00 2.992461626510928063e+00 2.625900788637589578e+00 -1.558722997378397812e+00 8.232832812488038998e-02 -9.487350274257966287e-01 -1.253811346718495479e+00
1.897070942444494701e+00 -1.636985305053139994e+00 2.992461626510928063e+00 2.625900788637589578e+00 -1.558722997378397812e+00 8.232832812488038998e-02 -9.487350274257966287e-01 -1.607408448652388744e+00
1.897070942444494701e+00 -1.636985305053139994e+00 2.992461626510928063e+00 2.625900788637589578e+00 -1.558722997378397812e+00 8.232832812488038998e-02 -9.487350274257966287e-01 -1.594122413739491595e+00
1.897070942444494701e+00 -1.636985305053139994e+00 2.992461626510928063e+00 2.625900788637589578e+00 -1.558722997378397812e+00 8.232832812488038998e-02 -9.487350274257966287e-01 -1.610721523316823722e+00
1.897070942444494701e+00 -1.636985305053139994e+00 2.992461626510928063e+00 2.625900788637589578e+00 -1.558722997378397812e+00 8.232832812488038998e-02 -9.487350274257966287e-01 -1.602333635040849025e+00
1.897070942444494701e+00 -1.636985305053139994e+00 2.992461626510928063e+00 2.625900788637589578e+00 -1.558722997378397812e+00 8.232832812488038998e-02 -9.487350274257966287e-01 -1.605470042396443420e+00
1.897070942444494701e+00 -1.636985305053139994e+00 2.992461626510928063e+00 2.625900788637589578e+00 -1.558722997378397812e+00 8.232832812488038998e-02 -9.487350274257966287e-01 -1.608673930529664231e+00
1.897070942444494701e+00 -1.636985305053139994e+00 2.992461626510928063e+00 2.625900788637589578e+00 -1.558722997378397812e+00 8.232832812488038998e-02 -9.487350274257966287e-01 -1.606668043368430387e+00
1.897070942444494701e+00 -1.636985305053139994e+00 2.992461626510928063e+00 2.625900788637589578e+00 -1.558722997378397812e+00 8.232832812488038998e-02 -9.487350274257966287e-01 -1.606210447729164326e+00
1.897070942444494701e+00 -1.636985305053139994e+00 2.992461626510928063e+00 2.625900788637589578e+00 -1.558722997378397812e+00 8.232832812488038998e-02 -9.487350274257966287e-01 -1.606959136411930888e+00
