0.000000000000000000e+00 0.000000000000000000e+00 0.000000000000000000e+00 0.000000000000000000e+00 0.000000000000000000e+00 0.000000000000000000e+00 0.000000000000000000e+00 0.000000000000000000e+00
0.000000000000000000e+00 0.000000000000000000e+00 0.000000000000000000e+00 0.000000000000000000e+00 0.000000000000000000e+00 0.000000000000000000e+00 0.000000000000000000e+00 0.000000000000000000e+00
1.000000000000000000e+00 0.000000000000000000e+00 0.000000000000000000e+00 0.000000000000000000e+00 0.000000000000000000e+00 0.000000000000000000e+00 0.000000000000000000e+00 0.000000000000000000e+00
2.618033999999999750e+00 0.000000000000000000e+00 0.000000000000000000e+00 0.000000000000000000e+00 0.000000000000000000e+00 0.000000000000000000e+00 0.000000000000000000e+00 0.000000000000000000e+00
1.861681940497289744e+00 0.000000000000000000e+00 0.000000000000000000e+00 0.000000000000000000e+00 0.000000000000000000e+00 0.000000000000000000e+00 0.000000000000000000e+00 0.000000000000000000e+00
1.861681940497289744e+00 0.000000000000000000e+00 0.000000000000000000e+00 0.000000000000000000e+00 0.000000000000000000e+00 0.000000000000000000e+00 0.000000000000000000e+00 0.000000000000000000e+00
1.532548736413301915e+00 0.000000000000000000e+00 0.000000000000000000e+00 0.000000000000000000e+00 0.000000000000000000e+00 0.000000000000000000e+00 0.000000000000000000e+00 0.000000000000000000e+00
1.329133225760458670e+00 0.000000000000000000e+00 0.000000000000000000e+00 0.000000000000000000e+00 0.000000000000000000e+00 0.000000000000000000e+00 0.000000000000000000e+00 0.000000000000000000e+00
1.547874223787435000e+00 0.000000000000000000e+00 0.000000000000000000e+00 0.000000000000000000e+00 0.000000000000000000e+00 0.000000000000000000e+00 0.000000000000000000e+00 0.000000000000000000e+00
1.435429857983751889e+00 0.000000000000000000e+00 0.000000000000000000e+00 0.000000000000000000e+00 0.000000000000000000e+00 0.000000000000000000e+00 0.000000000000000000e+00 0.000000000000000000e+00
1.394828158559949571e+00 0.000000000000000000e+00 0.000000000000000000e+00 0.000000000000000000e+00 0.000000000000000000e+00 0.000000000000000000e+00 0.000000000000000000e+00 0.000000000000000000e+00
1.482252419447459557e+00 0.000000000000000000e+00 0.000000000000000000e+00 0.000000000000000000e+00 0.000000000000000000e+00 0.000000000000000000e+00 0.000000000000000000e+00 0.000000000000000000e+00
1.453314484495798364e+00 0.000000000000000000e+00 0.000000000000000000e+00 0.000000000000000000e+00 0.000000000000000000e+00 0.000000000000000000e+00 0.000000000000000000e+00 0.000000000000000000e+00
1.419921389261639799e+00 0.000000000000000000e+00 0.000000000000000000e+00 0.000000000000000000e+00 0.000000000000000000e+00 0.000000000000000000e+00 0.000000000000000000e+00 0.000000000000000000e+00
1.435429857983751889e+00 0.000000000000000000e+00 0.000000000000000000e+00 0.000000000000000000e+00 0.000000000000000000e+00 0.000000000000000000e+00 0.000000000000000000e+00 0.000000000000000000e+00
1.435429857983751889e+00 1.000000000000000000e+00 0.000000000000000000e+00 0.000000000000000000e+00 0.000000000000000000e+00 0.000000000000000000e+00 0.000000000000000000e+00 0.000000000000000000e+00
1.435429857983751889e+00 -1.618033999999999972e+00 0.000000000000000000e+00 0.000000000000000000e+00 0.000000000000000000e+00 0.000000000000000000e+00 0.000000000000000000e+00 0.000000000000000000e+00
1.435429857983751889e+00 0.000000000000000000e+00 0.000000000000000000e+00 0.000000000000000000e+00 0.000000000000000000e+00 0.000000000000000000e+00 0.000000000000000000e+00 0.000000000000000000e+00
1.435429857983751889e+00 -6.180339748440000225e-01 0.000000000000000000e+00 0.000000000000000000e+00 0.000000000000000000e+00 0.000000000000000000e+00 0.000000000000000000e+00 0.000000000000000000e+00
1.435429857983751889e+00 3.819660000000000277e-01 0.000000000000000000e+00 0.000000000000000000e+00 0.000000000000000000e+00 0.000000000000000000e+00 0.000000000000000000e+00 0.000000000000000000e+00
1.435429857983751889e+00 6.180339748440000225e-01 0.000000000000000000e+00 0.000000000000000000e+00 0.000000000000000000e+00 0.000000000000000000e+00 0.000000000000000000e+00 0.000000000000000000e+00
1.435429857983751889e+00 4.165009778642522198e-01 0.000000000000000000e+00 0.000000000000000000e+00 0.000000000000000000e+00 0.000000000000000000e+00 0.000000000000000000e+00 0.000000000000000000e+00
1.435429857983751889e+00 2.360679748439999948e-01 0.000000000000000000e+00 0.000000000000000000e+00 0.000000000000000000e+00 0.000000000000000000e+00 0.000000000000000000e+00 0.000000000000000000e+00
1.435429857983751889e+00 3.262379149232633169e-01 0.000000000000000000e+00 0.000000000000000000e+00 0.000000000000000000e+00 0.000000000000000000e+00 0.000000000000000000e+00 0.000000000000000000e+00
1.435429857983751889e+00 3.606797662555792372e-01 0.000000000000000000e+00 0.000000000000000000e+00 0.000000000000000000e+00 0.000000000000000000e+00 0.000000000000000000e+00 0.000000000000000000e+00
1.435429857983751889e+00 3.951571873548969660e-01 0.000000000000000000e+00 0.000000000000000000e+00 0.000000000000000000e+00 0.000000000000000000e+00 0.000000000000000000e+00 0.000000000000000000e+00
1.435429857983751889e+00 3.738353824415786009e-01 0.000000000000000000e+00 0.000000000000000000e+00 0.000000000000000000e+00 0.000000000000000000e+00 0.000000000000000000e+00 0.000000000000000000e+00
1.435429857983751889e+00 3.870045850692006018e-01 0.000000000000000000e+00 0.000000000000000000e+00 0.000000000000000000e+00 0.000000000000000000e+00 0.000000000000000000e+00 0.000000000000000000e+00
1.435429857983751889e+00 3.781463399900000244e-01 0.000000000000000000e+00 0.000000000000000000e+00 0.000000000000000000e+00 0.000000000000000000e+00 0.000000000000000000e+00 0.000000000000000000e+00
1.435429857983751889e+00 3.819660000000000277e-01 0.000000000000000000e+00 0.000000000000000000e+00 0.000000000000000000e+00 0.000000000000000000e+00 0.000000000000000000e+00 0.000000000000000000e+00
1.435429857983751889e+00 3.819660000000000277e-01 1.000000000000000000e+00 0.000000000000000000e+00 0.000000000000000000e+00 0.000000000000000000e+00 0.000000000000000000e+00 0.000000000000000000e+00
1.435429857983751889e+00 3.819660000000000277e-01 2.618033999999999750e+00 0.000000000000000000e+00 0.000000000000000000e+00 0.000000000000000000e+00 0.000000000000000000e+00 0.000000000000000000e+00
1.435429857983751889e+00 3.819660000000000277e-01 1.000000000000000000e+00 0.000000000000000000e+00 0.000000000000000000e+00 0.000000000000000000e+00 0.000000000000000000e+00 0.000000000000000000e+00
1.435429857983751889e+00 3.819660000000000277e-01 1.618033974843999800e+00 0.000000000000000000e+00 0.000000000000000000e+00 0.000000000000000000e+00 0.000000000000000000e+00 0.000000000000000000e+00
1.435429857983751889e+00 3.819660000000000277e-01 1.999999984452736523e+00 0.000000000000000000e+00 0.000000000000000000e+00 0.000000000000000000e+00 0.000000000000000000e+00 0.000000000000000000e+00
1.435429857983751889e+00 3.819660000000000277e-01 2.236067965235262633e+00 0.000000000000000000e+00 0.000000000000000000e+00 0.000000000000000000e+00 0.000000000000000000e+00 0.000000000000000000e+00
1.435429857983751889e+00 3.819660000000000277e-01 1.929005877992746365e+00 0.000000000000000000e+00 0.000000000000000000e+00 0.000000000000000000e+00 0.000000000000000000e+00 0.000000000000000000e+00
1.435429857983751889e+00 3.819660000000000277e-01 2.079930471932652125e+00 0.000000000000000000e+00 0.000000000000000000e+00 0.000000000000000000e+00 0.000000000000000000e+00 0.000000000000000000e+00
1.435429857983751889e+00 3.819660000000000277e-01 2.100729776661978576e+00 0.000000000000000000e+00 0.000000000000000000e+00 0.000000000000000000e+00 0.000000000000000000e+00 0.000000000000000000e+00
1.435429857983751889e+00 3.819660000000000277e-01 2.059131167203325674e+00 0.000000000000000000e+00 0.000000000000000000e+00 0.000000000000000000e+00 0.000000000000000000e+00 0.000000000000000000e+00
1.435429857983751889e+00 3.819660000000000277e-01 2.036545065852814140e+00 0.000000000000000000e+00 0.000000000000000000e+00 0.000000000000000000e+00 0.000000000000000000e+00 0.000000000000000000e+00
1.435429857983751889e+00 3.819660000000000277e-01 2.059131167203325674e+00 0.000000000000000000e+00 0.000000000000000000e+00 0.000000000000000000e+00 0.000000000000000000e+00 0.000000000000000000e+00
1.435429857983751889e+00 3.819660000000000277e-01 2.059131167203325674e+00 1.000000000000000000e+00 0.000000000000000000e+00 0.000000000000000000e+00 0.000000000000000000e+00 0.000000000000000000e+00
1.435429857983751889e+00 3.819660000000000277e-01 2.059131167203325674e+00 2.618033999999999750e+00 0.000000000000000000e+00 0.000000000000000000e+00 0.000000000000000000e+00 0.000000000000000000e+00
1.435429857983751889e+00 3.819660000000000277e-01 2.059131167203325674e+00 1.000000000000000000e+00 0.000000000000000000e+00 0.000000000000000000e+00 0.000000000000000000e+00 0.000000000000000000e+00
1.435429857983751889e+00 3.819660000000000277e-01 2.059131167203325674e+00 1.618033974843999800e+00 0.000000000000000000e+00 0.000000000000000000e+00 0.000000000000000000e+00 0.000000000000000000e+00
1.435429857983751889e+00 3.819660000000000277e-01 2.059131167203325674e+00 6.180339999999999723e-01 0.000000000000000000e+00 0.000000000000000000e+00 0.000000000000000000e+00 0.000000000000000000e+00
1.435429857983751889e+00 3.819660000000000277e-01 2.059131167203325674e+00 8.225759380836183965e-01 0.000000000000000000e+00 0.000000000000000000e+00 0.000000000000000000e+00 0.000000000000000000e+00
1.435429857983751889e+00 3.819660000000000277e-01 2.059131167203325674e+00 1.236067965235263300e+00 0.000000000000000000e+00 0.000000000000000000e+00 0.000000000000000000e+00 0.000000000000000000e+00
1.435429857983751889e+00 3.819660000000000277e-01 2.059131167203325674e+00 1.381965994061473912e+00 0.000000000000000000e+00 0.000000000000000000e+00 0.000000000000000000e+00 0.000000000000000000e+00
1.435429857983751889e+00 3.819660000000000277e-01 2.059131167203325674e+00 1.145898028826210613e+00 0.000000000000000000e+00 0.000000000000000000e+00 0.000000000000000000e+00 0.000000000000000000e+00
1.435429857983751889e+00 3.819660000000000277e-01 2.059131167203325674e+00 1.298709246901018188e+00 0.000000000000000000e+00 0.000000000000000000e+00 0.000000000000000000e+00 0.000000000000000000e+00
1.435429857983751889e+00 3.819660000000000277e-01 2.059131167203325674e+00 1.255176650112579617e+00 0.000000000000000000e+00 0.000000000000000000e+00 0.000000000000000000e+00 0.000000000000000000e+00
1.435429857983751889e+00 3.819660000000000277e-01 2.059131167203325674e+00 1.201626115304843090e+00 0.000000000000000000e+00 0.000000000000000000e+00 0.000000000000000000e+00 0.000000000000000000e+00
1.435429857983751889e+00 3.819660000000000277e-01 2.059131167203325674e+00 1.222912349584740488e+00 0.000000000000000000e+00 0.000000000000000000e+00 0.000000000000000000e+00 0.000000000000000000e+00
1.435429857983751889e+00 3.819660000000000277e-01 2.059131167203325674e+00 1.236067965235263300e+00 0.000000000000000000e+00 0.000000000000000000e+00 0.000000000000000000e+00 0.000000000000000000e+00
1.435429857983751889e+00 3.819660000000000277e-01 2.059131167203325674e+00 1.236067965235263300e+00 1.000000000000000000e+00 0.000000000000000000e+00 0.000000000000000000e+00 0.000000000000000000e+00
1.435429857983751889e+00 3.819660000000000277e-01 2.059131167203325674e+00 1.236067965235263300e+00 -1.618033999999999972e+00 0.000000000000000000e+00 0.000000000000000000e+00 0.000000000000000000e+00
1.435429857983751889e+00 3.819660000000000277e-01 2.059131167203325674e+00 1.236067965235263300e+00 -1.256397850033760921e+00 0.000000000000000000e+00 0.000000000000000000e+00 0.000000000000000000e+00
1.435429857983751889e+00 3.819660000000000277e-01 2.059131167203325674e+00 1.236067965235263300e+00 -1.256397850033760921e+00 0.000000000000000000e+00 0.000000000000000000e+00 0.000000000000000000e+00
1.435429857983751889e+00 3.819660000000000277e-01 2.059131167203325674e+00 1.236067965235263300e+00 -7.764965888477652900e-01 0.000000000000000000e+00 0.000000000000000000e+00 0.000000000000000000e+00
1.435429857983751889e+00 3.819660000000000277e-01 2.059131167203325674e+00 1.236067965235263300e+00 -1.073091884903590865e+00 0.000000000000000000e+00 0.000000000000000000e+00 0.000000000000000000e+00
1.435429857983751889e+00 3.819660000000000277e-01 2.059131167203325674e+00 1.236067965235263300e+00 -1.084340757907461317e+00 0.000000000000000000e+00 0.000000000000000000e+00 0.000000000000000000e+00
1.435429857983751889e+00 3.819660000000000277e-01 2.059131167203325674e+00 1.236067965235263300e+00 -9.598025660503314294e-01 0.000000000000000000e+00 0.000000000000000000e+00 0.000000000000000000e+00
1.435429857983751889e+00 3.819660000000000277e-01 2.059131167203325674e+00 1.236067965235263300e+00 -1.024707259167087825e+00 0.000000000000000000e+00 0.000000000000000000e+00 0.000000000000000000e+00
1.435429857983751889e+00 3.819660000000000277e-01 2.059131167203325674e+00 1.236067965235263300e+00 -1.054610602949521692e+00 0.000000000000000000e+00 0.000000000000000000e+00 0.000000000000000000e+00
1.435429857983751889e+00 3.819660000000000277e-01 2.059131167203325674e+00 1.236067965235263300e+00 -1.073091884903590865e+00 0.000000000000000000e+00 0.000000000000000000e+00 0.000000000000000000e+00
1.435429857983751889e+00 3.819660000000000277e-01 2.059131167203325674e+00 1.236067965235263300e+00 -1.073091884903590865e+00 1.000000000000000000e+00 0.000000000000000000e+00 0.000000000000000000e+00
1.435429857983751889e+00 3.819660000000000277e-01 2.059131167203325674e+00 1.236067965235263300e+00 -1.073091884903590865e+00 2.618033999999999750e+00 0.000000000000000000e+00 0.000000000000000000e+00
1.435429857983751889e+00 3.819660000000000277e-01 2.059131167203325674e+00 1.236067965235263300e+00 -1.073091884903590865e+00 1.000000000000000000e+00 0.000000000000000000e+00 0.000000000000000000e+00
1.435429857983751889e+00 3.819660000000000277e-01 2.059131167203325674e+00 1.236067965235263300e+00 -1.073091884903590865e+00 1.618033974843999800e+00 0.000000000000000000e+00 0.000000000000000000e+00
1.435429857983751889e+00 3.819660000000000277e-01 2.059131167203325674e+00 1.236067965235263300e+00 -1.073091884903590865e+00 6.180339999999999723e-01 0.000000000000000000e+00 0.000000000000000000e+00
1.435429857983751889e+00 3.819660000000000277e-01 2.059131167203325674e+00 1.236067965235263300e+00 -1.073091884903590865e+00 9.482419058857021188e-01 0.000000000000000000e+00 0.000000000000000000e+00
1.435429857983751889e+00 3.819660000000000277e-01 2.059131167203325674e+00 1.236067965235263300e+00 -1.073091884903590865e+00 1.236067965235263300e+00 0.000000000000000000e+00 0.000000000000000000e+00
1.435429857983751889e+00 3.819660000000000277e-01 2.059131167203325674e+00 1.236067965235263300e+00 -1.073091884903590865e+00 1.090169936409052687e+00 0.000000000000000000e+00 0.000000000000000000e+00
1.435429857983751889e+00 3.819660000000000277e-01 2.059131167203325674e+00 1.236067965235263300e+00 -1.073091884903590865e+00 1.034441849930420210e+00 0.000000000000000000e+00 0.000000000000000000e+00
1.435429857983751889e+00 3.819660000000000277e-01 2.059131167203325674e+00 1.236067965235263300e+00 -1.073091884903590865e+00 9.802301678235381122e-01 0.000000000000000000e+00 0.000000000000000000e+00
1.435429857983751889e+00 3.819660000000000277e-01 2.059131167203325674e+00 1.236067965235263300e+00 -1.073091884903590865e+00 1.013155615650522812e+00 0.000000000000000000e+00 0.000000000000000000e+00
1.435429857983751889e+00 3.819660000000000277e-01 2.059131167203325674e+00 1.236067965235263300e+00 -1.073091884903590865e+00 1.000000000000000000e+00 0.000000000000000000e+00 0.000000000000000000e+00
1.435429857983751889e+00 3.819660000000000277e-01 2.059131167203325674e+00 1.236067965235263300e+00 -1.073091884903590865e+00 1.000000000000000000e+00 1.000000000000000000e+00 0.000000000000000000e+00
1.435429857983751889e+00 3.819660000000000277e-01 2.059131167203325674e+00 1.236067965235263300e+00 -1.073091884903590865e+00 1.000000000000000000e+00 -1.618033999999999972e+00 0.000000000000000000e+00
1.435429857983751889e+00 3.819660000000000277e-01 2.059131167203325674e+00 1.236067965235263300e+00 -1.073091884903590865e+00 1.000000000000000000e+00 0.000000000000000000e+00 0.000000000000000000e+00
1.435429857983751889e+00 3.819660000000000277e-01 2.059131167203325674e+00 1.236067965235263300e+00 -1.073091884903590865e+00 1.000000000000000000e+00 -6.180339748440000225e-01 0.000000000000000000e+00
1.435429857983751889e+00 3.819660000000000277e-01 2.059131167203325674e+00 1.236067965235263300e+00 -1.073091884903590865e+00 1.000000000000000000e+00 3.819660000000000277e-01 0.000000000000000000e+00
1.435429857983751889e+00 3.819660000000000277e-01 2.059131167203325674e+00 1.236067965235263300e+00 -1.073091884903590865e+00 1.000000000000000000e+00 -1.816561599359352575e-01 0.000000000000000000e+00
1.435429857983751889e+00 3.819660000000000277e-01 2.059131167203325674e+00 1.236067965235263300e+00 -1.073091884903590865e+00 1.000000000000000000e+00 1.458980251560000330e-01 0.000000000000000000e+00
1.435429857983751889e+00 3.819660000000000277e-01 2.059131167203325674e+00 1.236067965235263300e+00 -1.073091884903590865e+00 1.000000000000000000e+00 -1.584471478848440557e-02 0.000000000000000000e+00
1.435429857983751889e+00 3.819660000000000277e-01 2.059131167203325674e+00 1.236067965235263300e+00 -1.073091884903590865e+00 1.000000000000000000e+00 -7.917904924567562008e-02 0.000000000000000000e+00
1.435429857983751889e+00 3.819660000000000277e-01 2.059131167203325674e+00 1.236067965235263300e+00 -1.073091884903590865e+00 1.000000000000000000e+00 -2.854601930681641142e-02 0.000000000000000000e+00
1.435429857983751889e+00 3.819660000000000277e-01 2.059131167203325674e+00 1.236067965235263300e+00 -1.073091884903590865e+00 1.000000000000000000e+00 -1.899132695142441429e-02 0.000000000000000000e+00
1.435429857983751889e+00 3.819660000000000277e-01 2.059131167203325674e+00 1.236067965235263300e+00 -1.073091884903590865e+00 1.000000000000000000e+00 -9.792572459586170591e-03 0.000000000000000000e+00
1.435429857983751889e+00 3.819660000000000277e-01 2.059131167203325674e+00 1.236067965235263300e+00 -1.073091884903590865e+00 1.000000000000000000e+00 -1.772829750202673665e-02 0.000000000000000000e+00
1.435429857983751889e+00 3.819660000000000277e-01 2.059131167203325674e+00 1.236067965235263300e+00 -1.073091884903590865e+00 1.000000000000000000e+00 -1.353300219168446228e-02 0.000000000000000000e+00
1.435429857983751889e+00 3.819660000000000277e-01 2.059131167203325674e+00 1.236067965235263300e+00 -1.073091884903590865e+00 1.000000000000000000e+00 -1.496171917473511880e-02 0.000000000000000000e+00
1.435429857983751889e+00 3.819660000000000277e-01 2.059131167203325674e+00 1.236067965235263300e+00 -1.073091884903590865e+00 1.000000000000000000e+00 -1.656417934324531591e-02 0.000000000000000000e+00
1.435429857983751889e+00 3.819660000000000277e-01 2.059131167203325674e+00 1.236067965235263300e+00 -1.073091884903590865e+00 1.000000000000000000e+00 -1.550744048588304468e-02 0.000000000000000000e+00
1.435429857983751889e+00 3.819660000000000277e-01 2.059131167203325674e+00 1.236067965235263300e+00 -1.073091884903590865e+00 1.000000000000000000e+00 -1.611952578660821173e-02 0.000000000000000000e+00
1.435429857983751889e+00 3.819660000000000277e-01 2.059131167203325674e+00 1.236067965235263300e+00 -1.073091884903590865e+00 1.000000000000000000e+00 -1.568626763059956242e-02 0.000000000000000000e+00
1.435429857983751889e+00 3.819660000000000277e-01 2.059131167203325674e+00 1.236067965235263300e+00 -1.073091884903590865e+00 1.000000000000000000e+00 -1.584471478848440557e-02 0.000000000000000000e+00
1.435429857983751889e+00 3.819660000000000277e-01 2.059131167203325674e+00 1.236067965235263300e+00 -1.073091884903590865e+00 1.000000000000000000e+00 -1.584471478848440557e-02 1.000000000000000000e+00
1.435429857983751889e+00 3.819660000000000277e-01 2.059131167203325674e+00 1.236067965235263300e+00 -1.073091884903590865e+00 1.000000000000000000e+00 -1.584471478848440557e-02 -1.618033999999999972e+00
1.435429857983751889e+00 3.819660000000000277e-01 2.059131167203325674e+00 1.236067965235263300e+00 -1.073091884903590865e+00 1.000000000000000000e+00 -1.584471478848440557e-02 0.000000000000000000e+00
1.435429857983751889e+00 3.819660000000000277e-01 2.059131167203325674e+00 1.236067965235263300e+00 -1.073091884903590865e+00 1.000000000000000000e+00 -1.584471478848440557e-02 -6.180339748440000225e-01
1.435429857983751889e+00 3.819660000000000277e-01 2.059131167203325674e+00 1.236067965235263300e+00 -1.073091884903590865e+00 1.000000000000000000e+00 -1.584471478848440557e-02 3.819660000000000277e-01
1.435429857983751889e+00 3.819660000000000277e-01 2.059131167203325674e+00 1.236067965235263300e+00 -1.073091884903590865e+00 1.000000000000000000e+00 -1.584471478848440557e-02 -9.545053597263487843e-02
1.435429857983751889e+00 3.819660000000000277e-01 2.059131167203325674e+00 1.236067965235263300e+00 -1.073091884903590865e+00 1.000000000000000000e+00 -1.584471478848440557e-02 -2.950596417845747776e-01
1.435429857983751889e+00 3.819660000000000277e-01 2.059131167203325674e+00 1.236067965235263300e+00 -1.073091884903590865e+00 1.000000000000000000e+00 -1.584471478848440557e-02 -1.703026709919716053e-01
1.435429857983751889e+00 3.819660000000000277e-01 2.059131167203325674e+00 1.236067965235263300e+00 -1.073091884903590865e+00 1.000000000000000000e+00 -1.584471478848440557e-02 -1.733255132288992473e-01
1.435429857983751889e+00 3.819660000000000277e-01 2.059131167203325674e+00 1.236067965235263300e+00 -1.073091884903590865e+00 1.000000000000000000e+00 -1.584471478848440557e-02 -2.198238113767964075e-01
1.435429857983751889e+00 3.819660000000000277e-01 2.059131167203325674e+00 1.236067965235263300e+00 -1.073091884903590865e+00 1.000000000000000000e+00 -1.584471478848440557e-02 -1.910862821792589372e-01
1.435429857983751889e+00 3.819660000000000277e-01 2.059131167203325674e+00 1.236067965235263300e+00 -1.073091884903590865e+00 1.000000000000000000e+00 -1.584471478848440557e-02 -1.801095231017923459e-01
1.435429857983751889e+00 3.819660000000000277e-01 2.059131167203325674e+00 1.236067965235263300e+00 -1.073091884903590865e+00 1.000000000000000000e+00 -1.584471478848440557e-02 -1.759167743440087361e-01
2.870859715967503778e+00 7.639320000000000555e-01 4.118262334406651348e+00 2.472135930470526599e+00 -2.146183769807181729e+00 2.000000000000000000e+00 -3.168942957696881113e-02 -3.466510264577984946e-01
1.435429857983751889e+00 3.819660000000000277e-01 2.059131167203325674e+00 1.236067965235263300e+00 -1.073091884903590865e+00 1.000000000000000000e+00 -1.584471478848440557e-02 -1.733255132288992473e-01
2.435429857983751667e+00 3.819660000000000277e-01 2.059131167203325674e+00 1.236067965235263300e+00 -1.073091884903590865e+00 1.000000000000000000e+00 -1.584471478848440557e-02 -1.733255132288992473e-01
-1.826041420162480833e-01 3.819660000000000277e-01 2.059131167203325674e+00 1.236067965235263300e+00 -1.073091884903590865e+00 1.000000000000000000e+00 -1.584471478848440557e-02 -1.733255132288992473e-01
1.435429857983751889e+00 3.819660000000000277e-01 2.059131167203325674e+00 1.236067965235263300e+00 -1.073091884903590865e+00 1.000000000000000000e+00 -1.584471478848440557e-02 -1.733255132288992473e-01
8.173958831397518665e-01 3.819660000000000277e-01 2.059131167203325674e+00 1.236067965235263300e+00 -1.073091884903590865e+00 1.000000000000000000e+00 -1.584471478848440557e-02 -1.733255132288992473e-01
1.817395857983751917e+00 3.819660000000000277e-01 2.059131167203325674e+00 1.236067965235263300e+00 -1.073091884903590865e+00 1.000000000000000000e+00 -1.584471478848440557e-02 -1.733255132288992473e-01
1.361780520086528501e+00 3.819660000000000277e-01 2.059131167203325674e+00 1.236067965235263300e+00 -1.073091884903590865e+00 1.000000000000000000e+00 -1.584471478848440557e-02 -1.733255132288992473e-01
1.479142223875857809e+00 3.819660000000000277e-01 2.059131167203325674e+00 1.236067965235263300e+00 -1.073091884903590865e+00 1.000000000000000000e+00 -1.584471478848440557e-02 -1.733255132288992473e-01
1.454320704173889478e+00 3.819660000000000277e-01 2.059131167203325674e+00 1.236067965235263300e+00 -1.073091884903590865e+00 1.000000000000000000e+00 -1.584471478848440557e-02 -1.733255132288992473e-01
1.455735212955558966e+00 3.819660000000000277e-01 2.059131167203325674e+00 1.236067965235263300e+00 -1.073091884903590865e+00 1.000000000000000000e+00 -1.584471478848440557e-02 -1.733255132288992473e-01
1.446811981323791185e+00 3.819660000000000277e-01 2.059131167203325674e+00 1.236067965235263300e+00 -1.073091884903590865e+00 1.000000000000000000e+00 -1.584471478848440557e-02 -1.733255132288992473e-01
1.451452627341728752e+00 3.819660000000000277e-01 2.059131167203325674e+00 1.236067965235263300e+00 -1.073091884903590865e+00 1.000000000000000000e+00 -1.584471478848440557e-02 -1.733255132288992473e-01
1.453225196338616465e+00 3.819660000000000277e-01 2.059131167203325674e+00 1.236067965235263300e+00 -1.073091884903590865e+00 1.000000000000000000e+00 -1.584471478848440557e-02 -1.733255132288992473e-01
1.454860998435188568e+00 3.819660000000000277e-01 2.059131167203325674e+00 1.236067965235263300e+00 -1.073091884903590865e+00 1.000000000000000000e+00 -1.584471478848440557e-02 -1.733255132288992473e-01
1.453902257428081546e+00 3.819660000000000277e-01 2.059131167203325674e+00 1.236067965235263300e+00 -1.073091884903590865e+00 1.000000000000000000e+00 -1.584471478848440557e-02 -1.733255132288992473e-01
1.454527078211700797e+00 3.819660000000000277e-01 2.059131167203325674e+00 1.236067965235263300e+00 -1.073091884903590865e+00 1.000000000000000000e+00 -1.584471478848440557e-02 -1.733255132288992473e-01
1.454131795701988139e+00 3.819660000000000277e-01 2.059131167203325674e+00 1.236067965235263300e+00 -1.073091884903590865e+00 1.000000000000000000e+00 -1.584471478848440557e-02 -1.733255132288992473e-01
1.454320704173889478e+00 3.819660000000000277e-01 2.059131167203325674e+00 1.236067965235263300e+00 -1.073091884903590865e+00 1.000000000000000000e+00 -1.584471478848440557e-02 -1.733255132288992473e-01
1.454320704173889478e+00 1.381966000000000028e+00 2.059131167203325674e+00 1.236067965235263300e+00 -1.073091884903590865e+00 1.000000000000000000e+00 -1.584471478848440557e-02 -1.733255132288992473e-01
1.454320704173889478e+00 -1.236067999999999945e+00 2.059131167203325674e+00 1.236067965235263300e+00 -1.073091884903590865e+00 1.000000000000000000e+00 -1.584471478848440557e-02 -1.733255132288992473e-01
1.454320704173889478e+00 3.819660000000000277e-01 2.059131167203325674e+00 1.236067965235263300e+00 -1.073091884903590865e+00 1.000000000000000000e+00 -1.584471478848440557e-02 -1.733255132288992473e-01
1.454320704173889478e+00 -2.360679748439999948e-01 2.059131167203325674e+00 1.236067965235263300e+00 -1.073091884903590865e+00 1.000000000000000000e+00 -1.584471478848440557e-02 -1.733255132288992473e-01
1.454320704173889478e+00 7.639320000000000555e-01 2.059131167203325674e+00 1.236067965235263300e+00 -1.073091884903590865e+00 1.000000000000000000e+00 -1.584471478848440557e-02 -1.733255132288992473e-01
1.454320704173889478e+00 4.109339203142785557e-01 2.059131167203325674e+00 1.236067965235263300e+00 -1.073091884903590865e+00 1.000000000000000000e+00 -1.584471478848440557e-02 -1.733255132288992473e-01
1.454320704173889478e+00 1.458980347647367004e-01 2.059131167203325674e+00 1.236067965235263300e+00 -1.073091884903590865e+00 1.000000000000000000e+00 -1.584471478848440557e-02 -1.733255132288992473e-01
1.454320704173889478e+00 2.766995952118349034e-01 2.059131167203325674e+00 1.236067965235263300e+00 -1.073091884903590865e+00 1.000000000000000000e+00 -1.584471478848440557e-02 -1.733255132288992473e-01
1.454320704173889478e+00 3.417578124286837493e-01 2.059131167203325674e+00 1.236067965235263300e+00 -1.073091884903590865e+00 1.000000000000000000e+00 -1.584471478848440557e-02 -1.733255132288992473e-01
1.454320704173889478e+00 3.395981262380253218e-01 2.059131167203325674e+00 1.236067965235263300e+00 -1.073091884903590865e+00 1.000000000000000000e+00 -1.584471478848440557e-02 -1.733255132288992473e-01
1.454320704173889478e+00 3.155730259360755019e-01 2.059131167203325674e+00 1.236067965235263300e+00 -1.073091884903590865e+00 1.000000000000000000e+00 -1.584471478848440557e-02 -1.733255132288992473e-01
1.454320704173889478e+00 3.304213547760907477e-01 2.059131167203325674e+00 1.236067965235263300e+00 -1.073091884903590865e+00 1.000000000000000000e+00 -1.584471478848440557e-02 -1.733255132288992473e-01
1.454320704173889478e+00 3.360929115497960362e-01 2.059131167203325674e+00 1.236067965235263300e+00 -1.073091884903590865e+00 1.000000000000000000e+00 -1.584471478848440557e-02 -1.733255132288992473e-01
1.454320704173889478e+00 3.382592534044211452e-01 2.059131167203325674e+00 1.236067965235263300e+00 -1.073091884903590865e+00 1.000000000000000000e+00 -1.584471478848440557e-02 -1.733255132288992473e-01
1.454320704173889478e+00 3.402258743116257644e-01 2.059131167203325674e+00 1.236067965235263300e+00 -1.073091884903590865e+00 1.000000000000000000e+00 -1.584471478848440557e-02 -1.733255132288992473e-01
1.454320704173889478e+00 3.390867223372648898e-01 2.059131167203325674e+00 1.236067965235263300e+00 -1.073091884903590865e+00 1.000000000000000000e+00 -1.584471478848440557e-02 -1.733255132288992473e-01
1.454320704173889478e+00 3.395981262380253218e-01 2.059131167203325674e+00 1.236067965235263300e+00 -1.073091884903590865e+00 1.000000000000000000e+00 -1.584471478848440557e-02 -1.733255132288992473e-01
1.454320704173889478e+00 3.395981262380253218e-01 3.059131167203325674e+00 1.236067965235263300e+00 -1.073091884903590865e+00 1.000000000000000000e+00 -1.584471478848440557e-02 -1.733255132288992473e-01
1.454320704173889478e+00 3.395981262380253218e-01 4.677165167203325424e+00 1.236067965235263300e+00 -1.073091884903590865e+00 1.000000000000000000e+00 -1.584471478848440557e-02 -1.733255132288992473e-01
1.454320704173889478e+00 3.395981262380253218e-01 3.059131167203325674e+00 1.236067965235263300e+00 -1.073091884903590865e+00 1.000000000000000000e+00 -1.584471478848440557e-02 -1.733255132288992473e-01
1.454320704173889478e+00 3.395981262380253218e-01 3.677165142047325475e+00 1.236067965235263300e+00 -1.073091884903590865e+00 1.000000000000000000e+00 -1.584471478848440557e-02 -1.733255132288992473e-01
1.454320704173889478e+00 3.395981262380253218e-01 2.677165167203325424e+00 1.236067965235263300e+00 -1.073091884903590865e+00 1.000000000000000000e+00 -1.584471478848440557e-02 -1.733255132288992473e-01
1.454320704173889478e+00 3.395981262380253218e-01 2.891784842044463844e+00 1.236067965235263300e+00 -1.073091884903590865e+00 1.000000000000000000e+00 -1.584471478848440557e-02 -1.733255132288992473e-01
1.454320704173889478e+00 3.395981262380253218e-01 3.295199132438589196e+00 1.236067965235263300e+00 -1.073091884903590865e+00 1.000000000000000000e+00 -1.584471478848440557e-02 -1.733255132288992473e-01
1.454320704173889478e+00 3.395981262380253218e-01 3.149301103612378583e+00 1.236067965235263300e+00 -1.073091884903590865e+00 1.000000000000000000e+00 -1.584471478848440557e-02 -1.733255132288992473e-01
1.454320704173889478e+00 3.395981262380253218e-01 2.995210560767695984e+00 1.236067965235263300e+00 -1.073091884903590865e+00 1.000000000000000000e+00 -1.584471478848440557e-02 -1.733255132288992473e-01
1.454320704173889478e+00 3.395981262380253218e-01 2.981737194306417038e+00 1.236067965235263300e+00 -1.073091884903590865e+00 1.000000000000000000e+00 -1.584471478848440557e-02 -1.733255132288992473e-01
1.454320704173889478e+00 3.395981262380253218e-01 3.020302982021417115e+00 1.236067965235263300e+00 -1.073091884903590865e+00 1.000000000000000000e+00 -1.584471478848440557e-02 -1.733255132288992473e-01
1.454320704173889478e+00 3.395981262380253218e-01 3.004795012544294597e+00 1.236067965235263300e+00 -1.073091884903590865e+00 1.000000000000000000e+00 -1.584471478848440557e-02 -1.733255132288992473e-01
1.454320704173889478e+00 3.395981262380253218e-01 3.004795012544294597e+00 1.236067965235263300e+00 -1.073091884903590865e+00 1.000000000000000000e+00 -1.584471478848440557e-02 -1.733255132288992473e-01
1.454320704173889478e+00 3.395981262380253218e-01 3.004795012544294597e+00 2.236067965235263522e+00 -1.073091884903590865e+00 1.000000000000000000e+00 -1.584471478848440557e-02 -1.733255132288992473e-01
1.454320704173889478e+00 3.395981262380253218e-01 3.004795012544294597e+00 -3.819660347647366727e-01 -1.073091884903590865e+00 1.000000000000000000e+00 -1.584471478848440557e-02 -1.733255132288992473e-01
1.454320704173889478e+00 3.395981262380253218e-01 3.004795012544294597e+00 1.236067965235263300e+00 -1.073091884903590865e+00 1.000000000000000000e+00 -1.584471478848440557e-02 -1.733255132288992473e-01
1.454320704173889478e+00 3.395981262380253218e-01 3.004795012544294597e+00 6.180339903912632771e-01 -1.073091884903590865e+00 1.000000000000000000e+00 -1.584471478848440557e-02 -1.733255132288992473e-01
1.454320704173889478e+00 3.395981262380253218e-01 3.004795012544294597e+00 1.618033965235263327e+00 -1.073091884903590865e+00 1.000000000000000000e+00 -1.584471478848440557e-02 -1.733255132288992473e-01
1.454320704173889478e+00 3.395981262380253218e-01 3.004795012544294597e+00 1.029224837297168182e+00 -1.073091884903590865e+00 1.000000000000000000e+00 -1.584471478848440557e-02 -1.733255132288992473e-01
1.454320704173889478e+00 3.395981262380253218e-01 3.004795012544294597e+00 1.381965990391263333e+00 -1.073091884903590865e+00 1.000000000000000000e+00 -1.584471478848440557e-02 -1.733255132288992473e-01
1.454320704173889478e+00 3.395981262380253218e-01 3.004795012544294597e+00 1.248356769476733907e+00 -1.073091884903590865e+00 1.000000000000000000e+00 -1.584471478848440557e-02 -1.733255132288992473e-01
1.454320704173889478e+00 3.395981262380253218e-01 3.004795012544294597e+00 1.256190507120654720e+00 -1.073091884903590865e+00 1.000000000000000000e+00 -1.584471478848440557e-02 -1.733255132288992473e-01
1.454320704173889478e+00 3.395981262380253218e-01 3.004795012544294597e+00 1.252997623992232246e+00 -1.073091884903590865e+00 1.000000000000000000e+00 -1.584471478848440557e-02 -1.733255132288992473e-01
1.454320704173889478e+00 3.395981262380253218e-01 3.004795012544294597e+00 1.304232465363595939e+00 -1.073091884903590865e+00 1.000000000000000000e+00 -1.584471478848440557e-02 -1.733255132288992473e-01
1.454320704173889478e+00 3.395981262380253218e-01 3.004795012544294597e+00 1.274540901742877930e+00 -1.073091884903590865e+00 1.000000000000000000e+00 -1.584471478848440557e-02 -1.733255132288992473e-01
1.454320704173889478e+00 3.395981262380253218e-01 3.004795012544294597e+00 1.263199733952926840e+00 -1.073091884903590865e+00 1.000000000000000000e+00 -1.584471478848440557e-02 -1.733255132288992473e-01
1.454320704173889478e+00 3.395981262380253218e-01 3.004795012544294597e+00 1.258867793456870388e+00 -1.073091884903590865e+00 1.000000000000000000e+00 -1.584471478848440557e-02 -1.733255132288992473e-01
1.454320704173889478e+00 3.395981262380253218e-01 3.004795012544294597e+00 1.254970934323623721e+00 -1.073091884903590865e+00 1.000000000000000000e+00 -1.584471478848440557e-02 -1.733255132288992473e-01
1.454320704173889478e+00 3.395981262380253218e-01 3.004795012544294597e+00 1.254217196869583439e+00 -1.073091884903590865e+00 1.000000000000000000e+00 -1.584471478848440557e-02 -1.733255132288992473e-01
1.454320704173889478e+00 3.395981262380253218e-01 3.004795012544294597e+00 1.253751361495913041e+00 -1.073091884903590865e+00 1.000000000000000000e+00 -1.584471478848440557e-02 -1.733255132288992473e-01
1.454320704173889478e+00 3.395981262380253218e-01 3.004795012544294597e+00 1.253574527523306559e+00 -1.073091884903590865e+00 1.000000000000000000e+00 -1.584471478848440557e-02 -1.733255132288992473e-01
1.454320704173889478e+00 3.395981262380253218e-01 3.004795012544294597e+00 1.253928195468519524e+00 -1.073091884903590865e+00 1.000000000000000000e+00 -1.584471478848440557e-02 -1.733255132288992473e-01
1.454320704173889478e+00 3.395981262380253218e-01 3.004795012544294597e+00 1.253751361495913041e+00 -1.073091884903590865e+00 1.000000000000000000e+00 -1.584471478848440557e-02 -1.733255132288992473e-01
1.454320704173889478e+00 3.395981262380253218e-01 3.004795012544294597e+00 1.253751361495913041e+00 -7.309188490359086465e-02 1.000000000000000000e+00 -1.584471478848440557e-02 -1.733255132288992473e-01
1.454320704173889478e+00 3.395981262380253218e-01 3.004795012544294597e+00 1.253751361495913041e+00 -2.691125884903590837e+00 1.000000000000000000e+00 -1.584471478848440557e-02 -1.733255132288992473e-01
1.454320704173889478e+00 3.395981262380253218e-01 3.004795012544294597e+00 1.253751361495913041e+00 -1.073091884903590865e+00 1.000000000000000000e+00 -1.584471478848440557e-02 -1.733255132288992473e-01
1.454320704173889478e+00 3.395981262380253218e-01 3.004795012544294597e+00 1.253751361495913041e+00 -1.691125859747590887e+00 1.000000000000000000e+00 -1.584471478848440557e-02 -1.733255132288992473e-01
1.454320704173889478e+00 3.395981262380253218e-01 3.004795012544294597e+00 1.253751361495913041e+00 -6.911258849035908369e-01 1.000000000000000000e+00 -1.584471478848440557e-02 -1.733255132288992473e-01
1.454320704173889478e+00 3.395981262380253218e-01 3.004795012544294597e+00 1.253751361495913041e+00 -1.138866548995038253e+00 1.000000000000000000e+00 -1.584471478848440557e-02 -1.733255132288992473e-01
1.454320704173889478e+00 3.395981262380253218e-01 3.004795012544294597e+00 1.253751361495913041e+00 -1.167202342590445197e+00 1.000000000000000000e+00 -1.584471478848440557e-02 -1.733255132288992473e-01
1.454320704173889478e+00 3.395981262380253218e-01 3.004795012544294597e+00 1.253751361495913041e+00 -1.126874811930856923e+00 1.000000000000000000e+00 -1.584471478848440557e-02 -1.733255132288992473e-01
1.454320704173889478e+00 3.395981262380253218e-01 3.004795012544294597e+00 1.253751361495913041e+00 -1.149689858731501424e+00 1.000000000000000000e+00 -1.584471478848440557e-02 -1.733255132288992473e-01
1.454320704173889478e+00 3.395981262380253218e-01 3.004795012544294597e+00 1.253751361495913041e+00 -1.134286113155581255e+00 1.000000000000000000e+00 -1.584471478848440557e-02 -1.733255132288992473e-01
1.454320704173889478e+00 3.395981262380253218e-01 3.004795012544294597e+00 1.253751361495913041e+00 -1.143000685321836185e+00 1.000000000000000000e+00 -1.584471478848440557e-02 -1.733255132288992473e-01
1.454320704173889478e+00 3.395981262380253218e-01 3.004795012544294597e+00 1.253751361495913041e+00 -1.137116978239184339e+00 1.000000000000000000e+00 -1.584471478848440557e-02 -1.733255132288992473e-01
1.454320704173889478e+00 3.395981262380253218e-01 3.004795012544294597e+00 1.253751361495913041e+00 -1.140445648511239973e+00 1.000000000000000000e+00 -1.584471478848440557e-02 -1.733255132288992473e-01
1.454320704173889478e+00 3.395981262380253218e-01 3.004795012544294597e+00 1.253751361495913041e+00 -1.138198272451707682e+00 1.000000000000000000e+00 -1.584471478848440557e-02 -1.733255132288992473e-01
1.454320704173889478e+00 3.395981262380253218e-01 3.004795012544294597e+00 1.253751361495913041e+00 -1.139524295645952812e+00 1.000000000000000000e+00 -1.584471478848440557e-02 -1.733255132288992473e-01
1.454320704173889478e+00 3.395981262380253218e-01 3.004795012544294597e+00 1.253751361495913041e+00 -1.138866548995038253e+00 1.000000000000000000e+00 -1.584471478848440557e-02 -1.733255132288992473e-01
1.454320704173889478e+00 3.395981262380253218e-01 3.004795012544294597e+00 1.253751361495913041e+00 -1.138866548995038253e+00 2.000000000000000000e+00 -1.584471478848440557e-02 -1.733255132288992473e-01
1.454320704173889478e+00 3.395981262380253218e-01 3.004795012544294597e+00 1.253751361495913041e+00 -1.138866548995038253e+00 -6.180339999999999723e-01 -1.584471478848440557e-02 -1.733255132288992473e-01
1.454320704173889478e+00 3.395981262380253218e-01 3.004795012544294597e+00 1.253751361495913041e+00 -1.138866548995038253e+00 -1.418296781882724122e-01 -1.584471478848440557e-02 -1.733255132288992473e-01
1.454320704173889478e+00 3.395981262380253218e-01 3.004795012544294597e+00 1.253751361495913041e+00 -1.138866548995038253e+00 -1.418296781882724122e-01 -1.584471478848440557e-02 -1.733255132288992473e-01
1.454320704173889478e+00 3.395981262380253218e-01 3.004795012544294597e+00 1.253751361495913041e+00 -1.138866548995038253e+00 2.943104366705893149e-01 -1.584471478848440557e-02 -1.733255132288992473e-01
1.454320704173889478e+00 3.395981262380253218e-01 3.004795012544294597e+00 1.253751361495913041e+00 -1.138866548995038253e+00 5.638598564172709882e-01 -1.584471478848440557e-02 -1.733255132288992473e-01
1.454320704173889478e+00 3.395981262380253218e-01 3.004795012544294597e+00 1.253751361495913041e+00 -1.138866548995038253e+00 7.790302815724570173e-02 -1.584471478848440557e-02 -1.733255132288992473e-01
1.454320704173889478e+00 3.395981262380253218e-01 3.004795012544294597e+00 1.253751361495913041e+00 -1.138866548995038253e+00 3.972691503335503693e-01 -1.584471478848440557e-02 -1.733255132288992473e-01
1.454320704173889478e+00 3.395981262380253218e-01 3.004795012544294597e+00 1.253751361495913041e+00 -1.138866548995038253e+00 2.116501644703815410e-01 -1.584471478848440557e-02 -1.733255132288992473e-01
1.454320704173889478e+00 3.395981262380253218e-01 3.004795012544294597e+00 1.253751361495913041e+00 -1.138866548995038253e+00 3.336371646935758495e-01 -1.584471478848440557e-02 -1.733255132288992473e-01
1.454320704173889478e+00 3.395981262380253218e-01 3.004795012544294597e+00 1.253751361495913041e+00 -1.138866548995038253e+00 2.627370231393647559e-01 -1.584471478848440557e-02 -1.733255132288992473e-01
1.454320704173889478e+00 3.395981262380253218e-01 3.004795012544294597e+00 1.253751361495913041e+00 -1.138866548995038253e+00 3.093319096666173884e-01 -1.584471478848440557e-02 -1.733255132288992473e-01
1.454320704173889478e+00 3.395981262380253218e-01 3.004795012544294597e+00 1.253751361495913041e+00 -1.138866548995038253e+00 2.822504661977216500e-01 -1.584471478848440557e-02 -1.733255132288992473e-01
1.454320704173889478e+00 3.395981262380253218e-01 3.004795012544294597e+00 1.253751361495913041e+00 -1.138866548995038253e+00 3.013673323138834625e-01 -1.584471478848440557e-02 -1.733255132288992473e-01
1.454320704173889478e+00 3.395981262380253218e-01 3.004795012544294597e+00 1.253751361495913041e+00 -1.138866548995038253e+00 2.943104366705893149e-01 -1.584471478848440557e-02 -1.733255132288992473e-01
1.454320704173889478e+00 3.395981262380253218e-01 3.004795012544294597e+00 1.253751361495913041e+00 -1.138866548995038253e+00 2.943104366705893149e-01 9.841552852115156291e-01 -1.733255132288992473e-01
1.454320704173889478e+00 3.395981262380253218e-01 3.004795012544294597e+00 1.253751361495913041e+00 -1.138866548995038253e+00 2.943104366705893149e-01 -1.633878714788484343e+00 -1.733255132288992473e-01
1.454320704173889478e+00 3.395981262380253218e-01 3.004795012544294597e+00 1.253751361495913041e+00 -1.138866548995038253e+00 2.943104366705893149e-01 -1.584471478848440557e-02 -1.733255132288992473e-01
1.454320704173889478e+00 3.395981262380253218e-01 3.004795012544294597e+00 1.253751361495913041e+00 -1.138866548995038253e+00 2.943104366705893149e-01 -6.338786896324843934e-01 -1.733255132288992473e-01
1.454320704173889478e+00 3.395981262380253218e-01 3.004795012544294597e+00 1.253751361495913041e+00 -1.138866548995038253e+00 2.943104366705893149e-01 3.661212852115156013e-01 -1.733255132288992473e-01
1.454320704173889478e+00 3.395981262380253218e-01 3.004795012544294597e+00 1.253751361495913041e+00 -1.138866548995038253e+00 2.943104366705893149e-01 -2.241254090584975378e-01 -1.733255132288992473e-01
1.454320704173889478e+00 3.395981262380253218e-01 3.004795012544294597e+00 1.253751361495913041e+00 -1.138866548995038253e+00 2.943104366705893149e-01 1.300533103675156343e-01 -1.733255132288992473e-01
1.454320704173889478e+00 3.395981262380253218e-01 3.004795012544294597e+00 1.253751361495913041e+00 -1.138866548995038253e+00 2.943104366705893149e-01 -7.880425973643731541e-03 -1.733255132288992473e-01
1.454320704173889478e+00 3.395981262380253218e-01 3.004795012544294597e+00 1.253751361495913041e+00 -1.138866548995038253e+00 2.943104366705893149e-01 -4.138075570277201937e-02 -1.733255132288992473e-01
1.454320704173889478e+00 3.395981262380253218e-01 3.004795012544294597e+00 1.253751361495913041e+00 -1.138866548995038253e+00 2.943104366705893149e-01 -4.112539528362914310e-02 -1.733255132288992473e-01
1.454320704173889478e+00 3.395981262380253218e-01 3.004795012544294597e+00 1.253751361495913041e+00 -1.138866548995038253e+00 2.943104366705893149e-01 -1.111829999664450952e-01 -1.733255132288992473e-01
1.454320704173889478e+00 3.395981262380253218e-01 3.004795012544294597e+00 1.253751361495913041e+00 -1.138866548995038253e+00 2.943104366705893149e-01 -6.804283973519018036e-02 -1.733255132288992473e-01
1.454320704173889478e+00 3.395981262380253218e-01 3.004795012544294597e+00 1.253751361495913041e+00 -1.138866548995038253e+00 2.943104366705893149e-01 -5.156476529229864908e-02 -1.733255132288992473e-01
1.454320704173889478e+00 3.395981262380253218e-01 3.004795012544294597e+00 1.253751361495913041e+00 -1.138866548995038253e+00 2.943104366705893149e-01 -4.527070110964515059e-02 -1.733255132288992473e-01
1.454320704173889478e+00 3.395981262380253218e-01 3.004795012544294597e+00 1.253751361495913041e+00 -1.138866548995038253e+00 2.943104366705893149e-01 -4.329225062458851025e-02 -1.733255132288992473e-01
1.454320704173889478e+00 3.395981262380253218e-01 3.004795012544294597e+00 1.253751361495913041e+00 -1.138866548995038253e+00 2.943104366705893149e-01 -4.211088177207857747e-02 -1.733255132288992473e-01
1.454320704173889478e+00 3.395981262380253218e-01 3.004795012544294597e+00 1.253751361495913041e+00 -1.138866548995038253e+00 2.943104366705893149e-01 -4.165963903696076609e-02 -1.733255132288992473e-01
1.454320704173889478e+00 3.395981262380253218e-01 3.004795012544294597e+00 1.253751361495913041e+00 -1.138866548995038253e+00 2.943104366705893149e-01 -4.138075570277201937e-02 -1.733255132288992473e-01
1.454320704173889478e+00 3.395981262380253218e-01 3.004795012544294597e+00 1.253751361495913041e+00 -1.138866548995038253e+00 2.943104366705893149e-01 -4.138075570277201937e-02 8.266744867711007805e-01
1.454320704173889478e+00 3.395981262380253218e-01 3.004795012544294597e+00 1.253751361495913041e+00 -1.138866548995038253e+00 2.943104366705893149e-01 -4.138075570277201937e-02 -1.791359513228899303e+00
1.454320704173889478e+00 3.395981262380253218e-01 3.004795012544294597e+00 1.253751361495913041e+00 -1.138866548995038253e+00 2.943104366705893149e-01 -4.138075570277201937e-02 -1.733255132288992473e-01
1.454320704173889478e+00 3.395981262380253218e-01 3.004795012544294597e+00 1.253751361495913041e+00 -1.138866548995038253e+00 2.943104366705893149e-01 -4.138075570277201937e-02 -7.913594880728992420e-01
1.454320704173889478e+00 3.395981262380253218e-01 3.004795012544294597e+00 1.253751361495913041e+00 -1.138866548995038253e+00 2.943104366705893149e-01 -4.138075570277201937e-02 2.086404867711007804e-01
1.454320704173889478e+00 3.395981262380253218e-01 3.004795012544294597e+00 1.253751361495913041e+00 -1.138866548995038253e+00 2.943104366705893149e-01 -4.138075570277201937e-02 -6.097838687939328983e-02
1.454320704173889478e+00 3.395981262380253218e-01 3.004795012544294597e+00 1.253751361495913041e+00 -1.138866548995038253e+00 2.943104366705893149e-01 -4.138075570277201937e-02 -4.093934784641625746e-01
1.454320704173889478e+00 3.395981262380253218e-01 3.004795012544294597e+00 1.253751361495913041e+00 -1.138866548995038253e+00 2.943104366705893149e-01 -4.138075570277201937e-02 -2.634954496379518507e-01
1.454320704173889478e+00 3.395981262380253218e-01 3.004795012544294597e+00 1.253751361495913041e+00 -1.138866548995038253e+00 2.943104366705893149e-01 -4.138075570277201937e-02 -1.436312404886751493e-01
1.454320704173889478e+00 3.395981262380253218e-01 3.004795012544294597e+00 1.253751361495913041e+00 -1.138866548995038253e+00 2.943104366705893149e-01 -4.138075570277201937e-02 -2.077673631593194292e-01
1.454320704173889478e+00 3.395981262380253218e-01 3.004795012544294597e+00 1.253751361495913041e+00 -1.138866548995038253e+00 2.943104366705893149e-01 -4.138075570277201937e-02 -1.451255428663357216e-01
1.454320704173889478e+00 3.395981262380253218e-01 3.004795012544294597e+00 1.253751361495913041e+00 -1.138866548995038253e+00 2.943104366705893149e-01 -4.138075570277201937e-02 -1.864811288794221145e-01
1.454320704173889478e+00 3.395981262380253218e-01 3.004795012544294597e+00 1.253751361495913041e+00 -1.138866548995038253e+00 2.943104366705893149e-01 -4.138075570277201937e-02 -1.625540833493923087e-01
1.454320704173889478e+00 3.395981262380253218e-01 3.004795012544294597e+00 1.253751361495913041e+00 -1.138866548995038253e+00 2.943104366705893149e-01 -4.138075570277201937e-02 -1.558969734552411168e-01
1.454320704173889478e+00 3.395981262380253218e-01 3.004795012544294597e+00 1.253751361495913041e+00 -1.138866548995038253e+00 2.943104366705893149e-01 -4.138075570277201937e-02 -1.517826531989192873e-01
1.454320704173889478e+00 3.395981262380253218e-01 3.004795012544294597e+00 1.253751361495913041e+00 -1.138866548995038253e+00 2.943104366705893149e-01 -4.138075570277201937e-02 -1.584397630930704792e-01
1.454320704173889478e+00 3.395981262380253218e-01 3.004795012544294597e+00 1.253751361495913041e+00 -1.138866548995038253e+00 2.943104366705893149e-01 -4.138075570277201937e-02 -1.543254430042148850e-01
1.454320704173889478e+00 3.395981262380253218e-01 3.004795012544294597e+00 1.253751361495913041e+00 -1.138866548995038253e+00 2.943104366705893149e-01 -4.138075570277201937e-02 -1.568682326420442474e-01
1.454320704173889478e+00 3.395981262380253218e-01 3.004795012544294597e+00 1.253751361495913041e+00 -1.138866548995038253e+00 2.943104366705893149e-01 -4.138075570277201937e-02 -1.552967022549844311e-01
1.454320704173889478e+00 3.395981262380253218e-01 3.004795012544294597e+00 1.253751361495913041e+00 -1.138866548995038253e+00 2.943104366705893149e-01 -4.138075570277201937e-02 -1.549257142440050028e-01
1.454320704173889478e+00 3.395981262380253218e-01 3.004795012544294597e+00 1.253751361495913041e+00 -1.138866548995038253e+00 2.943104366705893149e-01 -4.138075570277201937e-02 -1.555259854442616885e-01
1.454320704173889478e+00 3.395981262380253218e-01 3.004795012544294597e+00 1.253751361495913041e+00 -1.138866548995038253e+00 2.943104366705893149e-01 -4.138075570277201937e-02 -1.551164141352452952e-01
1.473211550364027067e+00 2.972302524760506159e-01 3.950458857885263519e+00 1.271434757756562783e+00 -1.204641213086485640e+00 -4.113791266588213702e-01 -6.691679661705962623e-02 -1.372678912810696150e-01
1.454320704173889478e+00 3.395981262380253218e-01 3.004795012544294597e+00 1.253751361495913041e+00 -1.138866548995038253e+00 2.943104366705893149e-01 -4.138075570277201937e-02 -1.552967022549844311e-01
2.454320704173889478e+00 3.395981262380253218e-01 3.004795012544294597e+00 1.253751361495913041e+00 -1.138866548995038253e+00 2.943104366705893149e-01 -4.138075570277201937e-02 -1.552967022549844311e-01
-1.637132958261104942e-01 3.395981262380253218e-01 3.004795012544294597e+00 1.253751361495913041e+00 -1.138866548995038253e+00 2.943104366705893149e-01 -4.138075570277201937e-02 -1.552967022549844311e-01
1.454320704173889478e+00 3.395981262380253218e-01 3.004795012544294597e+00 1.253751361495913041e+00 -1.138866548995038253e+00 2.943104366705893149e-01 -4.138075570277201937e-02 -1.552967022549844311e-01
8.362867293298894555e-01 3.395981262380253218e-01 3.004795012544294597e+00 1.253751361495913041e+00 -1.138866548995038253e+00 2.943104366705893149e-01 -4.138075570277201937e-02 -1.552967022549844311e-01
1.836286704173889506e+00 3.395981262380253218e-01 3.004795012544294597e+00 1.253751361495913041e+00 -1.138866548995038253e+00 2.943104366705893149e-01 -4.138075570277201937e-02 -1.552967022549844311e-01
1.393855955689283777e+00 3.395981262380253218e-01 3.004795012544294597e+00 1.253751361495913041e+00 -1.138866548995038253e+00 2.943104366705893149e-01 -4.138075570277201937e-02 -1.552967022549844311e-01
1.452705932843680880e+00 3.395981262380253218e-01 3.004795012544294597e+00 1.253751361495913041e+00 -1.138866548995038253e+00 2.943104366705893149e-01 -4.138075570277201937e-02 -1.552967022549844311e-01
1.426023215036604785e+00 3.395981262380253218e-01 3.004795012544294597e+00 1.253751361495913041e+00 -1.138866548995038253e+00 2.943104366705893149e-01 -4.138075570277201937e-02 -1.552967022549844311e-01
1.442514041853783180e+00 3.395981262380253218e-01 3.004795012544294597e+00 1.253751361495913041e+00 -1.138866548995038253e+00 2.943104366705893149e-01 -4.138075570277201937e-02 -1.552967022549844311e-01
1.448812977009833691e+00 3.395981262380253218e-01 3.004795012544294597e+00 1.253751361495913041e+00 -1.138866548995038253e+00 2.943104366705893149e-01 -4.138075570277201937e-02 -1.552967022549844311e-01
1.451218956075649658e+00 3.395981262380253218e-01 3.004795012544294597e+00 1.253751361495913041e+00 -1.138866548995038253e+00 2.943104366705893149e-01 -4.138075570277201937e-02 -1.552967022549844311e-01
1.453322720589595329e+00 3.395981262380253218e-01 3.004795012544294597e+00 1.253751361495913041e+00 -1.138866548995038253e+00 2.943104366705893149e-01 -4.138075570277201937e-02 -1.552967022549844311e-01
1.452137958275502960e+00 3.395981262380253218e-01 3.004795012544294597e+00 1.253751361495913041e+00 -1.138866548995038253e+00 2.943104366705893149e-01 -4.138075570277201937e-02 -1.552967022549844311e-01
1.451786930681233878e+00 3.395981262380253218e-01 3.004795012544294597e+00 1.253751361495913041e+00 -1.138866548995038253e+00 2.943104366705893149e-01 -4.138075570277201937e-02 -1.552967022549844311e-01
1.452354905249411576e+00 3.395981262380253218e-01 3.004795012544294597e+00 1.253751361495913041e+00 -1.138866548995038253e+00 2.943104366705893149e-01 -4.138075570277201937e-02 -1.552967022549844311e-01
1.452003877669430398e+00 3.395981262380253218e-01 3.004795012544294597e+00 1.253751361495913041e+00 -1.138866548995038253e+00 2.943104366705893149e-01 -4.138075570277201937e-02 -1.552967022549844311e-01
1.452220824643339014e+00 3.395981262380253218e-01 3.004795012544294597e+00 1.253751361495913041e+00 -1.138866548995038253e+00 2.943104366705893149e-01 -4.138075570277201937e-02 -1.552967022549844311e-01
1.452086744042723865e+00 3.395981262380253218e-01 3.004795012544294597e+00 1.253751361495913041e+00 -1.138866548995038253e+00 2.943104366705893149e-01 -4.138075570277201937e-02 -1.552967022549844311e-01
1.452169610410559919e+00 3.395981262380253218e-01 3.004795012544294597e+00 1.253751361495913041e+00 -1.138866548995038253e+00 2.943104366705893149e-01 -4.138075570277201937e-02 -1.552967022549844311e-01
1.452116130806519134e+00 3.395981262380253218e-01 3.004795012544294597e+00 1.253751361495913041e+00 -1.138866548995038253e+00 2.943104366705893149e-01 -4.138075570277201937e-02 -1.552967022549844311e-01
1.452137958275502960e+00 3.395981262380253218e-01 3.004795012544294597e+00 1.253751361495913041e+00 -1.138866548995038253e+00 2.943104366705893149e-01 -4.138075570277201937e-02 -1.552967022549844311e-01
1.452137958275502960e+00 1.339598126238025433e+00 3.004795012544294597e+00 1.253751361495913041e+00 -1.138866548995038253e+00 2.943104366705893149e-01 -4.138075570277201937e-02 -1.552967022549844311e-01
1.452137958275502960e+00 -1.278435873761974761e+00 3.004795012544294597e+00 1.253751361495913041e+00 -1.138866548995038253e+00 2.943104366705893149e-01 -4.138075570277201937e-02 -1.552967022549844311e-01
1.452137958275502960e+00 3.395981262380253218e-01 3.004795012544294597e+00 1.253751361495913041e+00 -1.138866548995038253e+00 2.943104366705893149e-01 -4.138075570277201937e-02 -1.552967022549844311e-01
1.452137958275502960e+00 -2.784358486059747007e-01 3.004795012544294597e+00 1.253751361495913041e+00 -1.138866548995038253e+00 2.943104366705893149e-01 -4.138075570277201937e-02 -1.552967022549844311e-01
1.452137958275502960e+00 7.215641262380253496e-01 3.004795012544294597e+00 1.253751361495913041e+00 -1.138866548995038253e+00 2.943104366705893149e-01 -4.138075570277201937e-02 -1.552967022549844311e-01
1.452137958275502960e+00 2.322169491608606917e-01 3.004795012544294597e+00 1.253751361495913041e+00 -1.138866548995038253e+00 2.943104366705893149e-01 -4.138075570277201937e-02 -1.552967022549844311e-01
1.452137958275502960e+00 3.398354049640894270e-01 3.004795012544294597e+00 1.253751361495913041e+00 -1.138866548995038253e+00 2.943104366705893149e-01 -4.138075570277201937e-02 -1.552967022549844311e-01
1.452137958275502960e+00 2.859871404554461538e-01 3.004795012544294597e+00 1.253751361495913041e+00 -1.138866548995038253e+00 2.943104366705893149e-01 -4.138075570277201937e-02 -1.552967022549844311e-01
1.452137958275502960e+00 3.191205524425966833e-01 3.004795012544294597e+00 1.253751361495913041e+00 -1.138866548995038253e+00 2.943104366705893149e-01 -4.138075570277201937e-02 -1.552967022549844311e-01
1.452137958275502960e+00 3.317763892856806507e-01 3.004795012544294597e+00 1.253751361495913041e+00 -1.138866548995038253e+00 2.943104366705893149e-01 -4.138075570277201937e-02 -1.552967022549844311e-01
1.452137958275502960e+00 3.269422899100752344e-01 3.004795012544294597e+00 1.253751361495913041e+00 -1.138866548995038253e+00 2.943104366705893149e-01 -4.138075570277201937e-02 -1.552967022549844311e-01
1.452137958275502960e+00 3.331113439116389352e-01 3.004795012544294597e+00 1.253751361495913041e+00 -1.138866548995038253e+00 2.943104366705893149e-01 -4.138075570277201937e-02 -1.552967022549844311e-01
1.452137958275502960e+00 3.303414987646722811e-01 3.004795012544294597e+00 1.253751361495913041e+00 -1.138866548995038253e+00 2.943104366705893149e-01 -4.138075570277201937e-02 -1.552967022549844311e-01
1.452137958275502960e+00 3.312283098929331704e-01 3.004795012544294597e+00 1.253751361495913041e+00 -1.138866548995038253e+00 2.943104366705893149e-01 -4.138075570277201937e-02 -1.552967022549844311e-01
1.452137958275502960e+00 3.322382706727347590e-01 3.004795012544294597e+00 1.253751361495913041e+00 -1.138866548995038253e+00 2.943104366705893149e-01 -4.138075570277201937e-02 -1.552967022549844311e-01
1.452137958275502960e+00 3.315670415923504533e-01 3.004795012544294597e+00 1.253751361495913041e+00 -1.138866548995038253e+00 2.943104366705893149e-01 -4.138075570277201937e-02 -1.552967022549844311e-01
1.452137958275502960e+00 3.318546066652040549e-01 3.004795012544294597e+00 1.253751361495913041e+00 -1.138866548995038253e+00 2.943104366705893149e-01 -4.138075570277201937e-02 -1.552967022549844311e-01
1.452137958275502960e+00 3.316981719061571909e-01 3.004795012544294597e+00 1.253751361495913041e+00 -1.138866548995038253e+00 2.943104366705893149e-01 -4.138075570277201937e-02 -1.552967022549844311e-01
1.452137958275502960e+00 3.317763892856806507e-01 3.004795012544294597e+00 1.253751361495913041e+00 -1.138866548995038253e+00 2.943104366705893149e-01 -4.138075570277201937e-02 -1.552967022549844311e-01
1.452137958275502960e+00 3.317763892856806507e-01 4.004795012544294153e+00 1.253751361495913041e+00 -1.138866548995038253e+00 2.943104366705893149e-01 -4.138075570277201937e-02 -1.552967022549844311e-01
1.452137958275502960e+00 3.317763892856806507e-01 1.386761012544294625e+00 1.253751361495913041e+00 -1.138866548995038253e+00 2.943104366705893149e-01 -4.138075570277201937e-02 -1.552967022549844311e-01
1.452137958275502960e+00 3.317763892856806507e-01 3.004795012544294597e+00 1.253751361495913041e+00 -1.138866548995038253e+00 2.943104366705893149e-01 -4.138075570277201937e-02 -1.552967022549844311e-01
1.452137958275502960e+00 3.317763892856806507e-01 2.386761037700294352e+00 1.253751361495913041e+00 -1.138866548995038253e+00 2.943104366705893149e-01 -4.138075570277201937e-02 -1.552967022549844311e-01
1.452137958275502960e+00 3.317763892856806507e-01 3.386761012544294402e+00 1.253751361495913041e+00 -1.138866548995038253e+00 2.943104366705893149e-01 -4.138075570277201937e-02 -1.552967022549844311e-01
1.452137958275502960e+00 3.317763892856806507e-01 3.622828987388294841e+00 1.253751361495913041e+00 -1.138866548995038253e+00 2.943104366705893149e-01 -4.138075570277201937e-02 -1.552967022549844311e-01
1.452137958275502960e+00 3.317763892856806507e-01 3.240862987388294592e+00 1.253751361495913041e+00 -1.138866548995038253e+00 2.943104366705893149e-01 -4.138075570277201937e-02 -1.552967022549844311e-01
1.452137958275502960e+00 3.317763892856806507e-01 3.217124716891078151e+00 1.253751361495913041e+00 -1.138866548995038253e+00 2.943104366705893149e-01 -4.138075570277201937e-02 -1.552967022549844311e-01
1.452137958275502960e+00 3.317763892856806507e-01 3.302242297261730464e+00 1.253751361495913041e+00 -1.138866548995038253e+00 2.943104366705893149e-01 -4.138075570277201937e-02 -1.552967022549844311e-01
1.452137958275502960e+00 3.317763892856806507e-01 3.264307796863411326e+00 1.253751361495913041e+00 -1.138866548995038253e+00 2.943104366705893149e-01 -4.138075570277201937e-02 -1.552967022549844311e-01
1.452137958275502960e+00 3.317763892856806507e-01 3.231795775159554740e+00 1.253751361495913041e+00 -1.138866548995038253e+00 2.943104366705893149e-01 -4.138075570277201937e-02 -1.552967022549844311e-01
1.452137958275502960e+00 3.317763892856806507e-01 3.249818107484267138e+00 1.253751361495913041e+00 -1.138866548995038253e+00 2.943104366705893149e-01 -4.138075570277201937e-02 -1.552967022549844311e-01
1.452137958275502960e+00 3.317763892856806507e-01 3.243223667146734712e+00 1.253751361495913041e+00 -1.138866548995038253e+00 2.943104366705893149e-01 -4.138075570277201937e-02 -1.552967022549844311e-01
1.452137958275502960e+00 3.317763892856806507e-01 3.238502307629854471e+00 1.253751361495913041e+00 -1.138866548995038253e+00 2.943104366705893149e-01 -4.138075570277201937e-02 -1.552967022549844311e-01
1.452137958275502960e+00 3.317763892856806507e-01 3.235940640248303968e+00 1.253751361495913041e+00 -1.138866548995038253e+00 2.943104366705893149e-01 -4.138075570277201937e-02 -1.552967022549844311e-01
1.452137958275502960e+00 3.317763892856806507e-01 3.238502307629854471e+00 1.253751361495913041e+00 -1.138866548995038253e+00 2.943104366705893149e-01 -4.138075570277201937e-02 -1.552967022549844311e-01
1.452137958275502960e+00 3.317763892856806507e-01 3.238502307629854471e+00 2.253751361495913041e+00 -1.138866548995038253e+00 2.943104366705893149e-01 -4.138075570277201937e-02 -1.552967022549844311e-01
1.452137958275502960e+00 3.317763892856806507e-01 3.238502307629854471e+00 -3.642826385040869308e-01 -1.138866548995038253e+00 2.943104366705893149e-01 -4.138075570277201937e-02 -1.552967022549844311e-01
1.452137958275502960e+00 3.317763892856806507e-01 3.238502307629854471e+00 1.253751361495913041e+00 -1.138866548995038253e+00 2.943104366705893149e-01 -4.138075570277201937e-02 -1.552967022549844311e-01
1.452137958275502960e+00 3.317763892856806507e-01 3.238502307629854471e+00 6.357173866519130190e-01 -1.138866548995038253e+00 2.943104366705893149e-01 -4.138075570277201937e-02 -1.552967022549844311e-01
1.452137958275502960e+00 3.317763892856806507e-01 3.238502307629854471e+00 1.635717361495913069e+00 -1.138866548995038253e+00 2.943104366705893149e-01 -4.138075570277201937e-02 -1.552967022549844311e-01
1.452137958275502960e+00 3.317763892856806507e-01 3.238502307629854471e+00 1.044037690451689260e+00 -1.138866548995038253e+00 2.943104366705893149e-01 -4.138075570277201937e-02 -1.552967022549844311e-01
1.452137958275502960e+00 3.317763892856806507e-01 3.238502307629854471e+00 1.399649386651913074e+00 -1.138866548995038253e+00 2.943104366705893149e-01 -4.138075570277201937e-02 -1.552967022549844311e-01
1.452137958275502960e+00 3.317763892856806507e-01 3.238502307629854471e+00 1.279755636319448442e+00 -1.138866548995038253e+00 2.943104366705893149e-01 -4.138075570277201937e-02 -1.552967022549844311e-01
1.452137958275502960e+00 3.317763892856806507e-01 3.238502307629854471e+00 1.273745521644063849e+00 -1.138866548995038253e+00 2.943104366705893149e-01 -4.138075570277201937e-02 -1.552967022549844311e-01
1.452137958275502960e+00 3.317763892856806507e-01 3.238502307629854471e+00 1.325550972558938723e+00 -1.138866548995038253e+00 2.943104366705893149e-01 -4.138075570277201937e-02 -1.552967022549844311e-01
1.452137958275502960e+00 3.317763892856806507e-01 3.238502307629854471e+00 1.297247897721501619e+00 -1.138866548995038253e+00 2.943104366705893149e-01 -4.138075570277201937e-02 -1.552967022549844311e-01
1.452137958275502960e+00 3.317763892856806507e-01 3.238502307629854471e+00 1.286437085438145056e+00 -1.138866548995038253e+00 2.943104366705893149e-01 -4.138075570277201937e-02 -1.552967022549844311e-01
1.452137958275502960e+00 3.317763892856806507e-01 3.238502307629854471e+00 1.282307722713520448e+00 -1.138866548995038253e+00 2.943104366705893149e-01 -4.138075570277201937e-02 -1.552967022549844311e-01
1.452137958275502960e+00 3.317763892856806507e-01 3.238502307629854471e+00 1.277459976857350465e+00 -1.138866548995038253e+00 2.943104366705893149e-01 -4.138075570277201937e-02 -1.552967022549844311e-01
1.452137958275502960e+00 3.317763892856806507e-01 3.238502307629854471e+00 1.277697063020964974e+00 -1.138866548995038253e+00 2.943104366705893149e-01 -4.138075570277201937e-02 -1.552967022549844311e-01
1.452137958275502960e+00 3.317763892856806507e-01 3.238502307629854471e+00 1.276041181257352219e+00 -1.138866548995038253e+00 2.943104366705893149e-01 -4.138075570277201937e-02 -1.552967022549844311e-01
1.452137958275502960e+00 3.317763892856806507e-01 3.238502307629854471e+00 1.276918045177201533e+00 -1.138866548995038253e+00 2.943104366705893149e-01 -4.138075570277201937e-02 -1.552967022549844311e-01
1.452137958275502960e+00 3.317763892856806507e-01 3.238502307629854471e+00 1.277222890693736179e+00 -1.138866548995038253e+00 2.943104366705893149e-01 -4.138075570277201937e-02 -1.552967022549844311e-01
1.452137958275502960e+00 3.317763892856806507e-01 3.238502307629854471e+00 1.277459976857350465e+00 -1.138866548995038253e+00 2.943104366705893149e-01 -4.138075570277201937e-02 -1.552967022549844311e-01
1.452137958275502960e+00 3.317763892856806507e-01 3.238502307629854471e+00 1.277459976857350465e+00 -1.388665489950382526e-01 2.943104366705893149e-01 -4.138075570277201937e-02 -1.552967022549844311e-01
1.452137958275502960e+00 3.317763892856806507e-01 3.238502307629854471e+00 1.277459976857350465e+00 -2.756900548995038225e+00 2.943104366705893149e-01 -4.138075570277201937e-02 -1.552967022549844311e-01
1.452137958275502960e+00 3.317763892856806507e-01 3.238502307629854471e+00 1.277459976857350465e+00 -1.138866548995038253e+00 2.943104366705893149e-01 -4.138075570277201937e-02 -1.552967022549844311e-01
1.452137958275502960e+00 3.317763892856806507e-01 3.238502307629854471e+00 1.277459976857350465e+00 -1.756900523839038275e+00 2.943104366705893149e-01 -4.138075570277201937e-02 -1.552967022549844311e-01
1.452137958275502960e+00 3.317763892856806507e-01 3.238502307629854471e+00 1.277459976857350465e+00 -7.569005489950382248e-01 2.943104366705893149e-01 -4.138075570277201937e-02 -1.552967022549844311e-01
1.452137958275502960e+00 3.317763892856806507e-01 3.238502307629854471e+00 1.277459976857350465e+00 -1.074287215741910106e+00 2.943104366705893149e-01 -4.138075570277201937e-02 -1.552967022549844311e-01
1.452137958275502960e+00 3.317763892856806507e-01 3.238502307629854471e+00 1.277459976857350465e+00 -1.146196445875737879e+00 2.943104366705893149e-01 -4.138075570277201937e-02 -1.552967022549844311e-01
1.452137958275502960e+00 3.317763892856806507e-01 3.238502307629854471e+00 1.277459976857350465e+00 -1.379464639719067964e+00 2.943104366705893149e-01 -4.138075570277201937e-02 -1.552967022549844311e-01
1.452137958275502960e+00 3.317763892856806507e-01 3.238502307629854471e+00 1.277459976857350465e+00 -1.333897790997416122e+00 2.943104366705893149e-01 -4.138075570277201937e-02 -1.552967022549844311e-01
1.452137958275502960e+00 3.317763892856806507e-01 3.238502307629854471e+00 1.277459976857350465e+00 -1.217891977866484954e+00 2.943104366705893149e-01 -4.138075570277201937e-02 -1.552967022549844311e-01
1.452137958275502960e+00 3.317763892856806507e-01 3.238502307629854471e+00 1.277459976857350465e+00 -1.173581701448115577e+00 2.943104366705893149e-01 -4.138075570277201937e-02 -1.552967022549844311e-01
1.452137958275502960e+00 3.317763892856806507e-01 3.238502307629854471e+00 1.277459976857350465e+00 -1.156656682405696746e+00 2.943104366705893149e-01 -4.138075570277201937e-02 -1.552967022549844311e-01
1.452137958275502960e+00 3.317763892856806507e-01 3.238502307629854471e+00 1.277459976857350465e+00 -1.150191900582140159e+00 2.943104366705893149e-01 -4.138075570277201937e-02 -1.552967022549844311e-01
1.452137958275502960e+00 3.317763892856806507e-01 3.238502307629854471e+00 1.277459976857350465e+00 -1.152661227436156732e+00 2.943104366705893149e-01 -4.138075570277201937e-02 -1.552967022549844311e-01
1.452137958275502960e+00 3.317763892856806507e-01 3.238502307629854471e+00 1.277459976857350465e+00 -1.148665772729754675e+00 2.943104366705893149e-01 -4.138075570277201937e-02 -1.552967022549844311e-01
1.452137958275502960e+00 3.317763892856806507e-01 3.238502307629854471e+00 1.277459976857350465e+00 -1.151135099483261426e+00 2.943104366705893149e-01 -4.138075570277201937e-02 -1.552967022549844311e-01
1.452137958275502960e+00 3.317763892856806507e-01 3.238502307629854471e+00 1.277459976857350465e+00 -1.149608971630875942e+00 2.943104366705893149e-01 -4.138075570277201937e-02 -1.552967022549844311e-01
1.452137958275502960e+00 3.317763892856806507e-01 3.238502307629854471e+00 1.277459976857350465e+00 -1.150552170493605919e+00 2.943104366705893149e-01 -4.138075570277201937e-02 -1.552967022549844311e-01
1.452137958275502960e+00 3.317763892856806507e-01 3.238502307629854471e+00 1.277459976857350465e+00 -1.149969241542341702e+00 2.943104366705893149e-01 -4.138075570277201937e-02 -1.552967022549844311e-01
1.452137958275502960e+00 3.317763892856806507e-01 3.238502307629854471e+00 1.277459976857350465e+00 -1.150329511439143193e+00 2.943104366705893149e-01 -4.138075570277201937e-02 -1.552967022549844311e-01
1.452137958275502960e+00 3.317763892856806507e-01 3.238502307629854471e+00 1.277459976857350465e+00 -1.150329511439143193e+00 2.943104366705893149e-01 -4.138075570277201937e-02 -1.552967022549844311e-01
1.452137958275502960e+00 3.317763892856806507e-01 3.238502307629854471e+00 1.277459976857350465e+00 -1.150329511439143193e+00 1.294310436670589315e+00 -4.138075570277201937e-02 -1.552967022549844311e-01
1.452137958275502960e+00 3.317763892856806507e-01 3.238502307629854471e+00 1.277459976857350465e+00 -1.150329511439143193e+00 -1.323723563329410657e+00 -4.138075570277201937e-02 -1.552967022549844311e-01
1.452137958275502960e+00 3.317763892856806507e-01 3.238502307629854471e+00 1.277459976857350465e+00 -1.150329511439143193e+00 2.943104366705893149e-01 -4.138075570277201937e-02 -1.552967022549844311e-01
1.452137958275502960e+00 3.317763892856806507e-01 3.238502307629854471e+00 1.277459976857350465e+00 -1.150329511439143193e+00 -3.237235381734107076e-01 -4.138075570277201937e-02 -1.552967022549844311e-01
1.452137958275502960e+00 3.317763892856806507e-01 3.238502307629854471e+00 1.277459976857350465e+00 -1.150329511439143193e+00 6.762764366705893426e-01 -4.138075570277201937e-02 -1.552967022549844311e-01
1.452137958275502960e+00 3.317763892856806507e-01 3.238502307629854471e+00 1.277459976857350465e+00 -1.150329511439143193e+00 1.305996516651820871e-01 -4.138075570277201937e-02 -1.552967022549844311e-01
1.452137958275502960e+00 3.317763892856806507e-01 3.238502307629854471e+00 1.277459976857350465e+00 -1.150329511439143193e+00 1.484358636504688744e-01 -4.138075570277201937e-02 -1.552967022549844311e-01
1.452137958275502960e+00 3.317763892856806507e-01 3.238502307629854471e+00 1.277459976857350465e+00 -1.150329511439143193e+00 -4.293635986470584198e-02 -4.138075570277201937e-02 -1.552967022549844311e-01
1.452137958275502960e+00 3.317763892856806507e-01 3.238502307629854471e+00 1.277459976857350465e+00 -1.150329511439143193e+00 6.431479548515689482e-02 -4.138075570277201937e-02 -1.552967022549844311e-01
1.452137958275502960e+00 3.317763892856806507e-01 3.238502307629854471e+00 1.277459976857350465e+00 -1.150329511439143193e+00 1.052810902895225942e-01 -4.138075570277201937e-02 -1.552967022549844311e-01
1.452137958275502960e+00 3.317763892856806507e-01 3.238502307629854471e+00 1.277459976857350465e+00 -1.150329511439143193e+00 1.209288220507669376e-01 -4.138075570277201937e-02 -1.552967022549844311e-01
1.452137958275502960e+00 3.317763892856806507e-01 3.238502307629854471e+00 1.277459976857350465e+00 -1.150329511439143193e+00 1.374124782123541388e-01 -4.138075570277201937e-02 -1.552967022549844311e-01
1.452137958275502960e+00 3.317763892856806507e-01 3.238502307629854471e+00 1.277459976857350465e+00 -1.150329511439143193e+00 1.269057235606823875e-01 -4.138075570277201937e-02 -1.552967022549844311e-01
1.452137958275502960e+00 3.317763892856806507e-01 3.238502307629854471e+00 1.277459976857350465e+00 -1.150329511439143193e+00 1.332019197700992086e-01 -4.138075570277201937e-02 -1.552967022549844311e-01
1.452137958275502960e+00 3.317763892856806507e-01 3.238502307629854471e+00 1.277459976857350465e+00 -1.150329511439143193e+00 1.289625438051280049e-01 -4.138075570277201937e-02 -1.552967022549844311e-01
1.452137958275502960e+00 3.317763892856806507e-01 3.238502307629854471e+00 1.277459976857350465e+00 -1.150329511439143193e+00 1.305996516651820871e-01 -4.138075570277201937e-02 -1.552967022549844311e-01
1.452137958275502960e+00 3.317763892856806507e-01 3.238502307629854471e+00 1.277459976857350465e+00 -1.150329511439143193e+00 1.305996516651820871e-01 9.586192442972280015e-01 -1.552967022549844311e-01
1.452137958275502960e+00 3.317763892856806507e-01 3.238502307629854471e+00 1.277459976857350465e+00 -1.150329511439143193e+00 1.305996516651820871e-01 -1.659414755702772082e+00 -1.552967022549844311e-01
1.452137958275502960e+00 3.317763892856806507e-01 3.238502307629854471e+00 1.277459976857350465e+00 -1.150329511439143193e+00 1.305996516651820871e-01 -4.138075570277201937e-02 -1.552967022549844311e-01
1.452137958275502960e+00 3.317763892856806507e-01 3.238502307629854471e+00 1.277459976857350465e+00 -1.150329511439143193e+00 1.305996516651820871e-01 -6.594147305467720210e-01 -1.552967022549844311e-01
1.452137958275502960e+00 3.317763892856806507e-01 3.238502307629854471e+00 1.277459976857350465e+00 -1.150329511439143193e+00 1.305996516651820871e-01 3.405852442972280292e-01 -1.552967022549844311e-01
1.452137958275502960e+00 3.317763892856806507e-01 3.238502307629854471e+00 1.277459976857350465e+00 -1.150329511439143193e+00 1.305996516651820871e-01 -2.589131440429397468e-01 -1.552967022549844311e-01
1.452137958275502960e+00 3.317763892856806507e-01 3.238502307629854471e+00 1.277459976857350465e+00 -1.150329511439143193e+00 1.305996516651820871e-01 1.045172694532280067e-01 -1.552967022549844311e-01
1.452137958275502960e+00 3.317763892856806507e-01 3.238502307629854471e+00 1.277459976857350465e+00 -1.150329511439143193e+00 1.305996516651820871e-01 -3.536535382975161679e-02 -1.552967022549844311e-01
1.452137958275502960e+00 3.317763892856806507e-01 3.238502307629854471e+00 1.277459976857350465e+00 -1.150329511439143193e+00 1.305996516651820871e-01 -1.498301146087837460e-02 -1.552967022549844311e-01
1.452137958275502960e+00 3.317763892856806507e-01 3.238502307629854471e+00 1.277459976857350465e+00 -1.150329511439143193e+00 1.305996516651820871e-01 -2.757999204448257843e-02 -1.552967022549844311e-01
1.452137958275502960e+00 3.317763892856806507e-01 3.238502307629854471e+00 1.277459976857350465e+00 -1.150329511439143193e+00 1.305996516651820871e-01 -3.505258083570768346e-02 -1.552967022549844311e-01
1.452137958275502960e+00 3.317763892856806507e-01 3.238502307629854471e+00 1.277459976857350465e+00 -1.150329511439143193e+00 1.305996516651820871e-01 -3.746128399602675907e-02 -1.552967022549844311e-01
1.452137958275502960e+00 3.317763892856806507e-01 3.238502307629854471e+00 1.277459976857350465e+00 -1.150329511439143193e+00 1.305996516651820871e-01 -3.895838892596541897e-02 -1.552967022549844311e-01
1.452137958275502960e+00 3.317763892856806507e-01 3.238502307629854471e+00 1.277459976857350465e+00 -1.150329511439143193e+00 1.305996516651820871e-01 -3.726568871972860825e-02 -1.552967022549844311e-01
1.452137958275502960e+00 3.317763892856806507e-01 3.238502307629854471e+00 1.277459976857350465e+00 -1.150329511439143193e+00 1.305996516651820871e-01 -3.653982540314365535e-02 -1.552967022549844311e-01
1.452137958275502960e+00 3.317763892856806507e-01 3.238502307629854471e+00 1.277459976857350465e+00 -1.150329511439143193e+00 1.305996516651820871e-01 -3.699651714979979716e-02 -1.552967022549844311e-01
1.452137958275502960e+00 3.317763892856806507e-01 3.238502307629854471e+00 1.277459976857350465e+00 -1.150329511439143193e+00 1.305996516651820871e-01 -3.716287433184917860e-02 -1.552967022549844311e-01
1.452137958275502960e+00 3.317763892856806507e-01 3.238502307629854471e+00 1.277459976857350465e+00 -1.150329511439143193e+00 1.305996516651820871e-01 -3.734039946503511093e-02 -1.552967022549844311e-01
1.452137958275502960e+00 3.317763892856806507e-01 3.238502307629854471e+00 1.277459976857350465e+00 -1.150329511439143193e+00 1.305996516651820871e-01 -3.722453803989817650e-02 -1.552967022549844311e-01
1.452137958275502960e+00 3.317763892856806507e-01 3.238502307629854471e+00 1.277459976857350465e+00 -1.150329511439143193e+00 1.305996516651820871e-01 -3.726568871972860825e-02 -1.552967022549844311e-01
1.452137958275502960e+00 3.317763892856806507e-01 3.238502307629854471e+00 1.277459976857350465e+00 -1.150329511439143193e+00 1.305996516651820871e-01 -3.726568871972860825e-02 8.447032977450155133e-01
1.452137958275502960e+00 3.317763892856806507e-01 3.238502307629854471e+00 1.277459976857350465e+00 -1.150329511439143193e+00 1.305996516651820871e-01 -3.726568871972860825e-02 -1.773330702254984459e+00
1.452137958275502960e+00 3.317763892856806507e-01 3.238502307629854471e+00 1.277459976857350465e+00 -1.150329511439143193e+00 1.305996516651820871e-01 -3.726568871972860825e-02 -1.552967022549844311e-01
1.452137958275502960e+00 3.317763892856806507e-01 3.238502307629854471e+00 1.277459976857350465e+00 -1.150329511439143193e+00 1.305996516651820871e-01 -3.726568871972860825e-02 -7.733306770989845091e-01
1.452137958275502960e+00 3.317763892856806507e-01 3.238502307629854471e+00 1.277459976857350465e+00 -1.150329511439143193e+00 1.305996516651820871e-01 -3.726568871972860825e-02 2.266692977450155966e-01
1.452137958275502960e+00 3.317763892856806507e-01 3.238502307629854471e+00 1.277459976857350465e+00 -1.150329511439143193e+00 1.305996516651820871e-01 -3.726568871972860825e-02 -6.266323544325572148e-02
1.452137958275502960e+00 3.317763892856806507e-01 3.238502307629854471e+00 1.277459976857350465e+00 -1.150329511439143193e+00 1.305996516651820871e-01 -3.726568871972860825e-02 -7.312381853924815323e-02
1.452137958275502960e+00 3.317763892856806507e-01 3.238502307629854471e+00 1.277459976857350465e+00 -1.150329511439143193e+00 1.305996516651820871e-01 -3.726568871972860825e-02 4.785195492853555610e-02
1.452137958275502960e+00 3.317763892856806507e-01 3.238502307629854471e+00 1.277459976857350465e+00 -1.150329511439143193e+00 1.305996516651820871e-01 -3.726568871972860825e-02 -4.547504742154567792e-03
1.452137958275502960e+00 3.317763892856806507e-01 3.238502307629854471e+00 1.277459976857350465e+00 -1.150329511439143193e+00 1.305996516651820871e-01 -3.726568871972860825e-02 -6.974670640803037891e-04
1.452137958275502960e+00 3.317763892856806507e-01 3.238502307629854471e+00 1.277459976857350465e+00 -1.150329511439143193e+00 1.305996516651820871e-01 -3.726568871972860825e-02 -2.674573793513138065e-02
1.452137958275502960e+00 3.317763892856806507e-01 3.238502307629854471e+00 1.277459976857350465e+00 -1.150329511439143193e+00 1.305996516651820871e-01 -3.726568871972860825e-02 -1.302647508194315629e-02
1.452137958275502960e+00 3.317763892856806507e-01 3.238502307629854471e+00 1.277459976857350465e+00 -1.150329511439143193e+00 1.305996516651820871e-01 -3.726568871972860825e-02 -8.380095711722962415e-03
1.452137958275502960e+00 3.317763892856806507e-01 3.238502307629854471e+00 1.277459976857350465e+00 -1.150329511439143193e+00 1.305996516651820871e-01 -3.726568871972860825e-02 -3.040012757026255841e-03
1.452137958275502960e+00 3.317763892856806507e-01 3.238502307629854471e+00 1.277459976857350465e+00 -1.150329511439143193e+00 1.305996516651820871e-01 -3.726568871972860825e-02 -6.054996727282879743e-03
