0.000000000000000000e+00 0.000000000000000000e+00 0.000000000000000000e+00 0.000000000000000000e+00 0.000000000000000000e+00 0.000000000000000000e+00 0.000000000000000000e+00 0.000000000000000000e+00 0.000000000000000000e+00 0.000000000000000000e+00 0.000000000000000000e+00
0.000000000000000000e+00 0.000000000000000000e+00 0.000000000000000000e+00 0.000000000000000000e+00 0.000000000000000000e+00 0.000000000000000000e+00 0.000000000000000000e+00 0.000000000000000000e+00 0.000000000000000000e+00 0.000000000000000000e+00 0.000000000000000000e+00
1.000000000000000000e+00 0.000000000000000000e+00 0.000000000000000000e+00 0.000000000000000000e+00 0.000000000000000000e+00 0.000000000000000000e+00 0.000000000000000000e+00 0.000000000000000000e+00 0.000000000000000000e+00 0.000000000000000000e+00 0.000000000000000000e+00
2.618033999999999750e+00 0.000000000000000000e+00 0.000000000000000000e+00 0.000000000000000000e+00 0.000000000000000000e+00 0.000000000000000000e+00 0.000000000000000000e+00 0.000000000000000000e+00 0.000000000000000000e+00 0.000000000000000000e+00 0.000000000000000000e+00
2.033211332557154805e+00 0.000000000000000000e+00 0.000000000000000000e+00 0.000000000000000000e+00 0.000000000000000000e+00 0.000000000000000000e+00 0.000000000000000000e+00 0.000000000000000000e+00 0.000000000000000000e+00 0.000000000000000000e+00 0.000000000000000000e+00
2.033211332557154805e+00 0.000000000000000000e+00 0.000000000000000000e+00 0.000000000000000000e+00 0.000000000000000000e+00 0.000000000000000000e+00 0.000000000000000000e+00 0.000000000000000000e+00 0.000000000000000000e+00 0.000000000000000000e+00 0.000000000000000000e+00
1.638559732705628491e+00 0.000000000000000000e+00 0.000000000000000000e+00 0.000000000000000000e+00 0.000000000000000000e+00 0.000000000000000000e+00 0.000000000000000000e+00 0.000000000000000000e+00 0.000000000000000000e+00 0.000000000000000000e+00 0.000000000000000000e+00
2.256593707549628736e+00 0.000000000000000000e+00 0.000000000000000000e+00 0.000000000000000000e+00 0.000000000000000000e+00 0.000000000000000000e+00 0.000000000000000000e+00 0.000000000000000000e+00 0.000000000000000000e+00 0.000000000000000000e+00 0.000000000000000000e+00
1.862082421275709443e+00 0.000000000000000000e+00 0.000000000000000000e+00 0.000000000000000000e+00 0.000000000000000000e+00 0.000000000000000000e+00 0.000000000000000000e+00 0.000000000000000000e+00 0.000000000000000000e+00 0.000000000000000000e+00 0.000000000000000000e+00
2.118535804803530098e+00 0.000000000000000000e+00 0.000000000000000000e+00 0.000000000000000000e+00 0.000000000000000000e+00 0.000000000000000000e+00 0.000000000000000000e+00 0.000000000000000000e+00 0.000000000000000000e+00 0.000000000000000000e+00 0.000000000000000000e+00
1.967845906830626213e+00 0.000000000000000000e+00 0.000000000000000000e+00 0.000000000000000000e+00 0.000000000000000000e+00 0.000000000000000000e+00 0.000000000000000000e+00 0.000000000000000000e+00 0.000000000000000000e+00 0.000000000000000000e+00 0.000000000000000000e+00
2.065802379923213916e+00 0.000000000000000000e+00 0.000000000000000000e+00 0.000000000000000000e+00 0.000000000000000000e+00 0.000000000000000000e+00 0.000000000000000000e+00 0.000000000000000000e+00 0.000000000000000000e+00 0.000000000000000000e+00 0.000000000000000000e+00
2.008243962354095746e+00 0.000000000000000000e+00 0.000000000000000000e+00 0.000000000000000000e+00 0.000000000000000000e+00 0.000000000000000000e+00 0.000000000000000000e+00 0.000000000000000000e+00 0.000000000000000000e+00 0.000000000000000000e+00 0.000000000000000000e+00
2.033211332557154805e+00 0.000000000000000000e+00 0.000000000000000000e+00 0.000000000000000000e+00 0.000000000000000000e+00 0.000000000000000000e+00 0.000000000000000000e+00 0.000000000000000000e+00 0.000000000000000000e+00 0.000000000000000000e+00 0.000000000000000000e+00
2.033211332557154805e+00 1.000000000000000000e+00 0.000000000000000000e+00 0.000000000000000000e+00 0.000000000000000000e+00 0.000000000000000000e+00 0.000000000000000000e+00 0.000000000000000000e+00 0.000000000000000000e+00 0.000000000000000000e+00 0.000000000000000000e+00
2.033211332557154805e+00 2.618033999999999750e+00 0.000000000000000000e+00 0.000000000000000000e+00 0.000000000000000000e+00 0.000000000000000000e+00 0.000000000000000000e+00 0.000000000000000000e+00 0.000000000000000000e+00 0.000000000000000000e+00 0.000000000000000000e+00
2.033211332557154805e+00 1.000000000000000000e+00 0.000000000000000000e+00 0.000000000000000000e+00 0.000000000000000000e+00 0.000000000000000000e+00 0.000000000000000000e+00 0.000000000000000000e+00 0.000000000000000000e+00 0.000000000000000000e+00 0.000000000000000000e+00
2.033211332557154805e+00 1.618033974843999800e+00 0.000000000000000000e+00 0.000000000000000000e+00 0.000000000000000000e+00 0.000000000000000000e+00 0.000000000000000000e+00 0.000000000000000000e+00 0.000000000000000000e+00 0.000000000000000000e+00 0.000000000000000000e+00
2.033211332557154805e+00 6.180339999999999723e-01 0.000000000000000000e+00 0.000000000000000000e+00 0.000000000000000000e+00 0.000000000000000000e+00 0.000000000000000000e+00 0.000000000000000000e+00 0.000000000000000000e+00 0.000000000000000000e+00 0.000000000000000000e+00
2.033211332557154805e+00 7.710743149399786889e-01 0.000000000000000000e+00 0.000000000000000000e+00 0.000000000000000000e+00 0.000000000000000000e+00 0.000000000000000000e+00 0.000000000000000000e+00 0.000000000000000000e+00 0.000000000000000000e+00 0.000000000000000000e+00
2.033211332557154805e+00 7.787850580993784799e-01 0.000000000000000000e+00 0.000000000000000000e+00 0.000000000000000000e+00 0.000000000000000000e+00 0.000000000000000000e+00 0.000000000000000000e+00 0.000000000000000000e+00 0.000000000000000000e+00 0.000000000000000000e+00
2.033211332557154805e+00 8.632816445973913178e-01 0.000000000000000000e+00 0.000000000000000000e+00 0.000000000000000000e+00 0.000000000000000000e+00 0.000000000000000000e+00 0.000000000000000000e+00 0.000000000000000000e+00 0.000000000000000000e+00 0.000000000000000000e+00
2.033211332557154805e+00 7.948220440125127739e-01 0.000000000000000000e+00 0.000000000000000000e+00 0.000000000000000000e+00 0.000000000000000000e+00 0.000000000000000000e+00 0.000000000000000000e+00 0.000000000000000000e+00 0.000000000000000000e+00 0.000000000000000000e+00
2.033211332557154805e+00 7.865729086903722189e-01 0.000000000000000000e+00 0.000000000000000000e+00 0.000000000000000000e+00 0.000000000000000000e+00 0.000000000000000000e+00 0.000000000000000000e+00 0.000000000000000000e+00 0.000000000000000000e+00 0.000000000000000000e+00
2.033211332557154805e+00 7.865729086903722189e-01 0.000000000000000000e+00 0.000000000000000000e+00 0.000000000000000000e+00 0.000000000000000000e+00 0.000000000000000000e+00 0.000000000000000000e+00 0.000000000000000000e+00 0.000000000000000000e+00 0.000000000000000000e+00
2.033211332557154805e+00 7.865729086903722189e-01 1.000000000000000000e+00 0.000000000000000000e+00 0.000000000000000000e+00 0.000000000000000000e+00 0.000000000000000000e+00 0.000000000000000000e+00 0.000000000000000000e+00 0.000000000000000000e+00 0.000000000000000000e+00
2.033211332557154805e+00 7.865729086903722189e-01 -1.618033999999999972e+00 0.000000000000000000e+00 0.000000000000000000e+00 0.000000000000000000e+00 0.000000000000000000e+00 0.000000000000000000e+00 0.000000000000000000e+00 0.000000000000000000e+00 0.000000000000000000e+00
2.033211332557154805e+00 7.865729086903722189e-01 -2.880015621512934842e+01 0.000000000000000000e+00 0.000000000000000000e+00 0.000000000000000000e+00 0.000000000000000000e+00 0.000000000000000000e+00 0.000000000000000000e+00 0.000000000000000000e+00 0.000000000000000000e+00
2.033211332557154805e+00 7.865729086903722189e-01 -1.618033999999999972e+00 0.000000000000000000e+00 0.000000000000000000e+00 0.000000000000000000e+00 0.000000000000000000e+00 0.000000000000000000e+00 0.000000000000000000e+00 0.000000000000000000e+00 0.000000000000000000e+00
2.033211332557154805e+00 7.865729086903722189e-01 -1.200068049402409720e+01 0.000000000000000000e+00 0.000000000000000000e+00 0.000000000000000000e+00 0.000000000000000000e+00 0.000000000000000000e+00 0.000000000000000000e+00 0.000000000000000000e+00 0.000000000000000000e+00
2.033211332557154805e+00 7.865729086903722189e-01 -1.841750903731178823e+01 0.000000000000000000e+00 0.000000000000000000e+00 0.000000000000000000e+00 0.000000000000000000e+00 0.000000000000000000e+00 0.000000000000000000e+00 0.000000000000000000e+00 0.000000000000000000e+00
2.033211332557154805e+00 7.865729086903722189e-01 -1.375319897504946098e+01 0.000000000000000000e+00 0.000000000000000000e+00 0.000000000000000000e+00 0.000000000000000000e+00 0.000000000000000000e+00 0.000000000000000000e+00 0.000000000000000000e+00 0.000000000000000000e+00
2.033211332557154805e+00 7.865729086903722189e-01 -1.514268040438918561e+01 0.000000000000000000e+00 0.000000000000000000e+00 0.000000000000000000e+00 0.000000000000000000e+00 0.000000000000000000e+00 0.000000000000000000e+00 0.000000000000000000e+00 0.000000000000000000e+00
2.033211332557154805e+00 7.865729086903722189e-01 -1.454843898061963792e+01 0.000000000000000000e+00 0.000000000000000000e+00 0.000000000000000000e+00 0.000000000000000000e+00 0.000000000000000000e+00 0.000000000000000000e+00 0.000000000000000000e+00 0.000000000000000000e+00
2.033211332557154805e+00 7.865729086903722189e-01 -1.639355359799209921e+01 0.000000000000000000e+00 0.000000000000000000e+00 0.000000000000000000e+00 0.000000000000000000e+00 0.000000000000000000e+00 0.000000000000000000e+00 0.000000000000000000e+00 0.000000000000000000e+00
2.033211332557154805e+00 7.865729086903722189e-01 -1.562047143465691690e+01 0.000000000000000000e+00 0.000000000000000000e+00 0.000000000000000000e+00 0.000000000000000000e+00 0.000000000000000000e+00 0.000000000000000000e+00 0.000000000000000000e+00 0.000000000000000000e+00
2.033211332557154805e+00 7.865729086903722189e-01 -1.491570038471762594e+01 0.000000000000000000e+00 0.000000000000000000e+00 0.000000000000000000e+00 0.000000000000000000e+00 0.000000000000000000e+00 0.000000000000000000e+00 0.000000000000000000e+00 0.000000000000000000e+00
2.033211332557154805e+00 7.865729086903722189e-01 -1.532518033305643002e+01 0.000000000000000000e+00 0.000000000000000000e+00 0.000000000000000000e+00 0.000000000000000000e+00 0.000000000000000000e+00 0.000000000000000000e+00 0.000000000000000000e+00 0.000000000000000000e+00
2.033211332557154805e+00 7.865729086903722189e-01 -1.514268040438918561e+01 0.000000000000000000e+00 0.000000000000000000e+00 0.000000000000000000e+00 0.000000000000000000e+00 0.000000000000000000e+00 0.000000000000000000e+00 0.000000000000000000e+00 0.000000000000000000e+00
2.033211332557154805e+00 7.865729086903722189e-01 -1.514268040438918561e+01 1.000000000000000000e+00 0.000000000000000000e+00 0.000000000000000000e+00 0.000000000000000000e+00 0.000000000000000000e+00 0.000000000000000000e+00 0.000000000000000000e+00 0.000000000000000000e+00
2.033211332557154805e+00 7.865729086903722189e-01 -1.514268040438918561e+01 -1.618033999999999972e+00 0.000000000000000000e+00 0.000000000000000000e+00 0.000000000000000000e+00 0.000000000000000000e+00 0.000000000000000000e+00 0.000000000000000000e+00 0.000000000000000000e+00
2.033211332557154805e+00 7.865729086903722189e-01 -1.514268040438918561e+01 0.000000000000000000e+00 0.000000000000000000e+00 0.000000000000000000e+00 0.000000000000000000e+00 0.000000000000000000e+00 0.000000000000000000e+00 0.000000000000000000e+00 0.000000000000000000e+00
2.033211332557154805e+00 7.865729086903722189e-01 -1.514268040438918561e+01 -6.180339748440000225e-01 0.000000000000000000e+00 0.000000000000000000e+00 0.000000000000000000e+00 0.000000000000000000e+00 0.000000000000000000e+00 0.000000000000000000e+00 0.000000000000000000e+00
2.033211332557154805e+00 7.865729086903722189e-01 -1.514268040438918561e+01 3.819660000000000277e-01 0.000000000000000000e+00 0.000000000000000000e+00 0.000000000000000000e+00 0.000000000000000000e+00 0.000000000000000000e+00 0.000000000000000000e+00 0.000000000000000000e+00
2.033211332557154805e+00 7.865729086903722189e-01 -1.514268040438918561e+01 5.571419931316965446e-01 0.000000000000000000e+00 0.000000000000000000e+00 0.000000000000000000e+00 0.000000000000000000e+00 0.000000000000000000e+00 0.000000000000000000e+00 0.000000000000000000e+00
2.033211332557154805e+00 7.865729086903722189e-01 -1.514268040438918561e+01 4.593936111029747749e-01 0.000000000000000000e+00 0.000000000000000000e+00 0.000000000000000000e+00 0.000000000000000000e+00 0.000000000000000000e+00 0.000000000000000000e+00 0.000000000000000000e+00
2.033211332557154805e+00 7.865729086903722189e-01 -1.514268040438918561e+01 2.360679748439999948e-01 0.000000000000000000e+00 0.000000000000000000e+00 0.000000000000000000e+00 0.000000000000000000e+00 0.000000000000000000e+00 0.000000000000000000e+00 0.000000000000000000e+00
2.033211332557154805e+00 7.865729086903722189e-01 -1.514268040438918561e+01 3.262379149232633169e-01 0.000000000000000000e+00 0.000000000000000000e+00 0.000000000000000000e+00 0.000000000000000000e+00 0.000000000000000000e+00 0.000000000000000000e+00 0.000000000000000000e+00
2.033211332557154805e+00 7.865729086903722189e-01 -1.514268040438918561e+01 4.115407149025588907e-01 0.000000000000000000e+00 0.000000000000000000e+00 0.000000000000000000e+00 0.000000000000000000e+00 0.000000000000000000e+00 0.000000000000000000e+00 0.000000000000000000e+00
2.033211332557154805e+00 7.865729086903722189e-01 -1.514268040438918561e+01 3.606797662555792372e-01 0.000000000000000000e+00 0.000000000000000000e+00 0.000000000000000000e+00 0.000000000000000000e+00 0.000000000000000000e+00 0.000000000000000000e+00 0.000000000000000000e+00
2.033211332557154805e+00 7.865729086903722189e-01 -1.514268040438918561e+01 3.932625355524708155e-01 0.000000000000000000e+00 0.000000000000000000e+00 0.000000000000000000e+00 0.000000000000000000e+00 0.000000000000000000e+00 0.000000000000000000e+00 0.000000000000000000e+00
2.033211332557154805e+00 7.865729086903722189e-01 -1.514268040438918561e+01 3.738353824415786009e-01 0.000000000000000000e+00 0.000000000000000000e+00 0.000000000000000000e+00 0.000000000000000000e+00 0.000000000000000000e+00 0.000000000000000000e+00 0.000000000000000000e+00
2.033211332557154805e+00 7.865729086903722189e-01 -1.514268040438918561e+01 3.688103843494771605e-01 0.000000000000000000e+00 0.000000000000000000e+00 0.000000000000000000e+00 0.000000000000000000e+00 0.000000000000000000e+00 0.000000000000000000e+00 0.000000000000000000e+00
2.033211332557154805e+00 7.865729086903722189e-01 -1.514268040438918561e+01 3.775737362759943871e-01 0.000000000000000000e+00 0.000000000000000000e+00 0.000000000000000000e+00 0.000000000000000000e+00 0.000000000000000000e+00 0.000000000000000000e+00 0.000000000000000000e+00
2.033211332557154805e+00 7.865729086903722189e-01 -1.514268040438918561e+01 3.775737362759943871e-01 0.000000000000000000e+00 0.000000000000000000e+00 0.000000000000000000e+00 0.000000000000000000e+00 0.000000000000000000e+00 0.000000000000000000e+00 0.000000000000000000e+00
2.033211332557154805e+00 7.865729086903722189e-01 -1.514268040438918561e+01 3.775737362759943871e-01 1.000000000000000000e+00 0.000000000000000000e+00 0.000000000000000000e+00 0.000000000000000000e+00 0.000000000000000000e+00 0.000000000000000000e+00 0.000000000000000000e+00
2.033211332557154805e+00 7.865729086903722189e-01 -1.514268040438918561e+01 3.775737362759943871e-01 -1.618033999999999972e+00 0.000000000000000000e+00 0.000000000000000000e+00 0.000000000000000000e+00 0.000000000000000000e+00 0.000000000000000000e+00 0.000000000000000000e+00
2.033211332557154805e+00 7.865729086903722189e-01 -1.514268040438918561e+01 3.775737362759943871e-01 0.000000000000000000e+00 0.000000000000000000e+00 0.000000000000000000e+00 0.000000000000000000e+00 0.000000000000000000e+00 0.000000000000000000e+00 0.000000000000000000e+00
2.033211332557154805e+00 7.865729086903722189e-01 -1.514268040438918561e+01 3.775737362759943871e-01 -6.180339748440000225e-01 0.000000000000000000e+00 0.000000000000000000e+00 0.000000000000000000e+00 0.000000000000000000e+00 0.000000000000000000e+00 0.000000000000000000e+00
2.033211332557154805e+00 7.865729086903722189e-01 -1.514268040438918561e+01 3.775737362759943871e-01 3.819660000000000277e-01 0.000000000000000000e+00 0.000000000000000000e+00 0.000000000000000000e+00 0.000000000000000000e+00 0.000000000000000000e+00 0.000000000000000000e+00
2.033211332557154805e+00 7.865729086903722189e-01 -1.514268040438918561e+01 3.775737362759943871e-01 1.403780790018520526e-02 0.000000000000000000e+00 0.000000000000000000e+00 0.000000000000000000e+00 0.000000000000000000e+00 0.000000000000000000e+00 0.000000000000000000e+00
2.033211332557154805e+00 7.865729086903722189e-01 -1.514268040438918561e+01 3.775737362759943871e-01 1.131210509893145200e-01 0.000000000000000000e+00 0.000000000000000000e+00 0.000000000000000000e+00 0.000000000000000000e+00 0.000000000000000000e+00 0.000000000000000000e+00
2.033211332557154805e+00 7.865729086903722189e-01 -1.514268040438918561e+01 3.775737362759943871e-01 5.188423792996757489e-02 0.000000000000000000e+00 0.000000000000000000e+00 0.000000000000000000e+00 0.000000000000000000e+00 0.000000000000000000e+00 0.000000000000000000e+00
2.033211332557154805e+00 7.865729086903722189e-01 -1.514268040438918561e+01 3.775737362759943871e-01 2.576378120731002974e-02 0.000000000000000000e+00 0.000000000000000000e+00 0.000000000000000000e+00 0.000000000000000000e+00 0.000000000000000000e+00 0.000000000000000000e+00
2.033211332557154805e+00 7.865729086903722189e-01 -1.514268040438918561e+01 3.775737362759943871e-01 1.577950747038522200e-02 0.000000000000000000e+00 0.000000000000000000e+00 0.000000000000000000e+00 0.000000000000000000e+00 0.000000000000000000e+00 0.000000000000000000e+00
2.033211332557154805e+00 7.865729086903722189e-01 -1.514268040438918561e+01 3.775737362759943871e-01 8.675842567783063203e-03 0.000000000000000000e+00 0.000000000000000000e+00 0.000000000000000000e+00 0.000000000000000000e+00 0.000000000000000000e+00 0.000000000000000000e+00
2.033211332557154805e+00 7.865729086903722189e-01 -1.514268040438918561e+01 3.775737362759943871e-01 1.198971945002888853e-02 0.000000000000000000e+00 0.000000000000000000e+00 0.000000000000000000e+00 0.000000000000000000e+00 0.000000000000000000e+00 0.000000000000000000e+00
2.033211332557154805e+00 7.865729086903722189e-01 -1.514268040438918561e+01 3.775737362759943871e-01 1.072393115282497915e-02 0.000000000000000000e+00 0.000000000000000000e+00 0.000000000000000000e+00 0.000000000000000000e+00 0.000000000000000000e+00 0.000000000000000000e+00
2.033211332557154805e+00 7.865729086903722189e-01 -1.514268040438918561e+01 3.775737362759943871e-01 1.277201960298129588e-02 0.000000000000000000e+00 0.000000000000000000e+00 0.000000000000000000e+00 0.000000000000000000e+00 0.000000000000000000e+00 0.000000000000000000e+00
2.033211332557154805e+00 7.865729086903722189e-01 -1.514268040438918561e+01 3.775737362759943871e-01 1.150623135729910047e-02 0.000000000000000000e+00 0.000000000000000000e+00 0.000000000000000000e+00 0.000000000000000000e+00 0.000000000000000000e+00 0.000000000000000000e+00
2.033211332557154805e+00 7.865729086903722189e-01 -1.514268040438918561e+01 3.775737362759943871e-01 1.228853151025150782e-02 0.000000000000000000e+00 0.000000000000000000e+00 0.000000000000000000e+00 0.000000000000000000e+00 0.000000000000000000e+00 0.000000000000000000e+00
2.033211332557154805e+00 7.865729086903722189e-01 -1.514268040438918561e+01 3.775737362759943871e-01 1.247320752307913387e-02 0.000000000000000000e+00 0.000000000000000000e+00 0.000000000000000000e+00 0.000000000000000000e+00 0.000000000000000000e+00 0.000000000000000000e+00
2.033211332557154805e+00 7.865729086903722189e-01 -1.514268040438918561e+01 3.775737362759943871e-01 1.216564618514899207e-02 0.000000000000000000e+00 0.000000000000000000e+00 0.000000000000000000e+00 0.000000000000000000e+00 0.000000000000000000e+00 0.000000000000000000e+00
2.033211332557154805e+00 7.865729086903722189e-01 -1.514268040438918561e+01 3.775737362759943871e-01 1.228853151025150782e-02 0.000000000000000000e+00 0.000000000000000000e+00 0.000000000000000000e+00 0.000000000000000000e+00 0.000000000000000000e+00 0.000000000000000000e+00
2.033211332557154805e+00 7.865729086903722189e-01 -1.514268040438918561e+01 3.775737362759943871e-01 1.228853151025150782e-02 1.000000000000000000e+00 0.000000000000000000e+00 0.000000000000000000e+00 0.000000000000000000e+00 0.000000000000000000e+00 0.000000000000000000e+00
2.033211332557154805e+00 7.865729086903722189e-01 -1.514268040438918561e+01 3.775737362759943871e-01 1.228853151025150782e-02 2.618033999999999750e+00 0.000000000000000000e+00 0.000000000000000000e+00 0.000000000000000000e+00 0.000000000000000000e+00 0.000000000000000000e+00
2.033211332557154805e+00 7.865729086903722189e-01 -1.514268040438918561e+01 3.775737362759943871e-01 1.228853151025150782e-02 1.000000000000000000e+00 0.000000000000000000e+00 0.000000000000000000e+00 0.000000000000000000e+00 0.000000000000000000e+00 0.000000000000000000e+00
2.033211332557154805e+00 7.865729086903722189e-01 -1.514268040438918561e+01 3.775737362759943871e-01 1.228853151025150782e-02 1.618033974843999800e+00 0.000000000000000000e+00 0.000000000000000000e+00 0.000000000000000000e+00 0.000000000000000000e+00 0.000000000000000000e+00
2.033211332557154805e+00 7.865729086903722189e-01 -1.514268040438918561e+01 3.775737362759943871e-01 1.228853151025150782e-02 6.180339999999999723e-01 0.000000000000000000e+00 0.000000000000000000e+00 0.000000000000000000e+00 0.000000000000000000e+00 0.000000000000000000e+00
2.033211332557154805e+00 7.865729086903722189e-01 -1.514268040438918561e+01 3.775737362759943871e-01 1.228853151025150782e-02 3.819660251559999775e-01 0.000000000000000000e+00 0.000000000000000000e+00 0.000000000000000000e+00 0.000000000000000000e+00 0.000000000000000000e+00
2.033211332557154805e+00 7.865729086903722189e-01 -1.514268040438918561e+01 3.775737362759943871e-01 1.228853151025150782e-02 2.360679903912632771e-01 0.000000000000000000e+00 0.000000000000000000e+00 0.000000000000000000e+00 0.000000000000000000e+00 0.000000000000000000e+00
2.033211332557154805e+00 7.865729086903722189e-01 -1.514268040438918561e+01 3.775737362759943871e-01 1.228853151025150782e-02 3.720749304676299607e-01 0.000000000000000000e+00 0.000000000000000000e+00 0.000000000000000000e+00 0.000000000000000000e+00 0.000000000000000000e+00
2.033211332557154805e+00 7.865729086903722189e-01 -1.514268040438918561e+01 3.775737362759943871e-01 1.228853151025150782e-02 3.857856854175599759e-01 0.000000000000000000e+00 0.000000000000000000e+00 0.000000000000000000e+00 0.000000000000000000e+00 0.000000000000000000e+00
2.033211332557154805e+00 7.865729086903722189e-01 -1.514268040438918561e+01 3.775737362759943871e-01 1.228853151025150782e-02 3.781463648944399791e-01 0.000000000000000000e+00 0.000000000000000000e+00 0.000000000000000000e+00 0.000000000000000000e+00 0.000000000000000000e+00
2.033211332557154805e+00 7.865729086903722189e-01 -1.514268040438918561e+01 3.775737362759943871e-01 1.228853151025150782e-02 3.819660251559999775e-01 0.000000000000000000e+00 0.000000000000000000e+00 0.000000000000000000e+00 0.000000000000000000e+00 0.000000000000000000e+00
2.033211332557154805e+00 7.865729086903722189e-01 -1.514268040438918561e+01 3.775737362759943871e-01 1.228853151025150782e-02 3.819660251559999775e-01 1.000000000000000000e+00 0.000000000000000000e+00 0.000000000000000000e+00 0.000000000000000000e+00 0.000000000000000000e+00
2.033211332557154805e+00 7.865729086903722189e-01 -1.514268040438918561e+01 3.775737362759943871e-01 1.228853151025150782e-02 3.819660251559999775e-01 -1.618033999999999972e+00 0.000000000000000000e+00 0.000000000000000000e+00 0.000000000000000000e+00 0.000000000000000000e+00
2.033211332557154805e+00 7.865729086903722189e-01 -1.514268040438918561e+01 3.775737362759943871e-01 1.228853151025150782e-02 3.819660251559999775e-01 0.000000000000000000e+00 0.000000000000000000e+00 0.000000000000000000e+00 0.000000000000000000e+00 0.000000000000000000e+00
2.033211332557154805e+00 7.865729086903722189e-01 -1.514268040438918561e+01 3.775737362759943871e-01 1.228853151025150782e-02 3.819660251559999775e-01 -6.180339748440000225e-01 0.000000000000000000e+00 0.000000000000000000e+00 0.000000000000000000e+00 0.000000000000000000e+00
2.033211332557154805e+00 7.865729086903722189e-01 -1.514268040438918561e+01 3.775737362759943871e-01 1.228853151025150782e-02 3.819660251559999775e-01 3.819660000000000277e-01 0.000000000000000000e+00 0.000000000000000000e+00 0.000000000000000000e+00 0.000000000000000000e+00
2.033211332557154805e+00 7.865729086903722189e-01 -1.514268040438918561e+01 3.775737362759943871e-01 1.228853151025150782e-02 3.819660251559999775e-01 7.812027222893955063e-03 0.000000000000000000e+00 0.000000000000000000e+00 0.000000000000000000e+00 0.000000000000000000e+00
2.033211332557154805e+00 7.865729086903722189e-01 -1.514268040438918561e+01 3.775737362759943871e-01 1.228853151025150782e-02 3.819660251559999775e-01 1.713662413093230141e-01 0.000000000000000000e+00 0.000000000000000000e+00 0.000000000000000000e+00 0.000000000000000000e+00
2.033211332557154805e+00 7.865729086903722189e-01 -1.514268040438918561e+01 3.775737362759943871e-01 1.228853151025150782e-02 3.819660251559999775e-01 7.028417616063092899e-02 0.000000000000000000e+00 0.000000000000000000e+00 0.000000000000000000e+00 0.000000000000000000e+00
2.033211332557154805e+00 7.865729086903722189e-01 -1.514268040438918561e+01 3.775737362759943871e-01 1.228853151025150782e-02 3.819660251559999775e-01 3.167426406404559580e-02 0.000000000000000000e+00 0.000000000000000000e+00 0.000000000000000000e+00 0.000000000000000000e+00
2.033211332557154805e+00 7.865729086903722189e-01 -1.514268040438918561e+01 3.775737362759943871e-01 1.228853151025150782e-02 3.819660251559999775e-01 1.692659038016128270e-02 0.000000000000000000e+00 0.000000000000000000e+00 0.000000000000000000e+00 0.000000000000000000e+00
2.033211332557154805e+00 7.865729086903722189e-01 -1.514268040438918561e+01 3.775737362759943871e-01 1.228853151025150782e-02 3.819660251559999775e-01 8.882578577635554321e-03 0.000000000000000000e+00 0.000000000000000000e+00 0.000000000000000000e+00 0.000000000000000000e+00
2.033211332557154805e+00 7.865729086903722189e-01 -1.514268040438918561e+01 3.775737362759943871e-01 1.228853151025150782e-02 3.819660251559999775e-01 1.199062601766623729e-02 0.000000000000000000e+00 0.000000000000000000e+00 0.000000000000000000e+00 0.000000000000000000e+00
2.033211332557154805e+00 7.865729086903722189e-01 -1.514268040438918561e+01 3.775737362759943871e-01 1.228853151025150782e-02 3.819660251559999775e-01 1.006974702611431426e-02 0.000000000000000000e+00 0.000000000000000000e+00 0.000000000000000000e+00 0.000000000000000000e+00
2.033211332557154805e+00 7.865729086903722189e-01 -1.514268040438918561e+01 3.775737362759943871e-01 1.228853151025150782e-02 3.819660251559999775e-01 9.336036561227192138e-03 0.000000000000000000e+00 0.000000000000000000e+00 0.000000000000000000e+00 0.000000000000000000e+00
2.033211332557154805e+00 7.865729086903722189e-01 -1.514268040438918561e+01 3.775737362759943871e-01 1.228853151025150782e-02 3.819660251559999775e-01 8.524934009328464721e-03 0.000000000000000000e+00 0.000000000000000000e+00 0.000000000000000000e+00 0.000000000000000000e+00
2.033211332557154805e+00 7.865729086903722189e-01 -1.514268040438918561e+01 3.775737362759943871e-01 1.228853151025150782e-02 3.819660251559999775e-01 9.055784109796117393e-03 0.000000000000000000e+00 0.000000000000000000e+00 0.000000000000000000e+00 0.000000000000000000e+00
2.033211332557154805e+00 7.865729086903722189e-01 -1.514268040438918561e+01 3.775737362759943871e-01 1.228853151025150782e-02 3.819660251559999775e-01 8.745970512457568180e-03 0.000000000000000000e+00 0.000000000000000000e+00 0.000000000000000000e+00 0.000000000000000000e+00
2.033211332557154805e+00 7.865729086903722189e-01 -1.514268040438918561e+01 3.775737362759943871e-01 1.228853151025150782e-02 3.819660251559999775e-01 8.658510797332992504e-03 0.000000000000000000e+00 0.000000000000000000e+00 0.000000000000000000e+00 0.000000000000000000e+00
2.033211332557154805e+00 7.865729086903722189e-01 -1.514268040438918561e+01 3.775737362759943871e-01 1.228853151025150782e-02 3.819660251559999775e-01 8.745970512457568180e-03 0.000000000000000000e+00 0.000000000000000000e+00 0.000000000000000000e+00 0.000000000000000000e+00
2.033211332557154805e+00 7.865729086903722189e-01 -1.514268040438918561e+01 3.775737362759943871e-01 1.228853151025150782e-02 3.819660251559999775e-01 8.745970512457568180e-03 1.000000000000000000e+00 0.000000000000000000e+00 0.000000000000000000e+00 0.000000000000000000e+00
2.033211332557154805e+00 7.865729086903722189e-01 -1.514268040438918561e+01 3.775737362759943871e-01 1.228853151025150782e-02 3.819660251559999775e-01 8.745970512457568180e-03 -1.618033999999999972e+00 0.000000000000000000e+00 0.000000000000000000e+00 0.000000000000000000e+00
2.033211332557154805e+00 7.865729086903722189e-01 -1.514268040438918561e+01 3.775737362759943871e-01 1.228853151025150782e-02 3.819660251559999775e-01 8.745970512457568180e-03 0.000000000000000000e+00 0.000000000000000000e+00 0.000000000000000000e+00 0.000000000000000000e+00
2.033211332557154805e+00 7.865729086903722189e-01 -1.514268040438918561e+01 3.775737362759943871e-01 1.228853151025150782e-02 3.819660251559999775e-01 8.745970512457568180e-03 -6.180339748440000225e-01 0.000000000000000000e+00 0.000000000000000000e+00 0.000000000000000000e+00
2.033211332557154805e+00 7.865729086903722189e-01 -1.514268040438918561e+01 3.775737362759943871e-01 1.228853151025150782e-02 3.819660251559999775e-01 8.745970512457568180e-03 3.819660000000000277e-01 0.000000000000000000e+00 0.000000000000000000e+00 0.000000000000000000e+00
2.033211332557154805e+00 7.865729086903722189e-01 -1.514268040438918561e+01 3.775737362759943871e-01 1.228853151025150782e-02 3.819660251559999775e-01 8.745970512457568180e-03 -2.393977775903683922e-02 0.000000000000000000e+00 0.000000000000000000e+00 0.000000000000000000e+00
2.033211332557154805e+00 7.865729086903722189e-01 -1.514268040438918561e+01 3.775737362759943871e-01 1.228853151025150782e-02 3.819660251559999775e-01 8.745970512457568180e-03 -1.597974107202512067e-02 0.000000000000000000e+00 0.000000000000000000e+00 0.000000000000000000e+00
2.033211332557154805e+00 7.865729086903722189e-01 -1.514268040438918561e+01 3.775737362759943871e-01 1.228853151025150782e-02 3.819660251559999775e-01 8.745970512457568180e-03 -2.508635618427919045e-01 0.000000000000000000e+00 0.000000000000000000e+00 0.000000000000000000e+00
2.033211332557154805e+00 7.865729086903722189e-01 -1.514268040438918561e+01 3.775737362759943871e-01 1.228853151025150782e-02 3.819660251559999775e-01 8.745970512457568180e-03 -1.106169478703724340e-01 0.000000000000000000e+00 0.000000000000000000e+00 0.000000000000000000e+00
2.033211332557154805e+00 7.865729086903722189e-01 -1.514268040438918561e+01 3.775737362759943871e-01 1.228853151025150782e-02 3.819660251559999775e-01 8.745970512457568180e-03 -5.704750971778324575e-02 0.000000000000000000e+00 0.000000000000000000e+00 0.000000000000000000e+00
2.033211332557154805e+00 7.865729086903722189e-01 -1.514268040438918561e+01 3.775737362759943871e-01 1.228853151025150782e-02 3.819660251559999775e-01 8.745970512457568180e-03 -7.750921373117512780e-02 0.000000000000000000e+00 0.000000000000000000e+00 0.000000000000000000e+00
2.033211332557154805e+00 7.865729086903722189e-01 -1.514268040438918561e+01 3.775737362759943871e-01 1.228853151025150782e-02 3.819660251559999775e-01 8.745970512457568180e-03 -9.015524250938776463e-02 0.000000000000000000e+00 0.000000000000000000e+00 0.000000000000000000e+00
2.033211332557154805e+00 7.865729086903722189e-01 -1.514268040438918561e+01 3.775737362759943871e-01 1.228853151025150782e-02 3.819660251559999775e-01 8.745970512457568180e-03 -6.969353849599588258e-02 0.000000000000000000e+00 0.000000000000000000e+00 0.000000000000000000e+00
2.033211332557154805e+00 7.865729086903722189e-01 -1.514268040438918561e+01 3.775737362759943871e-01 1.228853151025150782e-02 3.819660251559999775e-01 8.745970512457568180e-03 -8.233956675947390336e-02 0.000000000000000000e+00 0.000000000000000000e+00 0.000000000000000000e+00
2.033211332557154805e+00 7.865729086903722189e-01 -1.514268040438918561e+01 3.775737362759943871e-01 1.228853151025150782e-02 3.819660251559999775e-01 8.745970512457568180e-03 -7.452389152429465813e-02 0.000000000000000000e+00 0.000000000000000000e+00 0.000000000000000000e+00
2.033211332557154805e+00 7.865729086903722189e-01 -1.514268040438918561e+01 3.775737362759943871e-01 1.228853151025150782e-02 3.819660251559999775e-01 8.745970512457568180e-03 -7.935424435598230353e-02 0.000000000000000000e+00 0.000000000000000000e+00 0.000000000000000000e+00
2.033211332557154805e+00 7.865729086903722189e-01 -1.514268040438918561e+01 3.775737362759943871e-01 1.228853151025150782e-02 3.819660251559999775e-01 8.745970512457568180e-03 -7.636892214910181997e-02 0.000000000000000000e+00 0.000000000000000000e+00 0.000000000000000000e+00
2.033211332557154805e+00 7.865729086903722189e-01 -1.514268040438918561e+01 3.775737362759943871e-01 1.228853151025150782e-02 3.819660251559999775e-01 8.745970512457568180e-03 -7.828430587848687894e-02 0.000000000000000000e+00 0.000000000000000000e+00 0.000000000000000000e+00
2.033211332557154805e+00 7.865729086903722189e-01 -1.514268040438918561e+01 3.775737362759943871e-01 1.228853151025150782e-02 3.819660251559999775e-01 8.745970512457568180e-03 -7.750921373117512780e-02 0.000000000000000000e+00 0.000000000000000000e+00 0.000000000000000000e+00
2.033211332557154805e+00 7.865729086903722189e-01 -1.514268040438918561e+01 3.775737362759943871e-01 1.228853151025150782e-02 3.819660251559999775e-01 8.745970512457568180e-03 -7.750921373117512780e-02 1.000000000000000000e+00 0.000000000000000000e+00 0.000000000000000000e+00
2.033211332557154805e+00 7.865729086903722189e-01 -1.514268040438918561e+01 3.775737362759943871e-01 1.228853151025150782e-02 3.819660251559999775e-01 8.745970512457568180e-03 -7.750921373117512780e-02 -1.618033999999999972e+00 0.000000000000000000e+00 0.000000000000000000e+00
2.033211332557154805e+00 7.865729086903722189e-01 -1.514268040438918561e+01 3.775737362759943871e-01 1.228853151025150782e-02 3.819660251559999775e-01 8.745970512457568180e-03 -7.750921373117512780e-02 -1.718019892380791225e+00 0.000000000000000000e+00 0.000000000000000000e+00
2.033211332557154805e+00 7.865729086903722189e-01 -1.514268040438918561e+01 3.775737362759943871e-01 1.228853151025150782e-02 3.819660251559999775e-01 8.745970512457568180e-03 -7.750921373117512780e-02 -1.618033999999999972e+00 0.000000000000000000e+00 0.000000000000000000e+00
2.033211332557154805e+00 7.865729086903722189e-01 -1.514268040438918561e+01 3.775737362759943871e-01 1.228853151025150782e-02 3.819660251559999775e-01 8.745970512457568180e-03 -7.750921373117512780e-02 -1.000000025155999950e+00 0.000000000000000000e+00 0.000000000000000000e+00
2.033211332557154805e+00 7.865729086903722189e-01 -1.514268040438918561e+01 3.775737362759943871e-01 1.228853151025150782e-02 3.819660251559999775e-01 8.745970512457568180e-03 -7.750921373117512780e-02 -6.180340155472632269e-01 0.000000000000000000e+00 0.000000000000000000e+00
2.033211332557154805e+00 7.865729086903722189e-01 -1.514268040438918561e+01 3.775737362759943871e-01 1.228853151025150782e-02 3.819660251559999775e-01 8.745970512457568180e-03 -7.750921373117512780e-02 -7.149493820926635657e-01 0.000000000000000000e+00 0.000000000000000000e+00
2.033211332557154805e+00 7.865729086903722189e-01 -1.514268040438918561e+01 3.775737362759943871e-01 1.228853151025150782e-02 3.819660251559999775e-01 8.745970512457568180e-03 -7.750921373117512780e-02 -8.066010531226762703e-01 0.000000000000000000e+00 0.000000000000000000e+00
2.033211332557154805e+00 7.865729086903722189e-01 -1.514268040438918561e+01 3.775737362759943871e-01 1.228853151025150782e-02 3.819660251559999775e-01 8.745970512457568180e-03 -7.750921373117512780e-02 -6.779310071947831640e-01 0.000000000000000000e+00 0.000000000000000000e+00
2.033211332557154805e+00 7.865729086903722189e-01 -1.514268040438918561e+01 3.775737362759943871e-01 1.228853151025150782e-02 3.819660251559999775e-01 8.745970512457568180e-03 -7.750921373117512780e-02 -7.314724652997465215e-01 0.000000000000000000e+00 0.000000000000000000e+00
2.033211332557154805e+00 7.865729086903722189e-01 -1.514268040438918561e+01 3.775737362759943871e-01 1.228853151025150782e-02 3.819660251559999775e-01 8.745970512457568180e-03 -7.750921373117512780e-02 -6.990066107266836859e-01 0.000000000000000000e+00 0.000000000000000000e+00
2.033211332557154805e+00 7.865729086903722189e-01 -1.514268040438918561e+01 3.775737362759943871e-01 1.228853151025150782e-02 3.819660251559999775e-01 8.745970512457568180e-03 -7.750921373117512780e-02 -7.220988759235902332e-01 0.000000000000000000e+00 0.000000000000000000e+00
2.033211332557154805e+00 7.865729086903722189e-01 -1.514268040438918561e+01 3.775737362759943871e-01 1.228853151025150782e-02 3.819660251559999775e-01 8.745970512457568180e-03 -7.750921373117512780e-02 -7.077998882617368981e-01 0.000000000000000000e+00 0.000000000000000000e+00
2.033211332557154805e+00 7.865729086903722189e-01 -1.514268040438918561e+01 3.775737362759943871e-01 1.228853151025150782e-02 3.819660251559999775e-01 8.745970512457568180e-03 -7.750921373117512780e-02 -7.077998882617368981e-01 0.000000000000000000e+00 0.000000000000000000e+00
2.033211332557154805e+00 7.865729086903722189e-01 -1.514268040438918561e+01 3.775737362759943871e-01 1.228853151025150782e-02 3.819660251559999775e-01 8.745970512457568180e-03 -7.750921373117512780e-02 -7.077998882617368981e-01 1.000000000000000000e+00 0.000000000000000000e+00
2.033211332557154805e+00 7.865729086903722189e-01 -1.514268040438918561e+01 3.775737362759943871e-01 1.228853151025150782e-02 3.819660251559999775e-01 8.745970512457568180e-03 -7.750921373117512780e-02 -7.077998882617368981e-01 -1.618033999999999972e+00 0.000000000000000000e+00
2.033211332557154805e+00 7.865729086903722189e-01 -1.514268040438918561e+01 3.775737362759943871e-01 1.228853151025150782e-02 3.819660251559999775e-01 8.745970512457568180e-03 -7.750921373117512780e-02 -7.077998882617368981e-01 0.000000000000000000e+00 0.000000000000000000e+00
2.033211332557154805e+00 7.865729086903722189e-01 -1.514268040438918561e+01 3.775737362759943871e-01 1.228853151025150782e-02 3.819660251559999775e-01 8.745970512457568180e-03 -7.750921373117512780e-02 -7.077998882617368981e-01 -6.180339748440000225e-01 0.000000000000000000e+00
2.033211332557154805e+00 7.865729086903722189e-01 -1.514268040438918561e+01 3.775737362759943871e-01 1.228853151025150782e-02 3.819660251559999775e-01 8.745970512457568180e-03 -7.750921373117512780e-02 -7.077998882617368981e-01 3.819660000000000277e-01 0.000000000000000000e+00
2.033211332557154805e+00 7.865729086903722189e-01 -1.514268040438918561e+01 3.775737362759943871e-01 1.228853151025150782e-02 3.819660251559999775e-01 8.745970512457568180e-03 -7.750921373117512780e-02 -7.077998882617368981e-01 1.812430463518668322e-01 0.000000000000000000e+00
2.033211332557154805e+00 7.865729086903722189e-01 -1.514268040438918561e+01 3.775737362759943871e-01 1.228853151025150782e-02 3.819660251559999775e-01 8.745970512457568180e-03 -7.750921373117512780e-02 -7.077998882617368981e-01 1.844038143061198509e-01 0.000000000000000000e+00
2.033211332557154805e+00 7.865729086903722189e-01 -1.514268040438918561e+01 3.775737362759943871e-01 1.228853151025150782e-02 3.819660251559999775e-01 8.745970512457568180e-03 -7.750921373117512780e-02 -7.077998882617368981e-01 2.598658521268685240e-01 0.000000000000000000e+00
2.033211332557154805e+00 7.865729086903722189e-01 -1.514268040438918561e+01 3.775737362759943871e-01 1.228853151025150782e-02 3.819660251559999775e-01 8.745970512457568180e-03 -7.750921373117512780e-02 -7.077998882617368981e-01 2.197675333218400140e-01 0.000000000000000000e+00
2.033211332557154805e+00 7.865729086903722189e-01 -1.514268040438918561e+01 3.775737362759943871e-01 1.228853151025150782e-02 3.819660251559999775e-01 8.745970512457568180e-03 -7.750921373117512780e-02 -7.077998882617368981e-01 2.000373919944826995e-01 0.000000000000000000e+00
2.033211332557154805e+00 7.865729086903722189e-01 -1.514268040438918561e+01 3.775737362759943871e-01 1.228853151025150782e-02 3.819660251559999775e-01 8.745970512457568180e-03 -7.750921373117512780e-02 -7.077998882617368981e-01 1.915468695151960610e-01 0.000000000000000000e+00
2.033211332557154805e+00 7.865729086903722189e-01 -1.514268040438918561e+01 3.775737362759943871e-01 1.228853151025150782e-02 3.819660251559999775e-01 8.745970512457568180e-03 -7.750921373117512780e-02 -7.077998882617368981e-01 1.896314008100440929e-01 0.000000000000000000e+00
2.033211332557154805e+00 7.865729086903722189e-01 -1.514268040438918561e+01 3.775737362759943871e-01 1.228853151025150782e-02 3.819660251559999775e-01 8.745970512457568180e-03 -7.750921373117512780e-02 -7.077998882617368981e-01 1.934623382203480291e-01 0.000000000000000000e+00
2.033211332557154805e+00 7.865729086903722189e-01 -1.514268040438918561e+01 3.775737362759943871e-01 1.228853151025150782e-02 3.819660251559999775e-01 8.745970512457568180e-03 -7.750921373117512780e-02 -7.077998882617368981e-01 1.915468695151960610e-01 0.000000000000000000e+00
2.033211332557154805e+00 7.865729086903722189e-01 -1.514268040438918561e+01 3.775737362759943871e-01 1.228853151025150782e-02 3.819660251559999775e-01 8.745970512457568180e-03 -7.750921373117512780e-02 -7.077998882617368981e-01 1.915468695151960610e-01 1.000000000000000000e+00
2.033211332557154805e+00 7.865729086903722189e-01 -1.514268040438918561e+01 3.775737362759943871e-01 1.228853151025150782e-02 3.819660251559999775e-01 8.745970512457568180e-03 -7.750921373117512780e-02 -7.077998882617368981e-01 1.915468695151960610e-01 -1.618033999999999972e+00
2.033211332557154805e+00 7.865729086903722189e-01 -1.514268040438918561e+01 3.775737362759943871e-01 1.228853151025150782e-02 3.819660251559999775e-01 8.745970512457568180e-03 -7.750921373117512780e-02 -7.077998882617368981e-01 1.915468695151960610e-01 0.000000000000000000e+00
2.033211332557154805e+00 7.865729086903722189e-01 -1.514268040438918561e+01 3.775737362759943871e-01 1.228853151025150782e-02 3.819660251559999775e-01 8.745970512457568180e-03 -7.750921373117512780e-02 -7.077998882617368981e-01 1.915468695151960610e-01 -6.180339748440000225e-01
2.033211332557154805e+00 7.865729086903722189e-01 -1.514268040438918561e+01 3.775737362759943871e-01 1.228853151025150782e-02 3.819660251559999775e-01 8.745970512457568180e-03 -7.750921373117512780e-02 -7.077998882617368981e-01 1.915468695151960610e-01 3.819660000000000277e-01
2.033211332557154805e+00 7.865729086903722189e-01 -1.514268040438918561e+01 3.775737362759943871e-01 1.228853151025150782e-02 3.819660251559999775e-01 8.745970512457568180e-03 -7.750921373117512780e-02 -7.077998882617368981e-01 1.915468695151960610e-01 9.958297157304316777e-03
2.033211332557154805e+00 7.865729086903722189e-01 -1.514268040438918561e+01 3.775737362759943871e-01 1.228853151025150782e-02 3.819660251559999775e-01 8.745970512457568180e-03 -7.750921373117512780e-02 -7.077998882617368981e-01 1.915468695151960610e-01 -2.360679652352633273e-01
2.033211332557154805e+00 7.865729086903722189e-01 -1.514268040438918561e+01 3.775737362759943871e-01 1.228853151025150782e-02 3.819660251559999775e-01 8.745970512457568180e-03 -7.750921373117512780e-02 -7.077998882617368981e-01 1.915468695151960610e-01 -9.951100341691528073e-02
2.033211332557154805e+00 7.865729086903722189e-01 -1.514268040438918561e+01 3.775737362759943871e-01 1.228853151025150782e-02 3.819660251559999775e-01 8.745970512457568180e-03 -7.750921373117512780e-02 -7.077998882617368981e-01 1.915468695151960610e-01 -5.139470354410567016e-02
2.033211332557154805e+00 7.865729086903722189e-01 -1.514268040438918561e+01 3.775737362759943871e-01 1.228853151025150782e-02 3.819660251559999775e-01 8.745970512457568180e-03 -7.750921373117512780e-02 -7.077998882617368981e-01 1.915468695151960610e-01 -6.137075719951946146e-02
2.033211332557154805e+00 7.865729086903722189e-01 -1.514268040438918561e+01 3.775737362759943871e-01 1.228853151025150782e-02 3.819660251559999775e-01 8.745970512457568180e-03 -7.750921373117512780e-02 -7.077998882617368981e-01 1.915468695151960610e-01 -3.176367421017779746e-02
2.033211332557154805e+00 7.865729086903722189e-01 -1.514268040438918561e+01 3.775737362759943871e-01 1.228853151025150782e-02 3.819660251559999775e-01 8.745970512457568180e-03 -7.750921373117512780e-02 -7.077998882617368981e-01 1.915468695151960610e-01 -1.963103062681302580e-02
2.033211332557154805e+00 7.865729086903722189e-01 -1.514268040438918561e+01 3.775737362759943871e-01 1.228853151025150782e-02 3.819660251559999775e-01 8.745970512457568180e-03 -7.750921373117512780e-02 -7.077998882617368981e-01 1.915468695151960610e-01 -3.007101751799173134e-02
2.033211332557154805e+00 7.865729086903722189e-01 -1.514268040438918561e+01 3.775737362759943871e-01 1.228853151025150782e-02 3.819660251559999775e-01 8.745970512457568180e-03 -7.750921373117512780e-02 -7.077998882617368981e-01 1.915468695151960610e-01 -3.926205996074089155e-02
2.033211332557154805e+00 7.865729086903722189e-01 -1.514268040438918561e+01 3.775737362759943871e-01 1.228853151025150782e-02 3.819660251559999775e-01 8.745970512457568180e-03 -7.750921373117512780e-02 -7.077998882617368981e-01 1.915468695151960610e-01 -3.462780262177737878e-02
2.033211332557154805e+00 7.865729086903722189e-01 -1.514268040438918561e+01 3.775737362759943871e-01 1.228853151025150782e-02 3.819660251559999775e-01 8.745970512457568180e-03 -7.750921373117512780e-02 -7.077998882617368981e-01 1.915468695151960610e-01 -3.285767388304284414e-02
2.033211332557154805e+00 7.865729086903722189e-01 -1.514268040438918561e+01 3.775737362759943871e-01 1.228853151025150782e-02 3.819660251559999775e-01 8.745970512457568180e-03 -7.750921373117512780e-02 -7.077998882617368981e-01 1.915468695151960610e-01 -3.111713690409025415e-02
2.033211332557154805e+00 7.865729086903722189e-01 -1.514268040438918561e+01 3.775737362759943871e-01 1.228853151025150782e-02 3.819660251559999775e-01 8.745970512457568180e-03 -7.750921373117512780e-02 -7.077998882617368981e-01 1.915468695151960610e-01 -3.218154488922336798e-02
2.033211332557154805e+00 7.865729086903722189e-01 -1.514268040438918561e+01 3.775737362759943871e-01 1.228853151025150782e-02 3.819660251559999775e-01 8.745970512457568180e-03 -7.750921373117512780e-02 -7.077998882617368981e-01 1.915468695151960610e-01 -3.144603745807601769e-02
4.066422665114309609e+00 1.573145817380744438e+00 -3.028536080877837122e+01 7.551474725519887743e-01 2.457706302050301564e-02 7.639320503119999550e-01 1.749194102491513636e-02 -1.550184274623502556e-01 -1.415599776523473796e+00 3.830937390303921219e-01 -6.352734842035559493e-02
2.033211332557154805e+00 7.865729086903722189e-01 -1.514268040438918561e+01 3.775737362759943871e-01 1.228853151025150782e-02 3.819660251559999775e-01 8.745970512457568180e-03 -7.750921373117512780e-02 -7.077998882617368981e-01 1.915468695151960610e-01 -3.176367421017779746e-02
3.033211332557154805e+00 7.865729086903722189e-01 -1.514268040438918561e+01 3.775737362759943871e-01 1.228853151025150782e-02 3.819660251559999775e-01 8.745970512457568180e-03 -7.750921373117512780e-02 -7.077998882617368981e-01 1.915468695151960610e-01 -3.176367421017779746e-02
4.151773325571548323e-01 7.865729086903722189e-01 -1.514268040438918561e+01 3.775737362759943871e-01 1.228853151025150782e-02 3.819660251559999775e-01 8.745970512457568180e-03 -7.750921373117512780e-02 -7.077998882617368981e-01 1.915468695151960610e-01 -3.176367421017779746e-02
2.033211332557154805e+00 7.865729086903722189e-01 -1.514268040438918561e+01 3.775737362759943871e-01 1.228853151025150782e-02 3.819660251559999775e-01 8.745970512457568180e-03 -7.750921373117512780e-02 -7.077998882617368981e-01 1.915468695151960610e-01 -3.176367421017779746e-02
1.415177357713154782e+00 7.865729086903722189e-01 -1.514268040438918561e+01 3.775737362759943871e-01 1.228853151025150782e-02 3.819660251559999775e-01 8.745970512457568180e-03 -7.750921373117512780e-02 -7.077998882617368981e-01 1.915468695151960610e-01 -3.176367421017779746e-02
2.415177332557155054e+00 7.865729086903722189e-01 -1.514268040438918561e+01 3.775737362759943871e-01 1.228853151025150782e-02 3.819660251559999775e-01 8.745970512457568180e-03 -7.750921373117512780e-02 -7.077998882617368981e-01 1.915468695151960610e-01 -3.176367421017779746e-02
2.068800979029723042e+00 7.865729086903722189e-01 -1.514268040438918561e+01 3.775737362759943871e-01 1.228853151025150782e-02 3.819660251559999775e-01 8.745970512457568180e-03 -7.750921373117512780e-02 -7.077998882617368981e-01 1.915468695151960610e-01 -3.176367421017779746e-02
2.131925686668237230e+00 7.865729086903722189e-01 -1.514268040438918561e+01 3.775737362759943871e-01 1.228853151025150782e-02 3.819660251559999775e-01 8.745970512457568180e-03 -7.750921373117512780e-02 -7.077998882617368981e-01 1.915468695151960610e-01 -3.176367421017779746e-02
2.240118184841843441e+00 7.865729086903722189e-01 -1.514268040438918561e+01 3.775737362759943871e-01 1.228853151025150782e-02 3.819660251559999775e-01 8.745970512457568180e-03 -7.750921373117512780e-02 -7.077998882617368981e-01 1.915468695151960610e-01 -3.176367421017779746e-02
2.169591248024485886e+00 7.865729086903722189e-01 -1.514268040438918561e+01 3.775737362759943871e-01 1.228853151025150782e-02 3.819660251559999775e-01 8.745970512457568180e-03 -7.750921373117512780e-02 -7.077998882617368981e-01 1.915468695151960610e-01 -3.176367421017779746e-02
2.107814194590384549e+00 7.865729086903722189e-01 -1.514268040438918561e+01 3.775737362759943871e-01 1.228853151025150782e-02 3.819660251559999775e-01 8.745970512457568180e-03 -7.750921373117512780e-02 -7.077998882617368981e-01 1.915468695151960610e-01 -3.176367421017779746e-02
2.092912472695541037e+00 7.865729086903722189e-01 -1.514268040438918561e+01 3.775737362759943871e-01 1.228853151025150782e-02 3.819660251559999775e-01 8.745970512457568180e-03 -7.750921373117512780e-02 -7.077998882617368981e-01 1.915468695151960610e-01 -3.176367421017779746e-02
2.083702701905982835e+00 7.865729086903722189e-01 -1.514268040438918561e+01 3.775737362759943871e-01 1.228853151025150782e-02 3.819660251559999775e-01 8.745970512457568180e-03 -7.750921373117512780e-02 -7.077998882617368981e-01 1.915468695151960610e-01 -3.176367421017779746e-02
2.095717374558797363e+00 7.865729086903722189e-01 -1.514268040438918561e+01 3.775737362759943871e-01 1.228853151025150782e-02 3.819660251559999775e-01 8.745970512457568180e-03 -7.750921373117512780e-02 -7.077998882617368981e-01 1.915468695151960610e-01 -3.176367421017779746e-02
2.089394653386136724e+00 7.865729086903722189e-01 -1.514268040438918561e+01 3.775737362759943871e-01 1.228853151025150782e-02 3.819660251559999775e-01 8.745970512457568180e-03 -7.750921373117512780e-02 -7.077998882617368981e-01 1.915468695151960610e-01 -3.176367421017779746e-02
2.091568785325204960e+00 7.865729086903722189e-01 -1.514268040438918561e+01 3.775737362759943871e-01 1.228853151025150782e-02 3.819660251559999775e-01 8.745970512457568180e-03 -7.750921373117512780e-02 -7.077998882617368981e-01 1.915468695151960610e-01 -3.176367421017779746e-02
2.093509484106924834e+00 7.865729086903722189e-01 -1.514268040438918561e+01 3.775737362759943871e-01 1.228853151025150782e-02 3.819660251559999775e-01 8.745970512457568180e-03 -7.750921373117512780e-02 -7.077998882617368981e-01 1.915468695151960610e-01 -3.176367421017779746e-02
2.092315461284156797e+00 7.865729086903722189e-01 -1.514268040438918561e+01 3.775737362759943871e-01 1.228853151025150782e-02 3.819660251559999775e-01 8.745970512457568180e-03 -7.750921373117512780e-02 -7.077998882617368981e-01 1.915468695151960610e-01 -3.176367421017779746e-02
2.092315461284156797e+00 7.865729086903722189e-01 -1.514268040438918561e+01 3.775737362759943871e-01 1.228853151025150782e-02 3.819660251559999775e-01 8.745970512457568180e-03 -7.750921373117512780e-02 -7.077998882617368981e-01 1.915468695151960610e-01 -3.176367421017779746e-02
2.092315461284156797e+00 1.786572908690372330e+00 -1.514268040438918561e+01 3.775737362759943871e-01 1.228853151025150782e-02 3.819660251559999775e-01 8.745970512457568180e-03 -7.750921373117512780e-02 -7.077998882617368981e-01 1.915468695151960610e-01 -3.176367421017779746e-02
2.092315461284156797e+00 -8.314610913096277534e-01 -1.514268040438918561e+01 3.775737362759943871e-01 1.228853151025150782e-02 3.819660251559999775e-01 8.745970512457568180e-03 -7.750921373117512780e-02 -7.077998882617368981e-01 1.915468695151960610e-01 -3.176367421017779746e-02
2.092315461284156797e+00 7.865729086903722189e-01 -1.514268040438918561e+01 3.775737362759943871e-01 1.228853151025150782e-02 3.819660251559999775e-01 8.745970512457568180e-03 -7.750921373117512780e-02 -7.077998882617368981e-01 1.915468695151960610e-01 -3.176367421017779746e-02
2.092315461284156797e+00 1.685389338463721964e-01 -1.514268040438918561e+01 3.775737362759943871e-01 1.228853151025150782e-02 3.819660251559999775e-01 8.745970512457568180e-03 -7.750921373117512780e-02 -7.077998882617368981e-01 1.915468695151960610e-01 -3.176367421017779746e-02
2.092315461284156797e+00 1.168538908690372136e+00 -1.514268040438918561e+01 3.775737362759943871e-01 1.228853151025150782e-02 3.819660251559999775e-01 8.745970512457568180e-03 -7.750921373117512780e-02 -7.077998882617368981e-01 1.915468695151960610e-01 -3.176367421017779746e-02
2.092315461284156797e+00 7.744988862657905537e-01 -1.514268040438918561e+01 3.775737362759943871e-01 1.228853151025150782e-02 3.819660251559999775e-01 8.745970512457568180e-03 -7.750921373117512780e-02 -7.077998882617368981e-01 1.915468695151960610e-01 -3.176367421017779746e-02
2.092315461284156797e+00 6.321351602473204156e-01 -1.514268040438918561e+01 3.775737362759943871e-01 1.228853151025150782e-02 3.819660251559999775e-01 8.745970512457568180e-03 -7.750921373117512780e-02 -7.077998882617368981e-01 1.915468695151960610e-01 -3.176367421017779746e-02
2.092315461284156797e+00 7.201207832934195530e-01 -1.514268040438918561e+01 3.775737362759943871e-01 1.228853151025150782e-02 3.819660251559999775e-01 8.745970512457568180e-03 -7.750921373117512780e-02 -7.077998882617368981e-01 1.915468695151960610e-01 -3.176367421017779746e-02
2.092315461284156797e+00 7.575684265977651322e-01 -1.514268040438918561e+01 3.775737362759943871e-01 1.228853151025150782e-02 3.819660251559999775e-01 8.745970512457568180e-03 -7.750921373117512780e-02 -7.077998882617368981e-01 1.915468695151960610e-01 -3.176367421017779746e-02
2.092315461284156797e+00 7.712045761804888766e-01 -1.514268040438918561e+01 3.775737362759943871e-01 1.228853151025150782e-02 3.819660251559999775e-01 8.745970512457568180e-03 -7.750921373117512780e-02 -7.077998882617368981e-01 1.915468695151960610e-01 -3.176367421017779746e-02
2.092315461284156797e+00 7.667954299310092425e-01 -1.514268040438918561e+01 3.775737362759943871e-01 1.228853151025150782e-02 3.819660251559999775e-01 8.745970512457568180e-03 -7.750921373117512780e-02 -7.077998882617368981e-01 1.915468695151960610e-01 -3.176367421017779746e-02
2.092315461284156797e+00 7.710185858943117143e-01 -1.514268040438918561e+01 3.775737362759943871e-01 1.228853151025150782e-02 3.819660251559999775e-01 8.745970512457568180e-03 -7.750921373117512780e-02 -7.077998882617368981e-01 1.915468695151960610e-01 -3.176367421017779746e-02
2.092315461284156797e+00 7.713582595155876742e-01 -1.514268040438918561e+01 3.775737362759943871e-01 1.228853151025150782e-02 3.819660251559999775e-01 8.745970512457568180e-03 -7.750921373117512780e-02 -7.077998882617368981e-01 1.915468695151960610e-01 -3.176367421017779746e-02
2.092315461284156797e+00 7.712045761804888766e-01 -1.514268040438918561e+01 3.775737362759943871e-01 1.228853151025150782e-02 3.819660251559999775e-01 8.745970512457568180e-03 -7.750921373117512780e-02 -7.077998882617368981e-01 1.915468695151960610e-01 -3.176367421017779746e-02
2.092315461284156797e+00 7.712045761804888766e-01 -1.414268040438918561e+01 3.775737362759943871e-01 1.228853151025150782e-02 3.819660251559999775e-01 8.745970512457568180e-03 -7.750921373117512780e-02 -7.077998882617368981e-01 1.915468695151960610e-01 -3.176367421017779746e-02
2.092315461284156797e+00 7.712045761804888766e-01 -1.676071440438918714e+01 3.775737362759943871e-01 1.228853151025150782e-02 3.819660251559999775e-01 8.745970512457568180e-03 -7.750921373117512780e-02 -7.077998882617368981e-01 1.915468695151960610e-01 -3.176367421017779746e-02
2.092315461284156797e+00 7.712045761804888766e-01 -1.514268040438918561e+01 3.775737362759943871e-01 1.228853151025150782e-02 3.819660251559999775e-01 8.745970512457568180e-03 -7.750921373117512780e-02 -7.077998882617368981e-01 1.915468695151960610e-01 -3.176367421017779746e-02
2.092315461284156797e+00 7.712045761804888766e-01 -1.576071437923318541e+01 3.775737362759943871e-01 1.228853151025150782e-02 3.819660251559999775e-01 8.745970512457568180e-03 -7.750921373117512780e-02 -7.077998882617368981e-01 1.915468695151960610e-01 -3.176367421017779746e-02
2.092315461284156797e+00 7.712045761804888766e-01 -1.476071440438918536e+01 3.775737362759943871e-01 1.228853151025150782e-02 3.819660251559999775e-01 8.745970512457568180e-03 -7.750921373117512780e-02 -7.077998882617368981e-01 1.915468695151960610e-01 -3.176367421017779746e-02
2.092315461284156797e+00 7.712045761804888766e-01 -1.540389215267683731e+01 3.775737362759943871e-01 1.228853151025150782e-02 3.819660251559999775e-01 8.745970512457568180e-03 -7.750921373117512780e-02 -7.077998882617368981e-01 1.915468695151960610e-01 -3.176367421017779746e-02
2.092315461284156797e+00 7.712045761804888766e-01 -1.540128003518396049e+01 3.775737362759943871e-01 1.228853151025150782e-02 3.819660251559999775e-01 8.745970512457568180e-03 -7.750921373117512780e-02 -7.077998882617368981e-01 1.915468695151960610e-01 -3.176367421017779746e-02
2.092315461284156797e+00 7.712045761804888766e-01 -1.540650427016971413e+01 3.775737362759943871e-01 1.228853151025150782e-02 3.819660251559999775e-01 8.745970512457568180e-03 -7.750921373117512780e-02 -7.077998882617368981e-01 1.915468695151960610e-01 -3.176367421017779746e-02
2.092315461284156797e+00 7.712045761804888766e-01 -1.540389215267683731e+01 3.775737362759943871e-01 1.228853151025150782e-02 3.819660251559999775e-01 8.745970512457568180e-03 -7.750921373117512780e-02 -7.077998882617368981e-01 1.915468695151960610e-01 -3.176367421017779746e-02
2.092315461284156797e+00 7.712045761804888766e-01 -1.540389215267683731e+01 1.377573736275994332e+00 1.228853151025150782e-02 3.819660251559999775e-01 8.745970512457568180e-03 -7.750921373117512780e-02 -7.077998882617368981e-01 1.915468695151960610e-01 -3.176367421017779746e-02
2.092315461284156797e+00 7.712045761804888766e-01 -1.540389215267683731e+01 -1.240460263724005641e+00 1.228853151025150782e-02 3.819660251559999775e-01 8.745970512457568180e-03 -7.750921373117512780e-02 -7.077998882617368981e-01 1.915468695151960610e-01 -3.176367421017779746e-02
2.092315461284156797e+00 7.712045761804888766e-01 -1.540389215267683731e+01 3.775737362759943871e-01 1.228853151025150782e-02 3.819660251559999775e-01 8.745970512457568180e-03 -7.750921373117512780e-02 -7.077998882617368981e-01 1.915468695151960610e-01 -3.176367421017779746e-02
2.092315461284156797e+00 7.712045761804888766e-01 -1.540389215267683731e+01 -2.404602385680056353e-01 1.228853151025150782e-02 3.819660251559999775e-01 8.745970512457568180e-03 -7.750921373117512780e-02 -7.077998882617368981e-01 1.915468695151960610e-01 -3.176367421017779746e-02
2.092315461284156797e+00 7.712045761804888766e-01 -1.540389215267683731e+01 7.595397362759943594e-01 1.228853151025150782e-02 3.819660251559999775e-01 8.745970512457568180e-03 -7.750921373117512780e-02 -7.077998882617368981e-01 1.915468695151960610e-01 -3.176367421017779746e-02
2.092315461284156797e+00 7.712045761804888766e-01 -1.540389215267683731e+01 3.430953737403206749e-01 1.228853151025150782e-02 3.819660251559999775e-01 8.745970512457568180e-03 -7.750921373117512780e-02 -7.077998882617368981e-01 1.915468695151960610e-01 -3.176367421017779746e-02
2.092315461284156797e+00 7.712045761804888766e-01 -1.540389215267683731e+01 1.201969707293585321e-01 1.228853151025150782e-02 3.819660251559999775e-01 8.745970512457568180e-03 -7.750921373117512780e-02 -7.077998882617368981e-01 1.915468695151960610e-01 -3.176367421017779746e-02
2.092315461284156797e+00 7.712045761804888766e-01 -1.540389215267683731e+01 2.627425377264119843e-01 1.228853151025150782e-02 3.819660251559999775e-01 8.745970512457568180e-03 -7.750921373117512780e-02 -7.077998882617368981e-01 1.915468695151960610e-01 -3.176367421017779746e-02
2.092315461284156797e+00 7.712045761804888766e-01 -1.540389215267683731e+01 3.159709042389253209e-01 1.228853151025150782e-02 3.819660251559999775e-01 8.745970512457568180e-03 -7.750921373117512780e-02 -7.077998882617368981e-01 1.915468695151960610e-01 -3.176367421017779746e-02
2.092315461284156797e+00 7.712045761804888766e-01 -1.540389215267683731e+01 3.562649359646218317e-01 1.228853151025150782e-02 3.819660251559999775e-01 8.745970512457568180e-03 -7.750921373117512780e-02 -7.077998882617368981e-01 1.915468695151960610e-01 -3.176367421017779746e-02
2.092315461284156797e+00 7.712045761804888766e-01 -1.540389215267683731e+01 3.327347486227507090e-01 1.228853151025150782e-02 3.819660251559999775e-01 8.745970512457568180e-03 -7.750921373117512780e-02 -7.077998882617368981e-01 1.915468695151960610e-01 -3.176367421017779746e-02
2.092315461284156797e+00 7.712045761804888766e-01 -1.540389215267683731e+01 3.481256987448880791e-01 1.228853151025150782e-02 3.819660251559999775e-01 8.745970512457568180e-03 -7.750921373117512780e-02 -7.077998882617368981e-01 1.915468695151960610e-01 -3.176367421017779746e-02
2.092315461284156797e+00 7.712045761804888766e-01 -1.540389215267683731e+01 3.391379672066629491e-01 1.228853151025150782e-02 3.819660251559999775e-01 8.745970512457568180e-03 -7.750921373117512780e-02 -7.077998882617368981e-01 1.915468695151960610e-01 -3.176367421017779746e-02
2.092315461284156797e+00 7.712045761804888766e-01 -1.540389215267683731e+01 3.450167868610152788e-01 1.228853151025150782e-02 3.819660251559999775e-01 8.745970512457568180e-03 -7.750921373117512780e-02 -7.077998882617368981e-01 1.915468695151960610e-01 -3.176367421017779746e-02
2.092315461284156797e+00 7.712045761804888766e-01 -1.540389215267683731e+01 3.415837789962855586e-01 1.228853151025150782e-02 3.819660251559999775e-01 8.745970512457568180e-03 -7.750921373117512780e-02 -7.077998882617368981e-01 1.915468695151960610e-01 -3.176367421017779746e-02
2.092315461284156797e+00 7.712045761804888766e-01 -1.540389215267683731e+01 3.427505901049639481e-01 1.228853151025150782e-02 3.819660251559999775e-01 8.745970512457568180e-03 -7.750921373117512780e-02 -7.077998882617368981e-01 1.915468695151960610e-01 -3.176367421017779746e-02
2.092315461284156797e+00 7.712045761804888766e-01 -1.540389215267683731e+01 3.434401573756774018e-01 1.228853151025150782e-02 3.819660251559999775e-01 8.745970512457568180e-03 -7.750921373117512780e-02 -7.077998882617368981e-01 1.915468695151960610e-01 -3.176367421017779746e-02
2.092315461284156797e+00 7.712045761804888766e-01 -1.540389215267683731e+01 3.430953737403206749e-01 1.228853151025150782e-02 3.819660251559999775e-01 8.745970512457568180e-03 -7.750921373117512780e-02 -7.077998882617368981e-01 1.915468695151960610e-01 -3.176367421017779746e-02
2.092315461284156797e+00 7.712045761804888766e-01 -1.540389215267683731e+01 3.430953737403206749e-01 1.012288531510251444e+00 3.819660251559999775e-01 8.745970512457568180e-03 -7.750921373117512780e-02 -7.077998882617368981e-01 1.915468695151960610e-01 -3.176367421017779746e-02
2.092315461284156797e+00 7.712045761804888766e-01 -1.540389215267683731e+01 3.430953737403206749e-01 -1.605745468489748529e+00 3.819660251559999775e-01 8.745970512457568180e-03 -7.750921373117512780e-02 -7.077998882617368981e-01 1.915468695151960610e-01 -3.176367421017779746e-02
2.092315461284156797e+00 7.712045761804888766e-01 -1.540389215267683731e+01 3.430953737403206749e-01 1.228853151025150782e-02 3.819660251559999775e-01 8.745970512457568180e-03 -7.750921373117512780e-02 -7.077998882617368981e-01 1.915468695151960610e-01 -3.176367421017779746e-02
2.092315461284156797e+00 7.712045761804888766e-01 -1.540389215267683731e+01 3.430953737403206749e-01 -6.057454433337484678e-01 3.819660251559999775e-01 8.745970512457568180e-03 -7.750921373117512780e-02 -7.077998882617368981e-01 1.915468695151960610e-01 -3.176367421017779746e-02
2.092315461284156797e+00 7.712045761804888766e-01 -1.540389215267683731e+01 3.430953737403206749e-01 3.942545315102515269e-01 3.819660251559999775e-01 8.745970512457568180e-03 -7.750921373117512780e-02 -7.077998882617368981e-01 1.915468695151960610e-01 -3.176367421017779746e-02
2.092315461284156797e+00 7.712045761804888766e-01 -1.540389215267683731e+01 3.430953737403206749e-01 6.610263566604167307e-02 3.819660251559999775e-01 8.745970512457568180e-03 -7.750921373117512780e-02 -7.077998882617368981e-01 1.915468695151960610e-01 -3.176367421017779746e-02
2.092315461284156797e+00 7.712045761804888766e-01 -1.540389215267683731e+01 3.430953737403206749e-01 9.733158469021040149e-02 3.819660251559999775e-01 8.745970512457568180e-03 -7.750921373117512780e-02 -7.077998882617368981e-01 1.915468695151960610e-01 -3.176367421017779746e-02
2.092315461284156797e+00 7.712045761804888766e-01 -1.540389215267683731e+01 3.430953737403206749e-01 6.201501064921956935e-02 3.819660251559999775e-01 8.745970512457568180e-03 -7.750921373117512780e-02 -7.077998882617368981e-01 1.915468695151960610e-01 -3.176367421017779746e-02
2.092315461284156797e+00 7.712045761804888766e-01 -1.540389215267683731e+01 3.430953737403206749e-01 8.037200300249858209e-02 3.819660251559999775e-01 8.745970512457568180e-03 -7.750921373117512780e-02 -7.077998882617368981e-01 1.915468695151960610e-01 -3.176367421017779746e-02
2.092315461284156797e+00 7.712045761804888766e-01 -1.540389215267683731e+01 3.430953737403206749e-01 7.155304883007877759e-02 3.819660251559999775e-01 8.745970512457568180e-03 -7.750921373117512780e-02 -7.077998882617368981e-01 1.915468695151960610e-01 -3.176367421017779746e-02
2.092315461284156797e+00 7.712045761804888766e-01 -1.540389215267683731e+01 3.430953737403206749e-01 6.818450818065627250e-02 3.819660251559999775e-01 8.745970512457568180e-03 -7.750921373117512780e-02 -7.077998882617368981e-01 1.915468695151960610e-01 -3.176367421017779746e-02
2.092315461284156797e+00 7.712045761804888766e-01 -1.540389215267683731e+01 3.430953737403206749e-01 6.454130188886619823e-02 3.819660251559999775e-01 8.745970512457568180e-03 -7.750921373117512780e-02 -7.077998882617368981e-01 1.915468695151960610e-01 -3.176367421017779746e-02
2.092315461284156797e+00 7.712045761804888766e-01 -1.540389215267683731e+01 3.430953737403206749e-01 6.689784018295895363e-02 3.819660251559999775e-01 8.745970512457568180e-03 -7.750921373117512780e-02 -7.077998882617368981e-01 1.915468695151960610e-01 -3.176367421017779746e-02
2.092315461284156797e+00 7.712045761804888766e-01 -1.540389215267683731e+01 3.430953737403206749e-01 6.550625924850907167e-02 3.819660251559999775e-01 8.745970512457568180e-03 -7.750921373117512780e-02 -7.077998882617368981e-01 1.915468695151960610e-01 -3.176367421017779746e-02
2.092315461284156797e+00 7.712045761804888766e-01 -1.540389215267683731e+01 3.430953737403206749e-01 6.610263566604167307e-02 3.819660251559999775e-01 8.745970512457568180e-03 -7.750921373117512780e-02 -7.077998882617368981e-01 1.915468695151960610e-01 -3.176367421017779746e-02
2.092315461284156797e+00 7.712045761804888766e-01 -1.540389215267683731e+01 3.430953737403206749e-01 6.610263566604167307e-02 1.381966025155999978e+00 8.745970512457568180e-03 -7.750921373117512780e-02 -7.077998882617368981e-01 1.915468695151960610e-01 -3.176367421017779746e-02
2.092315461284156797e+00 7.712045761804888766e-01 -1.540389215267683731e+01 3.430953737403206749e-01 6.610263566604167307e-02 -1.236067974843999995e+00 8.745970512457568180e-03 -7.750921373117512780e-02 -7.077998882617368981e-01 1.915468695151960610e-01 -3.176367421017779746e-02
2.092315461284156797e+00 7.712045761804888766e-01 -1.540389215267683731e+01 3.430953737403206749e-01 6.610263566604167307e-02 3.819660251559999775e-01 8.745970512457568180e-03 -7.750921373117512780e-02 -7.077998882617368981e-01 1.915468695151960610e-01 -3.176367421017779746e-02
2.092315461284156797e+00 7.712045761804888766e-01 -1.540389215267683731e+01 3.430953737403206749e-01 6.610263566604167307e-02 -2.360679496880000450e-01 8.745970512457568180e-03 -7.750921373117512780e-02 -7.077998882617368981e-01 1.915468695151960610e-01 -3.176367421017779746e-02
2.092315461284156797e+00 7.712045761804888766e-01 -1.540389215267683731e+01 3.430953737403206749e-01 6.610263566604167307e-02 -6.180339592967367679e-01 8.745970512457568180e-03 -7.750921373117512780e-02 -7.077998882617368981e-01 1.915468695151960610e-01 -3.176367421017779746e-02
2.092315461284156797e+00 7.712045761804888766e-01 -1.540389215267683731e+01 3.430953737403206749e-01 6.610263566604167307e-02 -8.075448084003128413e-02 8.745970512457568180e-03 -7.750921373117512780e-02 -7.077998882617368981e-01 1.915468695151960610e-01 -3.176367421017779746e-02
2.092315461284156797e+00 7.712045761804888766e-01 -1.540389215267683731e+01 3.430953737403206749e-01 6.610263566604167307e-02 -3.819659785142107689e-01 8.745970512457568180e-03 -7.750921373117512780e-02 -7.077998882617368981e-01 1.915468695151960610e-01 -3.176367421017779746e-02
2.092315461284156797e+00 7.712045761804888766e-01 -1.540389215267683731e+01 3.430953737403206749e-01 6.610263566604167307e-02 -1.767434852460167960e-01 8.745970512457568180e-03 -7.750921373117512780e-02 -7.077998882617368981e-01 1.915468695151960610e-01 -3.176367421017779746e-02
2.092315461284156797e+00 7.712045761804888766e-01 -1.540389215267683731e+01 3.430953737403206749e-01 6.610263566604167307e-02 -2.917960361666324109e-01 8.745970512457568180e-03 -7.750921373117512780e-02 -7.077998882617368981e-01 1.915468695151960610e-01 -3.176367421017779746e-02
2.092315461284156797e+00 7.712045761804888766e-01 -1.540389215267683731e+01 3.430953737403206749e-01 6.610263566604167307e-02 -2.134080213029534434e-01 8.745970512457568180e-03 -7.750921373117512780e-02 -7.077998882617368981e-01 1.915468695151960610e-01 -3.176367421017779746e-02
2.092315461284156797e+00 7.712045761804888766e-01 -1.540389215267683731e+01 3.430953737403206749e-01 6.610263566604167307e-02 -2.573541839678973320e-01 8.745970512457568180e-03 -7.750921373117512780e-02 -7.077998882617368981e-01 1.915468695151960610e-01 -3.176367421017779746e-02
2.092315461284156797e+00 7.712045761804888766e-01 -1.540389215267683731e+01 3.430953737403206749e-01 6.610263566604167307e-02 -2.274126274824773697e-01 8.745970512457568180e-03 -7.750921373117512780e-02 -7.077998882617368981e-01 1.915468695151960610e-01 -3.176367421017779746e-02
2.092315461284156797e+00 7.712045761804888766e-01 -1.540389215267683731e+01 3.430953737403206749e-01 6.610263566604167307e-02 -2.441985674509552506e-01 8.745970512457568180e-03 -7.750921373117512780e-02 -7.077998882617368981e-01 1.915468695151960610e-01 -3.176367421017779746e-02
2.092315461284156797e+00 7.712045761804888766e-01 -1.540389215267683731e+01 3.430953737403206749e-01 6.610263566604167307e-02 -2.360679496880000450e-01 8.745970512457568180e-03 -7.750921373117512780e-02 -7.077998882617368981e-01 1.915468695151960610e-01 -3.176367421017779746e-02
2.092315461284156797e+00 7.712045761804888766e-01 -1.540389215267683731e+01 3.430953737403206749e-01 6.610263566604167307e-02 -2.360679496880000450e-01 1.008745970512457513e+00 -7.750921373117512780e-02 -7.077998882617368981e-01 1.915468695151960610e-01 -3.176367421017779746e-02
2.092315461284156797e+00 7.712045761804888766e-01 -1.540389215267683731e+01 3.430953737403206749e-01 6.610263566604167307e-02 -2.360679496880000450e-01 -1.609288029487542460e+00 -7.750921373117512780e-02 -7.077998882617368981e-01 1.915468695151960610e-01 -3.176367421017779746e-02
2.092315461284156797e+00 7.712045761804888766e-01 -1.540389215267683731e+01 3.430953737403206749e-01 6.610263566604167307e-02 -2.360679496880000450e-01 8.745970512457568180e-03 -7.750921373117512780e-02 -7.077998882617368981e-01 1.915468695151960610e-01 -3.176367421017779746e-02
2.092315461284156797e+00 7.712045761804888766e-01 -1.540389215267683731e+01 3.430953737403206749e-01 6.610263566604167307e-02 -2.360679496880000450e-01 -6.092880043315425098e-01 -7.750921373117512780e-02 -7.077998882617368981e-01 1.915468695151960610e-01 -3.176367421017779746e-02
2.092315461284156797e+00 7.712045761804888766e-01 -1.540389215267683731e+01 3.430953737403206749e-01 6.610263566604167307e-02 -2.360679496880000450e-01 3.907119705124575959e-01 -7.750921373117512780e-02 -7.077998882617368981e-01 1.915468695151960610e-01 -3.176367421017779746e-02
2.092315461284156797e+00 7.712045761804888766e-01 -1.540389215267683731e+01 3.430953737403206749e-01 6.610263566604167307e-02 -2.360679496880000450e-01 5.005865238543506790e-02 -7.750921373117512780e-02 -7.077998882617368981e-01 1.915468695151960610e-01 -3.176367421017779746e-02
2.092315461284156797e+00 7.712045761804888766e-01 -1.540389215267683731e+01 3.430953737403206749e-01 6.610263566604167307e-02 -2.360679496880000450e-01 1.629974648130142478e-01 -7.750921373117512780e-02 -7.077998882617368981e-01 1.915468695151960610e-01 -3.176367421017779746e-02
2.092315461284156797e+00 7.712045761804888766e-01 -1.540389215267683731e+01 3.430953737403206749e-01 6.610263566604167307e-02 -2.360679496880000450e-01 9.319743881314777878e-02 -7.750921373117512780e-02 -7.077998882617368981e-01 1.915468695151960610e-01 -3.176367421017779746e-02
2.092315461284156797e+00 7.712045761804888766e-01 -1.540389215267683731e+01 3.430953737403206749e-01 6.610263566604167307e-02 -2.360679496880000450e-01 6.653620208208277376e-02 -7.750921373117512780e-02 -7.077998882617368981e-01 1.915468695151960610e-01 -3.176367421017779746e-02
2.092315461284156797e+00 7.712045761804888766e-01 -1.540389215267683731e+01 3.430953737403206749e-01 6.610263566604167307e-02 -2.360679496880000450e-01 3.427861254114134004e-02 -7.750921373117512780e-02 -7.077998882617368981e-01 1.915468695151960610e-01 -3.176367421017779746e-02
2.092315461284156797e+00 7.712045761804888766e-01 -1.540389215267683731e+01 3.430953737403206749e-01 6.610263566604167307e-02 -2.360679496880000450e-01 2.201450325054563756e-02 -7.750921373117512780e-02 -7.077998882617368981e-01 1.915468695151960610e-01 -3.176367421017779746e-02
2.092315461284156797e+00 7.712045761804888766e-01 -1.540389215267683731e+01 3.430953737403206749e-01 6.610263566604167307e-02 -2.360679496880000450e-01 1.694637487470909004e-02 -7.750921373117512780e-02 -7.077998882617368981e-01 1.915468695151960610e-01 -3.176367421017779746e-02
2.092315461284156797e+00 7.712045761804888766e-01 -1.540389215267683731e+01 3.430953737403206749e-01 6.610263566604167307e-02 -2.360679496880000450e-01 2.235010998341264987e-02 -7.750921373117512780e-02 -7.077998882617368981e-01 1.915468695151960610e-01 -3.176367421017779746e-02
2.092315461284156797e+00 7.712045761804888766e-01 -1.540389215267683731e+01 3.430953737403206749e-01 6.610263566604167307e-02 -2.360679496880000450e-01 2.007865052734085498e-02 -7.750921373117512780e-02 -7.077998882617368981e-01 1.915468695151960610e-01 -3.176367421017779746e-02
2.092315461284156797e+00 7.712045761804888766e-01 -1.540389215267683731e+01 3.430953737403206749e-01 6.610263566604167307e-02 -2.360679496880000450e-01 2.127507332927399547e-02 -7.750921373117512780e-02 -7.077998882617368981e-01 1.915468695151960610e-01 -3.176367421017779746e-02
2.092315461284156797e+00 7.712045761804888766e-01 -1.540389215267683731e+01 3.430953737403206749e-01 6.610263566604167307e-02 -2.360679496880000450e-01 2.173206616123719154e-02 -7.750921373117512780e-02 -7.077998882617368981e-01 1.915468695151960610e-01 -3.176367421017779746e-02
2.092315461284156797e+00 7.712045761804888766e-01 -1.540389215267683731e+01 3.430953737403206749e-01 6.610263566604167307e-02 -2.360679496880000450e-01 2.214718858792651818e-02 -7.750921373117512780e-02 -7.077998882617368981e-01 1.915468695151960610e-01 -3.176367421017779746e-02
2.092315461284156797e+00 7.712045761804888766e-01 -1.540389215267683731e+01 3.430953737403206749e-01 6.610263566604167307e-02 -2.360679496880000450e-01 2.188181791316475694e-02 -7.750921373117512780e-02 -7.077998882617368981e-01 1.915468695151960610e-01 -3.176367421017779746e-02
2.092315461284156797e+00 7.712045761804888766e-01 -1.540389215267683731e+01 3.430953737403206749e-01 6.610263566604167307e-02 -2.360679496880000450e-01 2.201450325054563756e-02 -7.750921373117512780e-02 -7.077998882617368981e-01 1.915468695151960610e-01 -3.176367421017779746e-02
2.092315461284156797e+00 7.712045761804888766e-01 -1.540389215267683731e+01 3.430953737403206749e-01 6.610263566604167307e-02 -2.360679496880000450e-01 2.201450325054563756e-02 9.224907862688248583e-01 -7.077998882617368981e-01 1.915468695151960610e-01 -3.176367421017779746e-02
2.092315461284156797e+00 7.712045761804888766e-01 -1.540389215267683731e+01 3.430953737403206749e-01 6.610263566604167307e-02 -2.360679496880000450e-01 2.201450325054563756e-02 -1.695543213731175003e+00 -7.077998882617368981e-01 1.915468695151960610e-01 -3.176367421017779746e-02
2.092315461284156797e+00 7.712045761804888766e-01 -1.540389215267683731e+01 3.430953737403206749e-01 6.610263566604167307e-02 -2.360679496880000450e-01 2.201450325054563756e-02 -7.750921373117512780e-02 -7.077998882617368981e-01 1.915468695151960610e-01 -3.176367421017779746e-02
2.092315461284156797e+00 7.712045761804888766e-01 -1.540389215267683731e+01 3.430953737403206749e-01 6.610263566604167307e-02 -2.360679496880000450e-01 2.201450325054563756e-02 -6.955431885751751642e-01 -7.077998882617368981e-01 1.915468695151960610e-01 -3.176367421017779746e-02
2.092315461284156797e+00 7.712045761804888766e-01 -1.540389215267683731e+01 3.430953737403206749e-01 6.610263566604167307e-02 -2.360679496880000450e-01 2.201450325054563756e-02 3.044567862688248860e-01 -7.077998882617368981e-01 1.915468695151960610e-01 -3.176367421017779746e-02
2.092315461284156797e+00 7.712045761804888766e-01 -1.540389215267683731e+01 3.430953737403206749e-01 6.610263566604167307e-02 -2.360679496880000450e-01 2.201450325054563756e-02 -8.677874388618979362e-02 -7.077998882617368981e-01 1.915468695151960610e-01 -3.176367421017779746e-02
2.092315461284156797e+00 7.712045761804888766e-01 -1.540389215267683731e+01 3.430953737403206749e-01 6.610263566604167307e-02 -2.360679496880000450e-01 2.201450325054563756e-02 3.975675379335065485e-02 -7.077998882617368981e-01 1.915468695151960610e-01 -3.176367421017779746e-02
2.092315461284156797e+00 7.712045761804888766e-01 -1.540389215267683731e+01 3.430953737403206749e-01 6.610263566604167307e-02 -2.360679496880000450e-01 2.201450325054563756e-02 -3.271760117970210630e-02 -7.077998882617368981e-01 1.915468695151960610e-01 -3.176367421017779746e-02
2.092315461284156797e+00 7.712045761804888766e-01 -1.540389215267683731e+01 3.430953737403206749e-01 6.610263566604167307e-02 -2.360679496880000450e-01 2.201450325054563756e-02 -5.729845072017535068e-02 -7.077998882617368981e-01 1.915468695151960610e-01 -3.176367421017779746e-02
2.092315461284156797e+00 7.712045761804888766e-01 -1.540389215267683731e+01 3.430953737403206749e-01 6.610263566604167307e-02 -2.360679496880000450e-01 2.201450325054563756e-02 -6.978938942691559344e-02 -7.077998882617368981e-01 1.915468695151960610e-01 -3.176367421017779746e-02
2.092315461284156797e+00 7.712045761804888766e-01 -1.540389215267683731e+01 3.430953737403206749e-01 6.610263566604167307e-02 -2.360679496880000450e-01 2.201450325054563756e-02 -8.104985908636545833e-02 -7.077998882617368981e-01 1.915468695151960610e-01 -3.176367421017779746e-02
2.092315461284156797e+00 7.712045761804888766e-01 -1.540389215267683731e+01 3.430953737403206749e-01 6.610263566604167307e-02 -2.360679496880000450e-01 2.201450325054563756e-02 -7.456050332097433064e-02 -7.077998882617368981e-01 1.915468695151960610e-01 -3.176367421017779746e-02
2.092315461284156797e+00 7.712045761804888766e-01 -1.540389215267683731e+01 3.430953737403206749e-01 6.610263566604167307e-02 -2.360679496880000450e-01 2.201450325054563756e-02 -7.886161987491575875e-02 -7.077998882617368981e-01 1.915468695151960610e-01 -3.176367421017779746e-02
2.092315461284156797e+00 7.712045761804888766e-01 -1.540389215267683731e+01 3.430953737403206749e-01 6.610263566604167307e-02 -2.360679496880000450e-01 2.201450325054563756e-02 -7.638290661063236453e-02 -7.077998882617368981e-01 1.915468695151960610e-01 -3.176367421017779746e-02
2.092315461284156797e+00 7.712045761804888766e-01 -1.540389215267683731e+01 3.430953737403206749e-01 6.610263566604167307e-02 -2.360679496880000450e-01 2.201450325054563756e-02 -7.648440399131825607e-02 -7.077998882617368981e-01 1.915468695151960610e-01 -3.176367421017779746e-02
2.092315461284156797e+00 7.712045761804888766e-01 -1.540389215267683731e+01 3.430953737403206749e-01 6.610263566604167307e-02 -2.360679496880000450e-01 2.201450325054563756e-02 -7.637164352942693579e-02 -7.077998882617368981e-01 1.915468695151960610e-01 -3.176367421017779746e-02
2.092315461284156797e+00 7.712045761804888766e-01 -1.540389215267683731e+01 3.430953737403206749e-01 6.610263566604167307e-02 -2.360679496880000450e-01 2.201450325054563756e-02 -7.642167515914342901e-02 -7.077998882617368981e-01 1.915468695151960610e-01 -3.176367421017779746e-02
2.092315461284156797e+00 7.712045761804888766e-01 -1.540389215267683731e+01 3.430953737403206749e-01 6.610263566604167307e-02 -2.360679496880000450e-01 2.201450325054563756e-02 -7.639771487803294348e-02 -7.077998882617368981e-01 1.915468695151960610e-01 -3.176367421017779746e-02
2.092315461284156797e+00 7.712045761804888766e-01 -1.540389215267683731e+01 3.430953737403206749e-01 6.610263566604167307e-02 -2.360679496880000450e-01 2.201450325054563756e-02 -7.638290661063236453e-02 -7.077998882617368981e-01 1.915468695151960610e-01 -3.176367421017779746e-02
2.092315461284156797e+00 7.712045761804888766e-01 -1.540389215267683731e+01 3.430953737403206749e-01 6.610263566604167307e-02 -2.360679496880000450e-01 2.201450325054563756e-02 -7.638290661063236453e-02 2.922001117382631019e-01 1.915468695151960610e-01 -3.176367421017779746e-02
2.092315461284156797e+00 7.712045761804888766e-01 -1.540389215267683731e+01 3.430953737403206749e-01 6.610263566604167307e-02 -2.360679496880000450e-01 2.201450325054563756e-02 -7.638290661063236453e-02 -2.325833888261736870e+00 1.915468695151960610e-01 -3.176367421017779746e-02
2.092315461284156797e+00 7.712045761804888766e-01 -1.540389215267683731e+01 3.430953737403206749e-01 6.610263566604167307e-02 -2.360679496880000450e-01 2.201450325054563756e-02 -7.638290661063236453e-02 -7.077998882617368981e-01 1.915468695151960610e-01 -3.176367421017779746e-02
2.092315461284156797e+00 7.712045761804888766e-01 -1.540389215267683731e+01 3.430953737403206749e-01 6.610263566604167307e-02 -2.360679496880000450e-01 2.201450325054563756e-02 -7.638290661063236453e-02 -1.325833863105736921e+00 1.915468695151960610e-01 -3.176367421017779746e-02
2.092315461284156797e+00 7.712045761804888766e-01 -1.540389215267683731e+01 3.430953737403206749e-01 6.610263566604167307e-02 -2.360679496880000450e-01 2.201450325054563756e-02 -7.638290661063236453e-02 -1.707799872714473643e+00 1.915468695151960610e-01 -3.176367421017779746e-02
2.092315461284156797e+00 7.712045761804888766e-01 -1.540389215267683731e+01 3.430953737403206749e-01 6.610263566604167307e-02 -2.360679496880000450e-01 2.201450325054563756e-02 -7.638290661063236453e-02 -1.242238634724084578e+00 1.915468695151960610e-01 -3.176367421017779746e-02
2.092315461284156797e+00 7.712045761804888766e-01 -1.540389215267683731e+01 3.430953737403206749e-01 6.610263566604167307e-02 -2.360679496880000450e-01 2.201450325054563756e-02 -7.638290661063236453e-02 -1.473833374008037822e+00 1.915468695151960610e-01 -3.176367421017779746e-02
2.092315461284156797e+00 7.712045761804888766e-01 -1.540389215267683731e+01 3.430953737403206749e-01 6.610263566604167307e-02 -2.360679496880000450e-01 2.201450325054563756e-02 -7.638290661063236453e-02 -1.382364644287045197e+00 1.915468695151960610e-01 -3.176367421017779746e-02
2.092315461284156797e+00 7.712045761804888766e-01 -1.540389215267683731e+01 3.430953737403206749e-01 6.610263566604167307e-02 -2.360679496880000450e-01 2.201450325054563756e-02 -7.638290661063236453e-02 -1.293903328101710715e+00 1.915468695151960610e-01 -3.176367421017779746e-02
2.092315461284156797e+00 7.712045761804888766e-01 -1.540389215267683731e+01 3.430953737403206749e-01 6.610263566604167307e-02 -2.360679496880000450e-01 2.201450325054563756e-02 -7.638290661063236453e-02 -1.347426699470436473e+00 1.915468695151960610e-01 -3.176367421017779746e-02
2.092315461284156797e+00 7.712045761804888766e-01 -1.540389215267683731e+01 3.430953737403206749e-01 6.610263566604167307e-02 -2.360679496880000450e-01 2.201450325054563756e-02 -7.638290661063236453e-02 -1.313637484372389030e+00 1.915468695151960610e-01 -3.176367421017779746e-02
2.092315461284156797e+00 7.712045761804888766e-01 -1.540389215267683731e+01 3.430953737403206749e-01 6.610263566604167307e-02 -2.360679496880000450e-01 2.201450325054563756e-02 -7.638290661063236453e-02 -1.334081592440615749e+00 1.915468695151960610e-01 -3.176367421017779746e-02
2.092315461284156797e+00 7.712045761804888766e-01 -1.540389215267683731e+01 3.430953737403206749e-01 6.610263566604167307e-02 -2.360679496880000450e-01 2.201450325054563756e-02 -7.638290661063236453e-02 -1.325833863105736921e+00 1.915468695151960610e-01 -3.176367421017779746e-02
2.092315461284156797e+00 7.712045761804888766e-01 -1.540389215267683731e+01 3.430953737403206749e-01 6.610263566604167307e-02 -2.360679496880000450e-01 2.201450325054563756e-02 -7.638290661063236453e-02 -1.325833863105736921e+00 1.191546869515196061e+00 -3.176367421017779746e-02
2.092315461284156797e+00 7.712045761804888766e-01 -1.540389215267683731e+01 3.430953737403206749e-01 6.610263566604167307e-02 -2.360679496880000450e-01 2.201450325054563756e-02 -7.638290661063236453e-02 -1.325833863105736921e+00 -1.426487130484803911e+00 -3.176367421017779746e-02
2.092315461284156797e+00 7.712045761804888766e-01 -1.540389215267683731e+01 3.430953737403206749e-01 6.610263566604167307e-02 -2.360679496880000450e-01 2.201450325054563756e-02 -7.638290661063236453e-02 -1.325833863105736921e+00 1.915468695151960610e-01 -3.176367421017779746e-02
2.092315461284156797e+00 7.712045761804888766e-01 -1.540389215267683731e+01 3.430953737403206749e-01 6.610263566604167307e-02 -2.360679496880000450e-01 2.201450325054563756e-02 -7.638290661063236453e-02 -1.325833863105736921e+00 -4.264871053288039615e-01 -3.176367421017779746e-02
2.092315461284156797e+00 7.712045761804888766e-01 -1.540389215267683731e+01 3.430953737403206749e-01 6.610263566604167307e-02 -2.360679496880000450e-01 2.201450325054563756e-02 -7.638290661063236453e-02 -1.325833863105736921e+00 5.735128695151960887e-01 -3.176367421017779746e-02
2.092315461284156797e+00 7.712045761804888766e-01 -1.540389215267683731e+01 3.430953737403206749e-01 6.610263566604167307e-02 -2.360679496880000450e-01 2.201450325054563756e-02 -7.638290661063236453e-02 -1.325833863105736921e+00 2.095460064337379136e-01 -3.176367421017779746e-02
2.092315461284156797e+00 7.712045761804888766e-01 -1.540389215267683731e+01 3.430953737403206749e-01 6.610263566604167307e-02 -2.360679496880000450e-01 2.201450325054563756e-02 -7.638290661063236453e-02 -1.325833863105736921e+00 3.471214636915421758e-01 -3.176367421017779746e-02
2.092315461284156797e+00 7.712045761804888766e-01 -1.540389215267683731e+01 3.430953737403206749e-01 6.610263566604167307e-02 -2.360679496880000450e-01 2.201450325054563756e-02 -7.638290661063236453e-02 -1.325833863105736921e+00 2.620951535406723654e-01 -3.176367421017779746e-02
2.092315461284156797e+00 7.712045761804888766e-01 -1.540389215267683731e+01 3.430953737403206749e-01 6.610263566604167307e-02 -2.360679496880000450e-01 2.201450325054563756e-02 -7.638290661063236453e-02 -1.325833863105736921e+00 2.606781718324224228e-01 -3.176367421017779746e-02
2.092315461284156797e+00 7.712045761804888766e-01 -1.540389215267683731e+01 3.430953737403206749e-01 6.610263566604167307e-02 -2.360679496880000450e-01 2.201450325054563756e-02 -7.638290661063236453e-02 -1.325833863105736921e+00 2.280511982945329086e-01 -3.176367421017779746e-02
2.092315461284156797e+00 7.712045761804888766e-01 -1.540389215267683731e+01 3.430953737403206749e-01 6.610263566604167307e-02 -2.360679496880000450e-01 2.201450325054563756e-02 -7.638290661063236453e-02 -1.325833863105736921e+00 2.339330944795277312e-01 -3.176367421017779746e-02
2.092315461284156797e+00 7.712045761804888766e-01 -1.540389215267683731e+01 3.430953737403206749e-01 6.610263566604167307e-02 -2.360679496880000450e-01 2.201450325054563756e-02 -7.638290661063236453e-02 -1.325833863105736921e+00 2.220630753846810357e-01 -3.176367421017779746e-02
2.092315461284156797e+00 7.712045761804888766e-01 -1.540389215267683731e+01 3.430953737403206749e-01 6.610263566604167307e-02 -2.360679496880000450e-01 2.201450325054563756e-02 -7.638290661063236453e-02 -1.325833863105736921e+00 2.284162415923262635e-01 -3.176367421017779746e-02
2.092315461284156797e+00 7.712045761804888766e-01 -1.540389215267683731e+01 3.430953737403206749e-01 6.610263566604167307e-02 -2.360679496880000450e-01 2.201450325054563756e-02 -7.638290661063236453e-02 -1.325833863105736921e+00 2.276861549967395537e-01 -3.176367421017779746e-02
2.092315461284156797e+00 7.712045761804888766e-01 -1.540389215267683731e+01 3.430953737403206749e-01 6.610263566604167307e-02 -2.360679496880000450e-01 2.201450325054563756e-02 -7.638290661063236453e-02 -1.325833863105736921e+00 2.280511982945329086e-01 -3.176367421017779746e-02
2.092315461284156797e+00 7.712045761804888766e-01 -1.540389215267683731e+01 3.430953737403206749e-01 6.610263566604167307e-02 -2.360679496880000450e-01 2.201450325054563756e-02 -7.638290661063236453e-02 -1.325833863105736921e+00 2.280511982945329086e-01 9.682363257898222164e-01
2.092315461284156797e+00 7.712045761804888766e-01 -1.540389215267683731e+01 3.430953737403206749e-01 6.610263566604167307e-02 -2.360679496880000450e-01 2.201450325054563756e-02 -7.638290661063236453e-02 -1.325833863105736921e+00 2.280511982945329086e-01 -1.649797674210177867e+00
2.092315461284156797e+00 7.712045761804888766e-01 -1.540389215267683731e+01 3.430953737403206749e-01 6.610263566604167307e-02 -2.360679496880000450e-01 2.201450325054563756e-02 -7.638290661063236453e-02 -1.325833863105736921e+00 2.280511982945329086e-01 -3.176367421017779746e-02
2.092315461284156797e+00 7.712045761804888766e-01 -1.540389215267683731e+01 3.430953737403206749e-01 6.610263566604167307e-02 -2.360679496880000450e-01 2.201450325054563756e-02 -7.638290661063236453e-02 -1.325833863105736921e+00 2.280511982945329086e-01 -6.497976490541778061e-01
2.092315461284156797e+00 7.712045761804888766e-01 -1.540389215267683731e+01 3.430953737403206749e-01 6.610263566604167307e-02 -2.360679496880000450e-01 2.201450325054563756e-02 -7.638290661063236453e-02 -1.325833863105736921e+00 2.280511982945329086e-01 3.502023257898222441e-01
2.092315461284156797e+00 7.712045761804888766e-01 -1.540389215267683731e+01 3.430953737403206749e-01 6.610263566604167307e-02 -2.360679496880000450e-01 2.201450325054563756e-02 -7.638290661063236453e-02 -1.325833863105736921e+00 2.280511982945329086e-01 3.983913743409761565e-02
2.092315461284156797e+00 7.712045761804888766e-01 -1.540389215267683731e+01 3.430953737403206749e-01 6.610263566604167307e-02 -2.360679496880000450e-01 2.201450325054563756e-02 -7.638290661063236453e-02 -1.325833863105736921e+00 2.280511982945329086e-01 1.304595795885997722e-01
2.092315461284156797e+00 7.712045761804888766e-01 -1.540389215267683731e+01 3.430953737403206749e-01 6.610263566604167307e-02 -2.360679496880000450e-01 2.201450325054563756e-02 -7.638290661063236453e-02 -1.325833863105736921e+00 2.280511982945329086e-01 7.445306524208418486e-02
2.092315461284156797e+00 7.712045761804888766e-01 -1.540389215267683731e+01 3.430953737403206749e-01 6.610263566604167307e-02 -2.360679496880000450e-01 2.201450325054563756e-02 -7.638290661063236453e-02 -1.325833863105736921e+00 2.280511982945329086e-01 1.248929788158031212e-02
2.092315461284156797e+00 7.712045761804888766e-01 -1.540389215267683731e+01 3.430953737403206749e-01 6.610263566604167307e-02 -2.360679496880000450e-01 2.201450325054563756e-02 -7.638290661063236453e-02 -1.325833863105736921e+00 2.280511982945329086e-01 5.306048098320301221e-02
2.092315461284156797e+00 7.712045761804888766e-01 -1.540389215267683731e+01 3.430953737403206749e-01 6.610263566604167307e-02 -2.360679496880000450e-01 2.201450325054563756e-02 -7.638290661063236453e-02 -1.325833863105736921e+00 2.280511982945329086e-01 5.659070902738445874e-02
2.092315461284156797e+00 7.712045761804888766e-01 -1.540389215267683731e+01 3.430953737403206749e-01 6.610263566604167307e-02 -2.360679496880000450e-01 2.201450325054563756e-02 -7.638290661063236453e-02 -1.325833863105736921e+00 2.280511982945329086e-01 4.956963708322223439e-02
2.092315461284156797e+00 7.712045761804888766e-01 -1.540389215267683731e+01 3.430953737403206749e-01 6.610263566604167307e-02 -2.360679496880000450e-01 2.201450325054563756e-02 -7.638290661063236453e-02 -1.325833863105736921e+00 2.280511982945329086e-01 5.390872254513681683e-02
2.092315461284156797e+00 7.712045761804888766e-01 -1.540389215267683731e+01 3.430953737403206749e-01 6.610263566604167307e-02 -2.360679496880000450e-01 2.201450325054563756e-02 -7.638290661063236453e-02 -1.325833863105736921e+00 2.280511982945329086e-01 5.221223942126920758e-02
