9.848021579140497916e-02
1.190376265261500616e-01
7.320343123864046786e-02
7.862213537491202775e-02
7.338481067635529986e-02
5.188802812513602231e-02
5.248453509661360483e-02
4.762720808386183835e-02
5.010520856076088742e-02
4.954134070901670267e-02
5.425589800194027812e-02
4.612930299006492985e-02
9.581473303895512994e-03
1.813710803200898336e-01
1.065676150965907606e-02
5.694617259688916633e-02
3.985050661779348732e-03
5.344366500272279032e-03
1.336922402070826570e-02
8.015318887487231717e-03
7.198896992333385370e-03
3.857679051861401601e-03
5.652217173171345498e-03
4.157088136792891873e-03
8.750956661301366457e-02
3.509167563670429445e-03
4.798581052199044766e-02
6.720078521647035452e-02
3.508725890880058824e-03
9.886557816926941702e-03
1.341825452554363737e-02
3.314093986821477992e-03
3.017632793630199879e-03
2.809246050773882980e-03
2.959249409441981789e-03
3.189733739297008746e-03
3.225767276863342626e-03
3.219180687238044555e-03
3.621866771374427068e-03
2.649690167001692107e-03
2.892160410689563477e-03
2.758508915631987125e-03
5.965461626910882609e-02
2.166949532237776865e-01
2.956409778089167436e-03
4.975129535117768509e-02
8.476678302243901425e-03
2.070242745282373925e-03
2.310310048800957514e-03
3.132193756052492877e-03
2.876118252911629130e-03
2.288656861953946176e-03
2.121926797511404679e-03
2.257843725575947678e-03
2.307457683139796639e-03
2.600810641697535661e-03
2.103576117026126433e-03
3.455330621576414851e-03
5.829641254323112039e-03
1.802259565195516540e-03
3.110286472954523068e-03
3.035468503892968083e-03
2.316092321533990035e-03
2.096588393012613696e-03
2.210876303388034821e-03
2.195773392652834114e-03
2.260316695059654424e-03
2.545226194914680141e-03
2.187367528590640833e-03
1.944941539757965914e-03
3.183297371424332126e-03
2.265686125091324714e-03
2.135862754216303217e-03
2.023366000019647011e-03
2.020797552804218158e-03
2.031247348922276402e-03
1.734476781869733440e-03
2.715770271020349989e-03
2.038552921639868922e-03
2.004918858371888823e-03
2.449706801350670995e-03
2.089282849492594789e-03
2.018957946242804641e-03
2.506340381665859637e-03
2.366548886260888898e-03
2.570682057642342637e-03
2.496388654953312063e-03
2.668377173919072708e-03
7.136660696063967801e-02
1.942010883534003585e-01
2.201164431632749753e-03
3.503680568840403936e-02
1.424308967926980231e-02
2.004509374216570730e-03
3.273802131773796871e-03
2.290425202644240810e-03
2.263342810026004390e-03
1.757039764662662353e-03
2.233636593639607738e-03
1.741612527655260001e-03
1.961011322605019438e-03
2.154548541603237138e-03
2.125242755886935352e-03
1.859244153624064122e-03
1.815851887579284212e-03
2.054579072470866068e-03
2.151751549544480592e-03
2.045198646362685405e-03
3.391556823004603267e-03
3.191691923273659321e-03
2.718014097545039687e-03
3.654646513071273077e-03
3.049216241328948571e-03
2.381069384513663078e-03
1.881867804022970990e-03
2.118424029850003807e-03
2.354495345331037923e-03
2.465531355456731730e-03
2.220151114707426786e-03
2.252071051217254850e-03
2.277628234725882252e-03
2.016488644902108152e-03
1.953781267297977943e-03
2.763704066094105089e-03
