2.524437831394413800e-01
2.513673937519014800e-01
1.819269887907215832e-01
1.778845995535961455e-01
1.750928900028900226e-01
1.748426126526090585e-01
1.667634317530564403e-01
1.679814983767366487e-01
1.617311988719958293e-01
1.723911452258517218e-01
1.745317341562135638e-01
1.740083176706827828e-01
1.746823758047251485e-01
1.471081761635797402e-01
1.562704379782473563e-01
1.598326086279024671e-01
1.530626376131080102e-01
1.511988169464667520e-01
1.532246840071584959e-01
1.533668233240300383e-01
1.565944301586483234e-01
1.586329963924713038e-01
1.751677635876787154e-01
1.582596357615661253e-01
1.770480834382948121e-01
1.334132074176826721e-01
1.722048782412070878e-01
1.348077688076258496e-01
1.667750836449251317e-01
1.736776213920069589e-01
2.401035516486120236e-01
1.741259464481722252e-01
1.742858952893676650e-01
1.543120817527516286e-01
1.493702903748477251e-01
1.327831944861545266e-01
1.377375403649608032e-01
1.376338024355619472e-01
1.306300248654915230e-01
1.603983821335247806e-01
1.585900747976401459e-01
1.334829319672048431e-01
1.319916936883682446e-01
1.430123542829486172e-01
1.307335093873480125e-01
1.300498774465236318e-01
1.312757548128317409e-01
1.311984319809876565e-01
1.301138925165860882e-01
1.301796445283768811e-01
1.287826703493362701e-01
1.860157310462806357e-01
1.733061041341380226e-01
1.310202143621189974e-01
1.714326998082141562e-01
1.787118697195896055e-01
1.701208894028838070e-01
1.711118342351550803e-01
1.254811809147361179e-01
1.678444503269845567e-01
1.387518626851733106e-01
1.342251178821388669e-01
1.321317205986410059e-01
1.329682702359720747e-01
1.291649915835840767e-01
1.303998593030413211e-01
1.313735396388785726e-01
1.336572887099834184e-01
1.231216443418579193e-01
1.312552536694284733e-01
1.870790922468965056e-01
1.252826487458905125e-01
1.498090982277825445e-01
1.838134168131982105e-01
1.344115992104382151e-01
1.396171213360354879e-01
1.338708507015956006e-01
1.307459449482051839e-01
1.282336761093193223e-01
1.275662278086124868e-01
1.285178065076751364e-01
1.311255500073518765e-01
1.312879189318805484e-01
1.342570787927881426e-01
1.324294433763929801e-01
1.344149833984557563e-01
1.298112499397701125e-01
1.834926353226595808e-01
1.728712703192195332e-01
1.287994757435812487e-01
1.722165917563096005e-01
1.786273011893934337e-01
1.833319786288650777e-01
1.771178910368859105e-01
1.651020258582173716e-01
1.416606939301648660e-01
1.292257440390484347e-01
1.329135124826040792e-01
1.369238852907657678e-01
1.312094849720143452e-01
1.316884822672451383e-01
1.328705069355966273e-01
1.340599120237560282e-01
1.328982797912703351e-01
1.328004128224805902e-01
1.322983848222421821e-01
1.314269094812690608e-01
1.311205015513047245e-01
1.312514650196876520e-01
1.233538068796407594e-01
1.326981665406752886e-01
1.175216416205721592e-01
1.258708718620875355e-01
1.304233908841427036e-01
1.281784804445463555e-01
1.214953430286651870e-01
1.254199849162745684e-01
1.271657871866182232e-01
1.286484293954388847e-01
1.303762502998170314e-01
1.309870645489331908e-01
1.549929718816410451e-01
1.763030353039576614e-01
1.346528639501288760e-01
1.402601290326255801e-01
1.338810561389317810e-01
1.375596327292563648e-01
1.424963648134695282e-01
1.376645810640067247e-01
1.381506546225197696e-01
1.297742859691489725e-01
1.384928074589348024e-01
1.341982839516471515e-01
1.337652036591606697e-01
1.351823005652075804e-01
1.698893687736022506e-01
1.733824759994405940e-01
1.263211698044943987e-01
1.709504700723653847e-01
1.746650577709889518e-01
1.715469852203218015e-01
1.702598035729163128e-01
1.652239254337707908e-01
1.340432912068120208e-01
1.356779676986107630e-01
1.371117711421440954e-01
1.374913865788432998e-01
1.368667862766227150e-01
1.376654817688331423e-01
1.338492725116332271e-01
1.323805339662322833e-01
1.322087733107125684e-01
1.343627618074913210e-01
1.370790095264891040e-01
1.345587617903863664e-01
1.340296572205213754e-01
1.361894146270969663e-01
1.349433513702801013e-01
1.333964590882995016e-01
1.349819744949389277e-01
1.369456798189586100e-01
1.346376303959378462e-01
1.290059972463550586e-01
1.388324266074341951e-01
1.278083481774976160e-01
1.353882038460446913e-01
1.353517386604673745e-01
1.335142955192200331e-01
1.372344471646096686e-01
1.358315806452357333e-01
1.375990294151523963e-01
1.336965491668333783e-01
1.353285083649318210e-01
1.349110505727542098e-01
1.300961257353440703e-01
1.307924251511569935e-01
1.230973652329375306e-01
1.355014607369837976e-01
1.320516224987869081e-01
1.369600976630689082e-01
1.354743173364757747e-01
1.341248335420968940e-01
1.377675086164469043e-01
1.311816459590707529e-01
1.381397749843641110e-01
1.361860320115391432e-01
