1.322281864246988847e-01
1.315091551305902495e-01
2.023652896761631015e-01
1.506623112812855991e-01
1.357069590577165974e-01
1.383682703956506388e-01
1.214924451091403124e-01
8.451829971996978330e-02
1.346984648499592874e-01
8.550294253917743725e-02
8.526171566729781603e-02
1.002744460474867261e-01
9.414568697574228484e-02
8.735249749691946508e-02
8.664161539876347184e-02
8.534500502870186189e-02
1.944606960617582814e-01
6.016854855393977131e-02
3.997564817765505985e-02
4.076256465566047843e-02
4.558474903103834630e-02
4.254348080146574951e-02
3.935856115651738957e-02
4.338105777169772720e-02
3.734070160611533545e-02
3.976077305508207010e-02
3.966395454297132889e-02
4.023828759343937161e-02
4.075864007163204628e-02
1.260077168094400624e-01
1.412742154223322992e-02
1.289569680321556167e-02
1.227331701004236338e-02
1.874588177333316036e-02
1.353916052917149629e-02
1.472606207330328168e-02
1.246047441496490014e-02
1.334692122194052442e-02
1.360066549291170761e-02
1.341468906618329890e-02
1.801490507396293628e-01
1.905465276885636161e-01
1.412755678512392886e-02
2.417789892230544913e-01
1.789332276444763614e-01
2.634658183984085397e-02
1.110405068576163570e-02
4.104379194712648449e-02
1.081836945256216265e-02
1.072987321540844370e-02
9.432893195254969665e-03
9.904321123363719198e-03
9.180546103937904656e-03
1.124112780581250359e-02
9.260754372086565933e-03
9.705484355485670747e-03
6.793867511677216531e-02
1.760629606512072176e-01
1.270799286935832273e-02
3.911635312300204559e-02
1.872724496290141538e-02
9.373016197386440165e-03
1.211907186170953048e-02
1.157413296319580870e-02
1.103873658508794549e-02
1.056624970979234447e-02
1.178864319923916652e-02
1.126429468634206586e-02
1.012204320603942755e-02
9.411062018225542156e-03
2.216657806696824828e-01
9.661428161988378990e-03
1.954587684907652945e-01
1.769583401617257357e-01
9.426826847664590558e-03
1.272206752386380035e-01
3.046256457373279769e-01
1.233268166266597576e-01
3.055815431124731321e-02
1.364179008686249896e-02
2.610713921615820735e-02
1.206788262279821604e-02
1.236488724832587871e-02
1.299663415200458597e-02
9.645115198939199427e-03
1.047491595894126278e-02
1.244759083515249720e-02
9.835041471954198908e-03
9.689517500671389685e-03
9.779496620543573493e-03
1.011952668484585212e-02
1.027748950995147244e-02
9.208354823212156620e-03
9.431027186076624408e-03
1.002762322534368929e-02
9.359014007334281321e-03
1.017219240766080793e-02
9.347363820077289956e-03
9.555494721456964796e-03
9.649991965771797728e-03
1.068049636584571596e-02
1.292819254622162677e-02
7.227845740250904427e-02
1.736626742734934392e-01
1.140351589974182220e-02
3.935245821938483657e-02
1.882389479736855040e-02
1.077160512343897612e-02
1.044726157081653575e-02
1.066281788498776514e-02
9.218842679221669889e-03
1.224914314959842272e-02
1.159928679753855288e-02
1.065710512027015673e-02
1.316669522568728219e-02
1.005623226328728782e-02
1.207655657691576387e-02
9.942737042802473474e-03
1.067330852455528750e-02
3.189157956170232677e-02
4.628848136380084993e-02
9.821855226623472587e-03
1.294925572307819260e-02
1.518193315094716958e-02
1.069493658451052889e-02
1.184304997412407093e-02
1.295221406445575159e-02
1.312797591540345969e-02
1.216564185494345245e-02
1.161177214104100984e-02
1.046226816148003447e-02
9.626526642544671816e-03
1.034335629839096618e-02
1.091153896086159182e-02
9.996786013346165012e-03
1.049285820202354620e-02
1.357580188422291036e-02
1.088205840327457694e-02
9.587993920421809466e-03
1.042552552180958832e-02
1.112468484859174128e-02
1.242690836885585771e-02
1.747158377985801314e-01
1.818229853975111554e-01
1.074989428891613176e-02
2.788999417299217742e-01
1.806165471036897952e-01
1.300895461864386843e-02
9.921794509704736156e-03
1.215056540753982686e-02
1.127364604805128519e-02
1.106421254347467187e-02
1.029482842737575350e-02
9.585487142985252285e-03
9.450753476573089257e-03
9.393491388391067912e-03
1.361973876902382308e-02
1.072072356665204271e-02
1.019116073635350367e-02
6.473363260637908512e-02
1.864586987840022581e-01
8.941891510589605740e-03
3.781870245554265486e-02
1.815010233525047798e-02
9.981272173537669712e-03
1.452799889793320379e-02
1.116725866512460925e-02
9.645588690285122543e-03
1.211299894945441422e-02
1.076596704871106425e-02
9.491539593668163466e-03
1.087590081756333905e-02
1.078426702523448133e-02
1.190704686931803001e-02
1.012099238492525193e-02
1.082534014887381185e-02
1.021455300983346859e-02
1.078122207627604454e-02
1.013854622989997407e-02
1.084081958546058086e-02
1.022647511904670181e-02
1.115113215700243819e-02
1.078570847827738793e-02
1.025594329975781753e-02
1.093095778014558338e-02
1.028138821483082742e-02
1.222159169419653572e-02
1.011257932562651361e-02
1.291821829887269610e-02
1.160390344079445697e-02
1.185618623176658282e-02
1.041321400902335895e-02
1.002624240422616414e-02
1.326901698083365715e-02
1.279145212177911287e-02
1.058794756863983173e-02
1.007655641383099418e-02
1.007921032352100156e-02
1.098522548620496295e-02
1.208739400637230156e-02
1.054439272559600134e-02
1.154488178085556933e-02
1.147877486970901029e-02
8.983396787959979646e-03
1.059256552545147570e-02
1.068060238290907508e-02
1.117983878022019845e-02
1.266513246096319205e-02
1.076844216965986561e-02
1.009838044183079472e-02
1.119844551281764036e-02
1.249962709703289834e-02
1.052891039217801125e-02
1.851213968865487447e-01
1.803206777161864560e-01
1.052471745477221061e-02
1.259245813035643480e-01
3.275783858408450877e-01
1.204363588544161145e-01
3.821877430351222626e-02
1.206813100845290261e-02
1.105801862176938356e-02
1.000253445313149456e-02
1.076273531657928953e-02
1.082405167922158643e-02
9.779370498741925266e-03
1.131750719138467642e-02
1.144608473852781576e-02
1.114783218055416872e-02
1.112239497987107389e-02
1.202757492912090963e-02
1.167319626043742883e-02
1.121909582913794938e-02
1.167249183062514170e-02
8.110959316892113469e-02
1.562599086971810380e-01
1.039744543922229564e-02
3.145593433785254939e-02
2.064680221117609973e-02
9.232067889595480664e-03
1.251186239649612272e-02
9.794567566086357160e-03
1.152942655045787433e-02
9.646107966803157616e-03
9.380257428280865117e-03
9.349034429576619926e-03
9.591453046993329151e-03
1.080078439739554259e-02
9.657469032178418039e-03
1.035820456867284772e-02
1.000013049000978566e-02
1.112403724353954251e-02
1.066195726816987488e-02
3.374714288513612492e-02
4.752150181893816105e-02
9.579895690101244976e-03
1.015095810072044920e-02
1.319010816938388612e-02
9.264176138486159007e-03
8.848515004337989542e-03
1.127859996264826518e-02
9.868794981505052757e-03
8.891667030225118215e-03
9.655475210089248250e-03
9.852437795213445787e-03
1.067262310262127693e-02
1.902176482348374442e-01
1.899225645189571432e-01
8.417303696751204586e-03
2.764203291629662163e-01
1.733865459044866553e-01
1.400184871281924190e-02
1.169801811784686521e-02
1.117946547387984636e-02
1.073641559973589725e-02
1.100621141046406910e-02
1.015842571948260241e-02
9.600529433105721433e-03
9.853079786774550722e-03
9.885882273899200545e-03
9.707671574543453794e-03
1.055817451617835877e-02
8.976487720243456897e-03
9.490020930734243201e-03
9.682478968164837801e-03
9.757922630770169206e-03
9.561505540854175339e-03
8.143287740680090966e-03
1.008517164985200248e-02
1.179524172958689061e-02
9.866217091808484468e-03
8.983672890364205812e-03
9.668456797463215874e-03
8.547204358854774975e-03
9.842658321352592762e-03
9.927550810667866432e-03
1.048771014463241794e-02
1.175807715570723229e-02
1.173781582391337196e-02
7.201271555240748579e-02
1.805500729195772258e-01
1.251428211271990096e-02
3.570629839645370757e-02
1.858412438619158613e-02
1.019577851679936802e-02
1.103198851566992468e-02
1.035268710044842146e-02
9.280939631118045180e-03
9.476318119556603400e-03
1.033549382850556912e-02
9.045208778220391668e-03
1.382752557273074154e-02
9.179307628034226452e-03
1.061108899357563091e-02
1.009765700404790384e-02
