1.769986764658274536e-01
1.865163366605923911e-01
1.585517501820803976e-01
3.064607710566542020e-01
1.595434341095874065e-01
1.350895017288545608e-01
1.500189656325300602e-01
1.371645710768490123e-01
1.438599444934983984e-01
1.351610910163478785e-01
1.310182957879183763e-01
1.398967325391689276e-01
1.371403785650646689e-01
1.616367765011067492e-01
1.538649917710202542e-01
1.310058494671968443e-01
1.400925896355001421e-01
1.378959749109293920e-01
1.343077350027275796e-01
1.393202251347446519e-01
1.419503694085191559e-01
1.320886196048585426e-01
1.396509460800533231e-01
1.367394569689613926e-01
1.376227842914785060e-01
1.383821728321084910e-01
1.393286799820332156e-01
1.410042385885383054e-01
1.341482594519876614e-01
1.399709440802310023e-01
1.339185446677958191e-01
1.341319776124674790e-01
1.369351629086726918e-01
1.391827895872645160e-01
1.236186464899456938e-01
1.315944628028351548e-01
1.354618721941750759e-01
1.307559563451013707e-01
1.343235738445674732e-01
1.286555504650859771e-01
1.393738168374840936e-01
1.413909355603849560e-01
1.357372826292952694e-01
1.361865888758512777e-01
1.333556299012272905e-01
1.360974504482584668e-01
1.247890453699223440e-01
1.776023413196275158e-01
1.239461379253065237e-01
1.352669012346781330e-01
1.278108193531000691e-01
1.270846936606686017e-01
1.246671405282634426e-01
1.237003030529513214e-01
1.137670796653958843e-01
1.211477473432252677e-01
1.253774374926479307e-01
1.261592711755358809e-01
1.244607825467931306e-01
2.290788636705287651e-01
1.498007365283410275e-01
1.239133167662224977e-01
1.269586477737502939e-01
1.204322613129979458e-01
4.706341434233768384e-02
7.020308955994758460e-02
4.632626713065893242e-02
4.629810394587957623e-02
4.937832412571556417e-02
4.464307756132416399e-02
4.768852260971109119e-02
4.666342503384823120e-02
4.632228809361077504e-02
1.218909908215020099e-01
1.084189927838351553e-01
4.554560272603652704e-02
4.401689476795266065e-02
6.530342345224658673e-02
4.343114015804212802e-02
4.195953283142828810e-02
4.069859720233204997e-02
4.222558993659508014e-02
4.425276101433725517e-02
4.304685751836013347e-02
1.679727114212253292e-01
4.348351579960196833e-02
1.632382647289596922e-01
1.514446164681111373e-01
4.197751627745156117e-02
1.252317107480180325e-01
2.588730854380122959e-01
1.016500537227564005e-01
8.126488155343115916e-02
4.167428863326101685e-02
4.206617774979964919e-02
5.219109534577861392e-02
4.417572543120970585e-02
4.658556829926079057e-02
4.235120214712616987e-02
4.177268050074561812e-02
4.284406224025492232e-02
4.177499135472138858e-02
3.997501929976611523e-02
4.124135777415274123e-02
4.121033549494707016e-02
7.187386116448214735e-02
1.677945968641891827e-01
4.105185265871613004e-02
6.765087294980307031e-02
4.518085644465456852e-02
4.322274817252928086e-02
4.680094215503921573e-02
4.370558526629723939e-02
3.944020030684985273e-02
4.116762118236669959e-02
4.077971759945614449e-02
4.241164350667361860e-02
4.256041619177455826e-02
4.180344379655717008e-02
4.032206630849848039e-02
4.429283411750935956e-02
3.833580469529038887e-02
4.405863050584710172e-02
4.124432873245268555e-02
4.199384522704766032e-02
1.258895550933791518e-01
1.335044453945006745e-02
1.156725764070389538e-02
1.083940738298074143e-02
1.616929037958667048e-02
1.088147522039766002e-02
1.018962498259924458e-02
1.087319416050268328e-02
1.067076944674348084e-02
1.050668906269133090e-02
1.128778950243986869e-02
1.926041792781938711e-01
1.776793318312372694e-01
1.165822809806586584e-02
1.385435113675210494e-01
3.358894684307436318e-01
1.142300822346231648e-01
4.127536089416970061e-02
1.113364633431418275e-02
1.232910050257892548e-02
1.699887573439511079e-02
1.155543954134636078e-02
1.110633565147589596e-02
1.261872541123471546e-02
1.125050392739166544e-02
1.198649173353617987e-02
1.212422897057734150e-02
1.318019418904047696e-02
6.345670427302536887e-02
1.905354130560535098e-01
1.296201377555257842e-02
4.680849151884504400e-02
1.439919882674534947e-02
1.212956822852321107e-02
1.069529165949944551e-02
1.072012221877693267e-02
9.939393607256432131e-03
1.041380458536363997e-02
1.121375721330419677e-02
1.227538314384430361e-02
1.489746427118106634e-02
1.057506730012069442e-02
1.081572408152422539e-02
2.991218477400792511e-02
1.220402619853466764e-02
2.963493696013325129e-02
1.099874193773329734e-01
1.074026983968661211e-02
1.908836477489575870e-02
1.137644123678769811e-02
1.333007312396451705e-02
1.343172916220015944e-02
1.182917220332259725e-02
1.028998210865278255e-02
1.073915067002324461e-02
1.086346796823126938e-02
1.072729001023291218e-02
1.056219225140269356e-02
1.292698941155756912e-02
1.115196196838572594e-02
1.079303084574704218e-02
1.066348997938051414e-02
9.641387515893247787e-03
1.053327517011380492e-02
2.164865330030806834e-01
1.932527412151724966e-01
1.025919191568601396e-02
1.513508055700543420e-01
3.487467924664118257e-01
8.958105251059107765e-02
5.594116686486388240e-02
1.087917150989352495e-02
1.298490553742144907e-02
1.141853337180313843e-02
1.007862110970151812e-02
1.132160940451630050e-02
1.315524670690525547e-02
1.516591640499672863e-02
1.284837292989313845e-02
1.388390164619050446e-02
1.180922590304343822e-02
9.885754841477252530e-03
1.032824649212725314e-02
1.074725584690659243e-02
1.254028828948850968e-02
7.819256643248619076e-02
1.710113334173804234e-01
9.996008377140418524e-03
3.483289565797362958e-02
1.880482603613646206e-02
1.001750604151167671e-02
1.007617269126307585e-02
1.077869857487433539e-02
1.022387292692770143e-02
1.036511765864614465e-02
1.021364979525692107e-02
1.093023974489148835e-02
1.034835433784157127e-02
1.208625006132382426e-02
1.086934617137314506e-02
1.017229757003225779e-02
1.052774968474906939e-02
9.968652092449551208e-03
1.040943212037301509e-02
1.298359711285011764e-02
1.071154500773189092e-02
1.376114658270047829e-02
1.047029965084705048e-02
1.047900452890093877e-02
9.936529969425953943e-03
1.106003891707566834e-02
1.085468554982028586e-02
1.040012600829130773e-02
1.024131214115766436e-02
7.369707301130976052e-02
1.723997995851663523e-01
1.023554273399923144e-02
3.433240754764092101e-02
1.981197342949635176e-02
1.047973726367075996e-02
1.245465660839659323e-02
1.087995220583180822e-02
1.038374586818283964e-02
1.109664175523159858e-02
1.009358431188096122e-02
1.482829646624311479e-02
1.352543636337658235e-02
1.067902588009723985e-02
1.164030918270709397e-02
1.243682178459817357e-02
9.682782052955009322e-03
1.082567383083507008e-02
1.380421226529025824e-02
1.231758322471804452e-02
1.049893477094888776e-02
1.174742301439190423e-02
2.135995129613454946e-01
1.792393903737458105e-01
1.440020468299012257e-02
1.451380444486648491e-01
3.451278688590140864e-01
9.440853611838699588e-02
4.734681952737607863e-02
1.389096807964399459e-02
1.237374882436650426e-02
1.884983470278945791e-02
1.554669595195741841e-02
1.355603926768376988e-02
1.173520973533443389e-02
1.205851115137912370e-02
1.241387377796344081e-02
1.365024654161697305e-02
1.259238842667699532e-02
1.249798416415703189e-02
1.476084438476013734e-02
1.180576024609245565e-02
1.432468734332464910e-02
1.170748992745495980e-02
1.084486838013758517e-02
1.199391519288085621e-02
1.165529765208333721e-02
1.198381469331493560e-02
1.187862269326698215e-02
1.213882125770388010e-02
1.287359309728214156e-02
1.211983519713090082e-02
1.155096148696380803e-02
1.248059857056726431e-02
1.201602659055410645e-02
