1.647262375323829686e-01
1.670703479708773032e-01
1.609013354427358822e-01
1.546174845867178405e-01
1.605250987853394373e-01
1.558453139460082848e-01
1.606153412395470437e-01
1.685808580993302108e-01
1.635866231496624634e-01
1.639826278969517548e-01
1.617850431000862899e-01
1.631330970092924881e-01
1.568334536374602906e-01
1.608798246666580944e-01
1.587465308549249332e-01
1.656389041600641043e-01
1.559439987405574213e-01
1.564536356315487098e-01
1.756970944390664757e-01
1.582107544720264825e-01
1.539446294859766473e-01
1.625070875478097088e-01
1.610769704693947313e-01
1.605911000104973119e-01
1.560928896263895360e-01
1.597242186346068960e-01
1.589475823323622528e-01
1.595993792669309630e-01
1.476983564734713206e-01
1.460646713626198578e-01
1.744012016224548711e-01
1.441484548268100740e-01
1.533997731788106222e-01
1.383435497273126091e-01
1.471183310977558223e-01
1.431013800636881106e-01
1.422762474024138191e-01
1.386681759426774685e-01
1.427888322667584253e-01
1.408475290586882755e-01
1.419641540548568504e-01
1.316031954773895229e-01
1.478207500292845200e-01
1.374064774925080612e-01
1.188460722646841605e-01
1.408346195096595310e-01
1.417557251446991406e-01
1.249773530581697323e-01
1.345880533824926895e-01
1.299257558300447035e-01
1.243938835457234909e-01
1.691390380166488960e-01
1.020629679051296146e-01
9.818327096610578175e-02
9.718360109340007380e-02
9.795276297536975596e-02
9.866740553258863955e-02
9.944607885708786621e-02
9.482113916529083530e-02
9.918469879841430858e-02
9.810247907195106254e-02
9.599756480488040589e-02
9.723482073976570661e-02
1.424778183641125240e-01
9.569919397646697856e-02
1.784884419392750721e-01
1.470956409547052313e-01
9.780961207116835310e-02
2.568709374050046068e-01
1.079501763102424100e-01
1.699147056929724287e-01
5.008945225201964085e-02
1.078323402751326654e-01
4.389711116734811014e-02
4.595781129340607146e-02
4.506594313338654900e-02
4.422167910000265878e-02
4.450816815438831536e-02
4.214076836610873567e-02
4.304775002290871927e-02
4.207147645350292620e-02
9.654018260313143585e-02
1.317228156566046804e-01
4.400957828829813595e-02
5.238805602092863611e-02
5.413656982886815711e-02
4.158518004447370880e-02
4.597773431402349398e-02
4.507734857544560408e-02
4.227950782067279450e-02
5.038918062630951683e-02
4.044881691201046570e-02
4.153445532693313819e-02
4.551870305578605003e-02
4.341587666560243336e-02
4.346239945140852740e-02
1.234646231391042931e-01
1.143073742158104249e-02
1.464602493300242586e-02
1.637715692868910167e-01
1.083554597228959457e-02
3.591998064499685867e-02
1.175300512479291945e-02
9.970208476749235077e-03
1.072678081057227770e-02
1.183068468223385898e-02
1.405769797687999451e-02
1.355173376591452608e-02
1.166145046551985906e-02
2.003560922032479874e-01
1.818556321514915863e-01
1.291387107251826608e-02
1.352650402652691708e-01
3.197799329292876358e-01
1.104741513413237675e-01
3.945217079901918583e-02
1.077525068967711760e-02
1.438712435887539581e-02
1.157965073575827931e-02
1.197453580038881221e-02
1.116619222845140896e-02
1.153378647324590153e-02
1.384324372293346470e-02
1.275336380035693544e-02
1.207349446613981830e-02
1.079675279845617245e-02
1.160949602643948815e-02
7.905361971807951804e-02
1.638683198014012632e-01
1.603467724635731714e-02
3.139059038347193076e-02
2.098831160596473927e-02
1.172057721727808727e-02
1.448392023226034199e-02
1.174627107543058102e-02
1.218772598483097540e-02
1.336661604630671497e-02
1.099537216986582779e-02
1.091823795914314763e-02
1.653494316446934773e-02
1.388724994915673666e-02
1.620763476293423169e-02
1.080836136819089688e-02
1.202981318195688910e-02
1.278510187476045688e-02
1.106824813934674002e-02
1.225193071369729512e-02
1.234549297686745595e-01
1.229742885983832988e-02
1.855043783432111515e-01
1.924549976213765501e-01
1.163063882234574228e-02
2.617668710391627407e-01
1.868261439480421171e-01
2.111693320924538236e-02
1.029064357820945810e-02
4.991420623585657301e-02
1.700148134484111284e-02
1.070728075367399779e-02
1.013242369690347915e-02
9.427372220564583793e-03
1.028313331703086843e-02
1.202441091555580578e-02
1.612093304199805482e-02
1.350914837396516473e-02
7.355147684033447320e-02
1.752691798629411601e-01
1.211297512928155573e-02
3.790059327019704161e-02
1.851272654672790965e-02
1.048918395384559367e-02
1.323049545209002871e-02
1.109907710806115090e-02
1.355299164572330850e-02
1.228008007406932584e-02
1.593371926448211226e-02
1.555958753254654478e-02
1.362812173139888068e-02
9.691694690918579991e-03
1.010488300220807080e-02
1.139838645418777933e-02
2.430258057011319001e-02
6.485891735404815395e-02
1.013232614822352426e-02
1.372625577760181945e-02
1.165650458374490467e-02
1.065922969023224559e-02
9.295721140416806499e-03
1.159366211591567920e-02
1.137663753917815372e-02
1.125510266291401829e-02
1.073811109488209160e-02
1.126997223700736649e-02
1.053700676891777994e-02
1.240804329967897142e-02
1.176969497819712815e-02
1.140533244678172166e-02
1.186983601465504447e-02
1.192108123850605522e-02
2.005492455480351321e-01
1.847175523012528076e-01
1.240452561710222654e-02
1.333925523913752909e-01
3.387670708165929634e-01
1.134031100778418732e-01
4.427591227214704855e-02
1.224491001804465726e-02
1.182402252089211243e-02
1.095764130296957885e-02
1.086878947706022662e-02
1.140664085602498615e-02
1.371883306259964568e-02
1.221269806833218639e-02
1.275749138990610321e-02
1.255103899473208710e-02
1.213216307299277638e-02
1.371413896398114562e-02
1.162120219025153389e-02
1.184747796997145421e-02
1.154797533691575943e-02
6.756075112230844337e-02
1.740665407546510002e-01
1.093643330255594098e-02
3.701950879151895413e-02
1.851724631616753769e-02
1.182785162807505237e-02
1.646377460035640394e-02
1.307472322668059260e-02
1.283060928559181732e-02
1.108418275291847901e-02
1.618976903176969073e-02
1.174599476816216674e-02
1.324187123372151838e-02
1.410836881633651362e-02
1.219977978941701700e-02
1.216820155266984220e-02
1.144321759550100299e-02
1.297693354703615548e-02
1.127312052929221355e-02
1.238876332698005990e-02
1.275547724381013645e-02
1.248094348498021353e-02
1.567325320816912587e-02
1.485401566869809509e-02
1.137721305012380675e-02
1.621007232573216245e-02
1.287476066793363447e-02
1.211535356683110173e-02
1.429740617455311190e-02
1.268052014549262384e-02
1.480803562437846450e-02
1.502327876229101258e-02
1.184320940813200253e-02
1.384584802115703880e-02
1.250485416112280188e-02
1.115746843644123236e-02
1.409080236016683682e-02
1.247159007772216319e-02
1.121198450906092485e-02
1.061521674989297087e-02
1.264923565823667523e-02
1.176777510499028671e-02
1.246056928956527747e-02
1.315214454273008413e-02
1.417075008322529056e-02
1.012667036455176806e-02
1.037661940201041119e-02
1.140637511086077006e-02
1.675726962914522028e-02
1.230994985054573339e-02
1.571233898701120818e-02
1.753103166331169693e-01
1.762935674589479473e-01
1.332806216895357498e-02
2.769591509874083646e-01
1.672118843915153530e-01
1.753861482028438654e-02
1.084667048651232965e-02
5.602385493019573781e-02
1.488986433886016134e-02
1.132506134153165103e-02
1.375938646435208475e-02
1.481335397493275911e-02
1.033706511150975400e-02
1.088845165486793283e-02
1.105565300835244930e-02
1.106187658902999492e-02
1.096154128084859090e-02
1.118373196913696223e-02
1.053115466030150014e-02
1.139076095407394636e-02
8.092230637357178402e-02
1.508861884930710051e-01
1.085155304910342955e-02
3.598486053026817705e-02
2.104988045110620445e-02
1.342087260392081302e-02
1.719848450717006982e-02
1.153669226479266986e-02
1.094103202776133127e-02
1.133837641882409070e-02
1.584344943760507621e-02
1.064508982184265984e-02
1.214101322657959968e-02
9.933192203690361863e-03
9.817750815648373583e-03
1.112151443999405756e-02
9.668017120806206288e-03
1.125731943501092659e-02
1.081797710686670938e-02
1.286374270404893466e-02
1.224246129182428311e-02
1.037002405032258663e-02
1.080239394243704722e-02
1.322622858634906785e-02
3.094814336023757675e-02
4.952539813603812346e-02
1.174281202150903765e-02
1.225777727181828931e-02
1.457877570901052605e-02
1.348365243355764166e-02
1.226887952691497856e-02
1.076725763451946531e-02
1.029801004083380836e-02
1.004574246353923637e-02
1.118439414427986264e-02
1.471773778829976558e-02
1.659740075868237560e-02
1.236502760570063093e-02
1.213739308964327523e-02
1.042507162506203962e-02
1.011923922894200460e-02
1.985650483652606213e-01
1.778035033439721302e-01
1.146690066202248233e-02
1.358047543241844290e-01
3.125591388039840601e-01
1.126842620313378424e-01
4.031948632448917325e-02
1.054662199824773182e-02
1.111133050122520109e-02
1.687767460513850751e-02
1.298229021127803723e-02
1.186548731128169235e-02
1.121200062061623003e-02
1.080337921113564206e-02
1.112999788379092497e-02
2.112526545272386258e-02
1.364633493017996038e-02
7.253141197556434161e-02
1.563323008133062908e-01
1.112584944557430330e-02
3.754968902650745316e-02
1.720872263088243925e-02
1.320884568529249146e-02
1.788181298504119485e-02
1.161397872621961619e-02
1.483153372650844112e-02
1.406980400197211170e-02
1.224055721082798441e-02
1.293707547129603792e-02
1.233738607361582230e-02
1.116210042410946748e-02
1.264891469054345990e-02
1.237974125697685092e-02
1.646235082861280744e-02
1.137843979011233728e-02
1.142017134418665814e-02
1.265217041790329261e-02
1.248243229018178475e-02
1.272661190454041011e-02
1.115216652628602499e-02
1.071679355489961460e-02
1.103819114102442232e-02
1.128098595257015675e-02
1.164555034584439583e-02
1.125650933045219820e-02
1.050454233744743150e-02
1.092346927085479161e-02
1.235244545112528132e-02
