1.733596362780480404e-01
1.557735732779920446e-01
1.625550834879206930e-01
1.669494791666823186e-01
1.703583954480199225e-01
1.585317070814445950e-01
1.783849978063249408e-01
1.567138430787748671e-01
1.706270218905048819e-01
1.667407949038847981e-01
1.681762653993034706e-01
1.545378262937182334e-01
1.563760681186557866e-01
1.595055315607806223e-01
1.665383071094728440e-01
1.623619491796614300e-01
1.651974783413440173e-01
1.637163255693906694e-01
1.663434107046754817e-01
1.562742278949515728e-01
1.600471492188732803e-01
1.574961546240145616e-01
1.665158653553732993e-01
1.650395651409377329e-01
1.585864816018950907e-01
1.536378280732732249e-01
1.687320603953199605e-01
1.470219617778498467e-01
1.415778031668407932e-01
1.371385551098117939e-01
1.510799221395259517e-01
1.423650975040489930e-01
1.483668441632377821e-01
1.481453356162427681e-01
1.442119131376457253e-01
1.500570596908661902e-01
1.409837982596316153e-01
1.458485255654690393e-01
1.398534336690937796e-01
1.500629266591762823e-01
1.404407918563671254e-01
1.488546761220118919e-01
1.449465435069453578e-01
1.352879475133627052e-01
1.472520220373573219e-01
1.424407557227028720e-01
1.422954920673225598e-01
1.390883768834133005e-01
1.286057971726305427e-01
1.281091790065936598e-01
1.768023258123859187e-01
1.343340996507683127e-01
1.683609777425413290e-01
1.256678534791548507e-01
1.184248550791759252e-01
1.192798287023346948e-01
1.202254071513250144e-01
1.230908798948546767e-01
1.235531020828291998e-01
1.220369398557992341e-01
1.232838293487199394e-01
1.264900184028205921e-01
1.231709785066691931e-01
1.606708912282219515e-01
1.221971588833092176e-01
1.285757819653143841e-01
1.242604432516888069e-01
1.200463684192138586e-01
1.215357343780515409e-01
1.257650982000491080e-01
1.275317856019141660e-01
1.209445618045414950e-01
1.271084939585962192e-01
1.230853491569678937e-01
1.240042137049998106e-01
1.229601066895504025e-01
1.251519440904558522e-01
1.234431522655320967e-01
1.233664444809937366e-01
1.236323885269443867e-01
1.253577246978182236e-01
1.212320998328369481e-01
1.238451960261178070e-01
1.243270855486807436e-01
1.220805468001417288e-01
1.249141126465766194e-01
1.228421577430745815e-01
1.163581982397055431e-01
1.228988078364348507e-01
1.229302010962217279e-01
1.216985736615401326e-01
1.185294498115661704e-01
1.260140629834960446e-01
1.199269080432320556e-01
1.231315775049701272e-01
1.264878357230878325e-01
1.203893976177878716e-01
1.182964438098203092e-01
1.209850219227158186e-01
1.272404967268787879e-01
1.259530309036736295e-01
1.221898617490493472e-01
1.241951376121924744e-01
1.231030453969251953e-01
1.231116794803785303e-01
1.228910733533917915e-01
1.234616933816383016e-01
1.245623316662866770e-01
1.266858471395815866e-01
1.284585161071396253e-01
1.208633428417871386e-01
1.248652689591279868e-01
1.226663898232829009e-01
1.226188120563632133e-01
1.146725324566577747e-01
1.239325786242735095e-01
1.232244509457522397e-01
1.248733311842382121e-01
1.238320678906631445e-01
1.240083670121055470e-01
1.223558435276394657e-01
1.234089530538498014e-01
1.336324691352429317e-01
1.620823698406265168e-01
1.234029737524842407e-01
1.485719160557126828e-01
1.146862832323972958e-01
1.285567518028981060e-01
1.148574092589061818e-01
1.163171363004708581e-01
1.124884074130512585e-01
1.170548421228104485e-01
1.168212606058490477e-01
1.133555769106382866e-01
1.145683202256212729e-01
1.128753328824955854e-01
1.209518037660456680e-01
1.448800943144881448e-01
1.389557514041865616e-01
1.162658103864962073e-01
1.412054875919173946e-01
1.378469997152003412e-01
1.362209072066824789e-01
1.310486586784615215e-01
1.083834367055931114e-01
1.141734171521406049e-01
1.108485152335329238e-01
1.163906410634890365e-01
1.134393651207835363e-01
1.132365513752080360e-01
1.159574814451198449e-01
1.112892288265977386e-01
1.187928305184011157e-01
1.551151808405261123e-01
1.675811925515185152e-01
1.129624504134787571e-01
1.381471696977307762e-01
1.194688030806106971e-01
1.130884001056697702e-01
1.151802986909913895e-01
1.084682324646313450e-01
1.147996973623073014e-01
1.137074073930647855e-01
1.252677833220779968e-01
1.154946545692904641e-01
1.158155953888115042e-01
1.127540768963462420e-01
1.136068844132953892e-01
1.132836702559418124e-01
1.113626544721327272e-01
1.154156826003533420e-01
1.156613882927624570e-01
1.136440782919565379e-01
1.157265129178669943e-01
1.150685747798981667e-01
1.138124864525112828e-01
1.153126536625111859e-01
1.130291941246671095e-01
1.181103962858694456e-01
1.121391926983827114e-01
1.149840965442266577e-01
1.129135837067544723e-01
1.175397984555640735e-01
1.143998035484761477e-01
1.155494685631486412e-01
1.041480876051752852e-01
1.167564227422015627e-01
1.124029173793436032e-01
1.170163870026832142e-01
1.152071276203816552e-01
1.148408390771881726e-01
1.109002323832869730e-01
1.187050768324595523e-01
1.150948342117715240e-01
1.161573209516648664e-01
1.154153169030629200e-01
1.167697931116487287e-01
1.523133253220761985e-01
1.736551591762239277e-01
1.145533103868451308e-01
1.358202333343765111e-01
1.213050318121259713e-01
1.133952454464312587e-01
1.148796046964609130e-01
1.138511143376041701e-01
1.148552081296133620e-01
1.148736234164061398e-01
1.145555764545819477e-01
1.162972842902012804e-01
1.158944297585054600e-01
1.147345537010898975e-01
1.123547839917233560e-01
1.126057813687636744e-01
1.116937007207751964e-01
1.136571451074848693e-01
1.446387006187161983e-01
1.470895302517262193e-01
1.176254192766910123e-01
1.461716875083456102e-01
1.425167941527495929e-01
1.379438232069125081e-01
1.475446868890781249e-01
1.241812224665386072e-01
1.135847559915584282e-01
1.181546128537682150e-01
1.131134120452488151e-01
1.141229107608071475e-01
1.187319050722739910e-01
1.205460409044547404e-01
1.154521611042542834e-01
1.143546566098608691e-01
1.131454712277314562e-01
1.123950550567452550e-01
1.186633796487473747e-01
1.141771739895639376e-01
1.163070974035252253e-01
1.399238192003656733e-01
1.828636685688938834e-01
1.161851577298166210e-01
1.474760267771637601e-01
1.161489620166175490e-01
1.130670953540452162e-01
1.128854201013114594e-01
1.132878804672139417e-01
1.133813821966004054e-01
1.129110559407806719e-01
1.154816089316711009e-01
1.187041323232196077e-01
