8.294738772004957295e-02
7.919394941527682641e-02
8.659630096373212294e-02
7.390510107793123173e-02
8.062915914082942337e-02
7.740205509519544613e-02
6.786782567840127234e-02
6.669914533988295646e-02
6.679595177958505547e-02
6.956519022611042102e-02
7.003297911438256806e-02
7.002745173508184706e-02
7.255779032309397913e-02
6.898215893897768902e-02
6.974723828248760582e-02
6.842891302264891840e-02
1.176108094774136748e-01
9.271609855307802461e-02
6.648308762874986788e-02
6.141460176807216065e-02
6.739122199354893872e-02
6.185051395837964927e-02
6.118580801594480229e-02
6.392372603269888542e-02
6.243734063453849903e-02
6.185435900199617865e-02
6.251277254241784098e-02
6.191022150556273196e-02
6.338615542767817024e-02
6.272764564986570146e-02
3.315452682418357222e-02
3.282837081402874280e-02
3.772441533819604481e-02
3.266513473810037094e-02
3.823070489238143688e-02
3.573976788265548904e-02
3.382000997981288171e-02
3.378021786453972580e-02
3.371060043173346871e-02
3.269760459210920706e-02
3.300556867524787746e-02
3.347570337887006975e-02
9.110233343931647965e-02
1.076456058404232086e-02
8.258698393913879027e-03
8.564501612316205090e-03
1.089383890478458176e-02
7.875881936658635576e-03
1.072498997694580625e-02
1.197816121349983519e-02
9.201425425816483691e-03
9.326803116321478321e-03
9.663128330306813146e-03
8.699904838618823313e-03
6.321291963681915926e-02
1.350452655865392315e-01
7.029732122120842426e-03
2.833564126378479778e-02
1.517317051740516357e-02
1.153150105558929661e-02
9.573740564152924751e-03
1.099400991654035306e-02
7.714397557492945479e-03
7.723440330989331248e-03
7.407507604097391708e-03
7.498445024234431586e-03
8.621841453782667572e-03
8.455161985873149710e-03
8.993350395463924410e-03
9.385517551684338308e-03
9.192919586572595100e-03
9.254787151039327309e-03
7.619882690880295378e-03
8.087299866430660775e-03
8.785248740591930505e-03
1.201787515102946402e-02
8.341696144318849412e-03
8.503109802137897785e-03
1.128040020275427290e-02
7.059656884902114349e-03
8.140662187570122527e-03
8.325559681702976791e-03
8.064862564945903325e-03
9.346492307003980912e-03
8.310657009448127117e-03
9.833264300509956743e-03
7.171167205624198217e-03
7.374674007218666102e-03
1.135848454072479335e-02
1.186823433484533730e-02
7.215921633353318716e-03
8.597960816725628078e-03
1.015439156499381261e-02
7.950648932844582226e-03
8.179261747742475747e-03
1.089988199077768054e-02
9.438480309925808068e-03
8.559271078590587403e-03
7.962567186426171631e-03
9.622445703637029155e-03
8.224199665849666815e-03
5.893962107812712042e-02
1.334162678438493253e-02
4.032106415229482627e-02
5.446784864284862082e-02
8.279729984733492226e-03
1.346503176202940369e-02
1.520296928851042929e-02
6.454584886426075092e-03
6.558406778688355247e-03
5.639323189768883672e-03
1.018831893756887499e-02
6.734337886619085403e-03
9.332303858636757307e-03
6.670032371116785957e-03
6.583161015544239207e-03
6.571579906390833184e-03
7.327661134003994603e-02
1.184701890261515012e-01
6.306570187117066691e-03
2.846568206616913871e-02
1.778873973189574326e-02
6.355463941999237726e-03
6.183236782135682549e-03
8.102017696168674343e-03
7.199538063552933867e-03
1.118022789671084538e-02
6.991077666898326548e-03
7.222552578713085404e-03
1.164247170183352331e-02
1.167209432281363611e-02
6.555370158979630275e-03
6.288162465675606501e-03
1.247918471871755502e-02
8.332625869389565301e-03
6.329725407860646753e-03
4.257965275594269988e-02
2.319792222059768351e-03
5.236199861767027071e-03
4.891087555813354235e-03
2.333997994244790646e-03
2.077751467704503242e-03
2.431025257143025042e-03
2.106252660247464204e-03
2.360742780098851277e-03
3.047526925964514147e-02
5.907715109222071853e-02
2.151403603863378221e-03
1.403014018496898281e-02
5.390900215489407253e-03
2.745206001554468828e-03
3.268217206355535868e-03
2.387687471638714944e-03
2.248780677027456369e-03
2.814690225608631070e-03
3.279625595969291266e-03
2.656410929443270719e-03
2.321033649187913186e-03
3.155079316070778361e-03
3.582287964203510842e-03
5.352520487035571962e-03
2.949501056531723085e-03
2.291032697606410276e-03
2.162528340218886416e-03
2.453796699562923057e-03
2.155309706694171282e-03
2.446207064897512433e-03
2.560001083054469235e-03
6.508320017903216834e-03
4.389309505728780994e-03
2.232349767767174281e-03
3.137388092434063511e-03
4.186841002477435097e-03
2.859772986902871933e-03
2.222509577117527061e-03
2.435962619088986956e-03
2.224707349591059473e-03
2.893034047575109707e-03
2.151437715252217230e-03
2.287783048099459142e-03
2.443390982908202023e-03
2.784896040164235899e-03
2.319660553198642141e-03
2.109124010900896920e-03
2.938696897537821599e-03
4.673661836781336891e-03
3.318134756201257789e-03
2.437784114322078845e-03
2.434996927302042480e-03
7.508348689175752683e-03
2.308714393943348334e-03
2.295937679470535456e-03
2.282887458739590088e-03
2.677073639108730647e-03
2.088556581026905067e-03
7.284750228693780139e-02
1.472615290085028394e-01
4.989784056283115034e-03
2.560526584931717767e-02
1.540081521266353608e-02
2.030816502280387379e-03
6.349719660149770982e-03
2.996992225856667975e-03
2.357771622288384709e-03
2.064704402649705350e-03
3.055270933045489516e-03
2.974071471802259593e-03
2.223588946726601494e-03
2.480699414327526987e-03
2.443791784907295254e-03
2.387516214600427823e-03
2.698181561926903029e-03
2.369911957484173264e-03
1.453834742501145839e-02
2.438453194727293466e-03
3.031928536601772792e-02
6.000809310955822207e-02
2.683733655040398871e-03
1.507067737049264632e-02
7.483737486712508692e-03
4.313399574107478450e-03
4.132640460876237272e-03
3.188587118159151405e-03
3.180480271747228738e-03
2.769820735949252589e-03
2.561519891769820263e-03
2.373604928261051437e-03
2.079561168736642450e-03
3.374592735660475722e-03
4.569201581847810549e-03
2.317678260723305024e-03
2.056671139925628309e-03
2.323033025958836598e-03
2.825298513910192138e-03
2.666459248074517022e-03
6.893613503682378962e-02
1.449715374858445982e-01
2.236107525842356836e-03
2.909976775799862775e-02
1.343664294731125759e-02
2.134261237359131192e-03
2.981336253504730457e-03
2.687054650999760527e-03
2.455154711136405595e-03
2.503516582104998219e-03
3.870449748439383150e-03
2.614146808101222574e-03
2.512066579378858123e-03
2.072835457953373442e-03
1.974389579164392665e-03
2.427614699438422792e-03
2.587704327491559177e-03
2.165632306873525956e-03
1.803095894251739717e-02
2.783327077130147084e-02
2.604157635535005871e-03
2.370826687757724826e-03
6.689545802469787535e-03
4.411801938625318012e-03
7.836266815843581646e-03
2.411900349458105056e-03
3.017563010368545882e-03
2.363918833999135820e-03
6.005054236005921524e-03
4.396442136681578787e-03
2.886996192014863391e-03
2.453029762634250516e-02
5.856307183525452653e-02
2.539399180854315808e-03
1.193941242505947541e-02
5.667785988254217880e-03
5.051844170123986726e-03
7.807037665095066005e-03
2.889593524692948140e-03
3.038176924212522556e-03
2.246100977083592427e-03
2.434911908694567615e-03
4.550362647372303837e-03
3.093399958354513084e-03
3.097821997634841226e-03
3.410374843097567325e-03
4.153421449802244085e-03
2.774569238199727471e-03
6.416165175248580987e-02
1.566771690419240248e-01
3.139682308922370733e-03
3.060063635668492169e-02
1.082466906651732147e-02
2.821854498503788538e-03
2.303304410093002901e-03
3.985299714001548296e-03
2.564959390299185668e-03
2.842759243813683910e-03
3.099748935148471506e-03
6.081657765520772502e-03
4.681608506066398286e-03
2.783084752926234286e-03
