3.529581029768600470e-02
2.928692735330566330e-02
2.176483212372054207e-02
1.041010713690831285e-01
1.820713535035597616e-02
4.537116455894422973e-02
1.526485201339059135e-02
1.754700385955064793e-02
1.853209489501857904e-02
1.542767316708621925e-02
1.566638666927384210e-02
1.443459910313512132e-02
1.511406424288306433e-02
1.427496707660712294e-02
1.538846149418657445e-02
1.516910540028064414e-02
3.219589510563202611e-02
2.288204135431017860e-01
1.459268092341569484e-02
7.448355322474010942e-02
2.836359862796928189e-03
2.985445475042546731e-03
3.267903454112254264e-03
3.111772146430419935e-03
9.045119331744294264e-03
5.263748372674781177e-03
4.795031909319383626e-03
3.397014905109969896e-02
5.262509850586461618e-02
4.235179818134367051e-03
5.213372328916038474e-03
8.372123127573793955e-03
3.709866737820970584e-03
3.036152593194975640e-03
2.849337371202399511e-03
9.020626308551131164e-03
2.897576141546747211e-03
3.501340309391689706e-03
4.164807732676544839e-03
2.680363340305727884e-03
3.252542804492878324e-03
6.205256386757599177e-03
5.800303631824752816e-03
3.233169920891984517e-02
6.107112013559176655e-02
2.943989536291183057e-03
1.264458721715170340e-02
1.046382414071489637e-02
4.577294633363071172e-03
7.373654018522820749e-03
3.326723046576073907e-03
3.256041888029331810e-03
2.799206102369830324e-03
2.884295224963273965e-03
4.667626106069989837e-03
3.053442961897140460e-03
2.368907958483889437e-03
3.283335894518292410e-03
3.561328803616871288e-03
2.800830292543250288e-03
3.784727331478158173e-03
2.633268992008025444e-03
2.917979740982208550e-03
3.101929590381497827e-03
2.483222820799626390e-03
3.051050774120757543e-03
2.917658849900985583e-03
6.010302135772876281e-02
1.757065328488571776e-01
4.468136401172064474e-03
3.501847242630639484e-02
1.238687585689680556e-02
2.732494676911061734e-03
3.649410900792272872e-03
3.985297142354154130e-03
2.755935050347614254e-03
3.733419335209707621e-03
3.176182383412442470e-03
2.558239509755652532e-03
2.576035510867915636e-03
2.746458343612543165e-02
3.577329470994121061e-03
3.253558633721375520e-02
5.848041791470863504e-02
3.320896694974029544e-03
1.263252342148571405e-02
5.650606314031999915e-03
2.487590193814921604e-03
3.222467900505491915e-03
3.106534966328649682e-03
2.494993213616780552e-03
3.081079256579194979e-03
4.078248881874418572e-03
2.765215403425390003e-03
2.681170917030145043e-03
4.709318169951993115e-03
4.348592932075479381e-03
3.253004070415631103e-03
2.822837698368002666e-03
3.699064898503809286e-03
6.109405833162100813e-02
1.673846172919526420e-01
3.493716615327667301e-03
2.883334956696113546e-02
1.932991614879084677e-02
6.218179833883150792e-03
4.000662529936194201e-03
4.487325147576964879e-03
3.105926270654512430e-03
3.213641853071381917e-03
4.258032139304228879e-03
3.416983488383741607e-03
5.587230401339213920e-03
2.065100050191782857e-03
2.831770471605815111e-03
2.699208528240609490e-03
2.318712374875779407e-03
2.439497791279510771e-03
2.358455552826184409e-02
6.810733264917151475e-02
2.130248957668945398e-03
6.429040107875513659e-03
4.645740116292388679e-03
3.232758691457492464e-03
3.095938527110000515e-03
3.049647161772946983e-03
2.831278036542858156e-03
2.709380848500851559e-03
2.360165758467094692e-03
2.886304705546125990e-03
3.578027910958909985e-03
3.041318915550317737e-03
3.937707821166584743e-03
2.883643427536023481e-03
3.168114464241007702e-03
2.455929470328231147e-03
3.309541174588102267e-03
6.421605718282097364e-03
3.027637230157383293e-03
4.208313344202940440e-03
2.513815782339109267e-03
2.510945603613830897e-03
3.319059743742408877e-03
4.893104079102440426e-03
3.838773946714780540e-03
4.193347003851503364e-03
2.981236667784637438e-03
3.559494712020053447e-03
2.928151729579862167e-03
4.902367539748772943e-03
3.073417395591598704e-03
4.653670483753545410e-03
2.702046324069898569e-03
4.803578198848305197e-03
3.462297244178911930e-03
3.643090651999492460e-03
3.062627152225801900e-03
2.909912218779169002e-03
3.045986962119890361e-03
4.313721244617357148e-03
3.830355957224186331e-03
2.488702389539451231e-03
2.938721759427845737e-03
2.584845872153748638e-03
2.554126135207825284e-03
2.090356422127400554e-03
2.745565749981631644e-03
2.565603936712657161e-03
2.750304143862893243e-03
2.623908876003017403e-03
3.089257237282415271e-03
3.366510281752725653e-02
5.813126879115909640e-02
3.230425881151739124e-03
8.978647615611214106e-03
1.790560011534665652e-02
2.536839546689024279e-03
2.534346219132919530e-03
2.825903789381584673e-03
5.254544675652153898e-03
2.589325307231328012e-03
3.199686510860843842e-03
7.003201471740691346e-03
3.028130545217052900e-03
3.207211127966784047e-03
3.396242240333111756e-03
4.880175133075356775e-03
5.476522748202629354e-03
6.975403977170127612e-02
1.578672377086579870e-01
2.779247730982868300e-03
3.125166397272769597e-02
1.506834037100349133e-02
3.940517321542934791e-03
6.253694271479752487e-03
2.714311259929320756e-03
2.756628839855852948e-03
2.716386676674711811e-03
2.691034497303986320e-03
2.719788894588411922e-03
3.097926474822462577e-03
2.919335606960964894e-03
4.128210608196868948e-03
