2.193457665674811152e-01
2.221651144781694731e-01
1.786931967046011260e-01
1.288074287904244497e-01
1.709384812621516925e-01
1.413552844858409208e-01
1.297679951074517113e-01
1.349704393761474164e-01
1.221304884066898716e-01
1.306342318067691133e-01
1.323265448137583289e-01
1.361169407017868704e-01
1.334842530875984534e-01
2.054283949947780796e-01
7.852137830583690026e-02
6.551106466471696976e-02
8.672092729430963542e-02
6.726810823196446854e-02
7.050059238158620789e-02
7.201261277355065771e-02
7.326388503330055757e-02
6.772493892511818880e-02
7.559340087419769150e-02
6.609601385372276816e-02
1.398874739898175179e-01
6.922090192870955505e-02
7.097662722343776875e-02
5.969239262000436419e-02
6.009720157767303728e-02
5.810889457737406644e-02
5.577028173418549506e-02
6.557371266854397640e-02
6.398616548768946977e-02
6.022322723976555880e-02
5.747750523303976622e-02
5.974167001384117492e-02
1.289541908926492876e-02
6.581116052324428867e-02
1.309075862084192916e-02
2.169166110976779305e-02
2.077642376252174586e-02
1.313256268132636205e-02
1.488204675887693645e-02
1.434786167121254383e-02
1.398255094124988863e-02
1.098107038429611826e-02
1.096613141875917886e-02
1.143132217794212355e-02
1.445846511751274766e-01
9.744957743984787590e-02
1.061116707486259476e-02
1.093605495812989027e-02
4.666627772221412090e-02
2.783263206808067429e-03
2.702340308412932903e-03
4.468317741003785537e-03
2.707244158055821612e-03
2.426142574799977636e-03
3.422319238537400825e-03
3.915733519305033238e-03
1.472676495885250347e-01
2.979029548678690381e-03
3.911619642449603446e-02
6.076475971706742779e-02
2.804427327453135315e-03
9.606751434333758374e-03
1.880514524422676609e-02
2.459542189060072610e-03
3.299112225998281599e-03
4.007900598705061226e-03
3.164321410601419939e-03
3.193980915778851966e-03
2.522513955400363089e-03
2.280065320358184381e-03
2.491230448505004497e-03
3.322940952270814208e-03
2.323740147319335470e-03
2.112901904287080475e-03
7.381315021094803086e-02
1.833270892595768586e-01
3.025198181800970321e-03
4.196844325737755094e-02
1.117650000486000196e-02
2.457743744863385895e-03
1.543537337273228650e-03
4.222247653172061729e-03
2.479478359771646306e-03
1.997808646453943116e-03
2.640457204156036828e-03
4.595301113653643341e-03
4.266434581435051519e-03
2.687363646610832924e-03
2.585839464352995137e-02
4.146256199399113440e-02
3.155303655525395178e-03
4.394987891444540086e-03
4.971034145639122333e-03
2.723925485650496685e-03
2.257063837636002351e-03
8.036537624134955371e-03
3.420503489672970659e-03
2.202272739700120077e-03
1.988574928940337744e-03
1.881207897866714329e-03
2.627101866631518026e-03
2.552904841951787740e-03
2.185598080860206953e-03
2.038074807432720473e-03
2.050333371055926973e-03
3.030708969897060595e-02
7.086223103316277583e-02
2.129176724784517111e-03
1.282334732876337646e-02
6.359783946230538297e-03
2.884859247918247598e-03
4.547083057805502079e-03
4.714044582344529069e-03
4.227483749591552653e-03
2.029125308264565029e-03
4.796895400286828662e-03
2.545698274433018295e-03
2.823560514996138748e-03
4.990605982899745489e-03
4.110809658148542600e-03
2.595485324066799677e-03
2.258651336404795054e-03
1.991497975028697163e-03
2.282840659743609092e-03
8.011430864898366755e-02
1.602142989802254058e-01
7.609425520865097103e-03
3.284899360096198151e-02
1.372327068528830102e-02
4.596593841738307040e-03
6.896057878946417093e-03
8.216198194726015772e-03
5.663056912284086461e-03
5.666207681335915999e-03
3.360381163018672738e-03
4.047813390700215168e-03
4.001091790730096007e-03
2.361265610803982458e-03
3.744692721836277802e-03
2.330519892703107696e-03
2.282042857479264861e-03
7.449149131580456995e-03
8.876766848063188595e-03
2.964599896310466005e-03
3.668844247042432616e-02
7.127643465921129629e-02
2.654077699907879829e-03
1.898708729219886204e-02
3.699654044836510509e-03
2.534709860938572611e-03
5.518737810748580372e-03
7.088586367877167983e-03
4.085241004201363088e-03
3.003182337244692749e-03
2.953400583824208718e-03
2.530995181331150909e-03
6.508731242533608019e-02
1.854355021913524082e-01
7.862007066102436742e-03
4.091228532831903825e-02
1.072190151228689416e-02
3.042405659767060625e-03
4.588146326818885734e-03
2.611180666333054543e-03
4.690287300158476648e-03
3.190498614549967717e-03
3.167825335311531560e-03
5.716814727387434757e-03
5.635414447756188078e-03
3.281523776643568199e-03
3.140461675939077921e-03
9.870182491426512245e-03
6.146538332970655216e-02
2.720425750215679350e-03
9.447137142808769567e-03
4.868064910049371002e-03
4.373524985228081571e-03
6.408989451145639428e-03
4.380195678002179495e-03
5.166406711016676215e-03
4.072890305569352824e-03
3.583433793695941453e-03
3.716592759685138914e-03
3.612622994675288544e-03
4.506209896888605654e-03
3.519282394702716570e-03
7.240199807507529707e-03
5.316607784253330783e-03
4.695843748386215738e-03
4.488099063913747293e-03
4.327005359237343085e-03
4.080120954639025396e-03
6.322491190457933674e-03
4.511665513954046629e-03
3.800126902820203604e-03
3.005255373548306949e-03
3.698071437449795395e-03
3.426499012715745942e-03
3.810117257006229684e-03
3.271913068836567080e-03
3.717179918759450606e-03
3.687786727172836891e-03
3.634726914551489677e-03
3.162262929772757369e-03
3.504670656562221785e-03
3.922698134515698563e-03
4.659514069098384149e-03
4.077151685053520200e-03
3.237476367724160999e-03
3.436785265641973189e-03
3.152264355180254239e-03
3.062060165861470087e-03
7.669705559443242351e-03
5.291152895183308912e-03
3.520786684033626757e-03
3.924416714712440288e-03
3.682106666091509301e-03
4.578177743012220441e-03
3.907738567685931259e-03
3.254356672573647732e-03
3.462084143634965288e-03
3.198389485850052730e-03
3.888877265129896555e-03
6.448434638478035483e-03
2.055638367683652185e-02
8.341287895780992445e-02
4.385687090882606221e-03
2.073892087731297670e-02
3.483941364043979371e-03
4.261886743469214464e-03
7.085388183048823250e-03
4.237429739422747012e-03
3.209819749801157401e-03
3.149752731864952342e-03
3.170211337711403583e-03
2.842072664206705436e-03
2.782373999755807098e-03
3.505219278348667856e-03
4.118977440530912325e-03
4.861560961931174485e-03
8.055475586347804473e-02
1.749761971511787917e-01
2.868407849185694754e-03
3.997207487863266989e-02
1.426569384452027779e-02
3.216011595111176440e-03
5.359411053834361137e-03
4.105549320024980478e-03
3.478875008503938202e-03
4.947084401215908617e-03
2.295344474883878692e-03
3.745616921515279238e-03
4.862815058192408724e-03
6.373284610877088391e-03
3.210420370501325220e-03
2.784294705483785198e-03
2.418556002664802064e-03
2.752657444850714358e-03
6.275212338535712114e-03
3.810457639904586084e-03
