1.487888328945241867e-01
1.439879485396085290e-01
1.530472234079274241e-01
1.376820682098461313e-01
1.395704370416611662e-01
1.360963480919640256e-01
1.495623895376935464e-01
9.398418561706634033e-02
9.817602311450654429e-02
9.842848544788125598e-02
9.471346472846449427e-02
9.875232123935073769e-02
1.932048955527922440e-01
5.175713944480639372e-02
4.331137100507075066e-02
4.214814111698129973e-02
4.475042912800086814e-02
4.494454007919979760e-02
4.601780354151097790e-02
4.214657194954354175e-02
4.256983252406329465e-02
4.198466716137301546e-02
4.324356628129867597e-02
4.284452914018199721e-02
3.978346164843929444e-02
4.051664356370873743e-02
1.376812074263540284e-02
2.978073271976415179e-02
1.278240180963199045e-02
1.185750967472225768e-02
1.374956934146474158e-02
1.119438911662797888e-02
1.216895591373872570e-02
1.127782465625817507e-02
1.152011079930507706e-02
1.182885341180905762e-02
1.230860406504020142e-02
1.817720247416692303e-01
1.787077720968134054e-01
1.289615745386863722e-02
2.959816822250167512e-01
1.725994963754662881e-01
8.238222699091378443e-03
1.206873736344382317e-02
9.340185815391652616e-03
9.643591017345272756e-03
1.036993250856774705e-02
8.714259671625680659e-03
8.463757912961720684e-03
9.605964127901165175e-03
9.167080721396329152e-03
7.409198386530033154e-02
1.752724390408473276e-01
8.590969253793066807e-03
3.375232740584335062e-02
2.403522876002088873e-02
1.067254261366546407e-02
8.435057276435120599e-03
1.367899532654250593e-02
9.216756158553704448e-03
1.019048976733022936e-02
9.962500055094131515e-03
9.415918405642619005e-03
9.696678299869913864e-03
1.228953405087873652e-02
1.146652844060835202e-02
1.140489749514769433e-02
1.159443637569027713e-02
1.039898799535857697e-02
1.469954106532165294e-01
1.019992006075879504e-02
2.057591383799720619e-01
1.862378450897909377e-01
1.205681785825350218e-02
1.370087529467046150e-01
3.311888347850447389e-01
1.027036129735718201e-01
3.868704747911504149e-02
1.130483100793084304e-02
1.303365721348480680e-02
9.777605592311382210e-03
8.934932233465739393e-03
1.104027774310700240e-02
1.125756999173585168e-02
1.170438639629405898e-02
1.068144969935209965e-02
8.596858298322834074e-03
9.170667886139120817e-03
1.201428329655771995e-02
7.912719509971233994e-03
9.571061774687717252e-03
9.729428861326848421e-03
6.188197898795535362e-02
1.755728734226678078e-01
9.814164134763891240e-03
4.324875402730395113e-02
1.474992703012213517e-02
1.032730890978764138e-02
1.090465997515809027e-02
1.007090696678829451e-02
9.243353937365882123e-03
1.179881062700264063e-02
1.261524897971398954e-02
9.913418355681068161e-03
1.083586044737784061e-02
9.447930250580148862e-03
9.712400222890096510e-03
1.026651260853686520e-02
8.957793307443307276e-03
1.013356678254144494e-02
1.001194257319463175e-02
9.333625056527766750e-03
1.973495505864912916e-02
5.239890290409433826e-02
1.344871436036785585e-02
1.200502736980293625e-02
1.873823739630574997e-02
1.010504372993586975e-02
1.164462160680116223e-02
9.971813063080956635e-03
1.098546930306254846e-02
1.062748854545504315e-02
1.267833964118340526e-02
1.366879988070959437e-02
1.054364231764303404e-02
1.049621832940492855e-02
1.081463849284306639e-02
1.773813012080518725e-01
1.836369749322966094e-01
1.086246791221844206e-02
2.539966088773400466e-01
1.794044457124890912e-01
1.950123167172864574e-02
1.006654121418920807e-02
5.797158733381889417e-02
1.621316673321852517e-02
1.362853126408778044e-02
1.069754917198202301e-02
1.025051308530563858e-02
1.082493246876349222e-02
1.052547985353518775e-02
1.023448162251131173e-02
1.070341439706319446e-02
1.052381221477570288e-02
1.530082986679580544e-02
1.300540035062169170e-02
7.034471681916683317e-02
1.564486316229750373e-01
1.131859318288347578e-02
2.870265486783383016e-02
2.444143163147946898e-02
1.145466518340929572e-02
8.736981715843902818e-03
9.845008904616132581e-03
1.521437790241173156e-02
9.515320317012524592e-03
1.009474237472969202e-02
9.173200993488776767e-03
1.019792967479935496e-02
9.805510729188613925e-03
1.054920242102702459e-02
