9.076150513913477935e-02
9.792281633302536703e-02
6.284029698573799505e-02
7.769274615915018611e-02
6.295159030893479613e-02
4.370277773912374653e-02
5.171025853871630273e-02
4.343037483308405389e-02
4.767315314675708154e-02
4.824434190657958532e-02
5.133433641712486367e-02
5.342213734146075005e-02
7.445111802191179719e-03
1.840276560694741881e-01
6.927240806340979537e-03
5.248954060882294465e-02
6.142701001321337548e-03
2.402397947495189638e-03
3.118293299035189252e-03
6.010273363622821961e-03
3.275003127542465593e-03
2.834738303731836832e-03
3.339567914017560306e-03
3.540370088757123761e-03
3.831382250895382958e-03
2.442009758022645281e-03
2.227533040608613985e-03
4.868560598742255503e-03
3.450365855900967230e-03
3.909193238561673063e-03
2.698243303713431483e-03
2.797955960911827945e-03
2.492551059641427615e-03
2.417101203683009319e-03
2.231680751843618821e-03
2.521745368173230334e-03
2.181923937029669677e-03
2.291781555805741388e-03
2.696713794601978895e-02
5.468759339425914578e-02
2.517429663947375225e-03
8.721357677691910296e-03
6.271650557680767159e-03
3.007525848654375115e-03
5.346612454740482835e-03
4.024332391900882662e-03
5.372281149867176413e-03
2.288026224499916782e-03
2.391388313715095935e-03
2.115880389064020255e-03
2.301023981700342242e-03
2.110797898039069084e-03
2.323510312200778236e-03
2.133291921990747037e-03
3.709390160216061681e-03
3.100681862012492299e-03
5.371615716732450023e-03
7.195960400020540160e-02
1.551802050042675185e-01
2.728657521765619643e-03
2.620160916073645610e-02
1.955965070263052108e-02
2.840883864106373471e-03
2.832151361456449606e-03
5.063887249162052524e-03
3.244877695708819725e-03
2.817851470048042713e-03
2.727405519297700781e-03
2.751210843721949538e-03
2.449531397143186844e-03
2.497897560047783114e-03
3.271119047508860411e-03
4.676937362677851227e-03
2.666330009826383372e-03
2.332105406654502288e-03
2.646148144534394078e-03
7.545220733642640787e-02
2.791642222588354861e-03
3.278297046416291799e-02
5.701278302381228985e-02
3.152904388865724553e-03
9.746133200630703597e-03
7.980045133719167530e-03
2.620764949001215104e-03
3.726905825773337271e-03
2.762152686735714659e-03
2.454662450309122706e-03
2.434123896962145893e-03
1.774038693600485123e-03
5.052709196159491274e-03
4.422155982836248680e-03
1.845142541023957541e-03
6.984322503032440455e-02
1.753577066785940164e-01
2.382316408608571665e-03
3.118620352009870630e-02
1.586169075887034624e-02
2.220252191343866782e-03
7.561655348599974867e-03
4.538399740396075431e-03
6.266181029041755987e-03
5.435278578308474010e-03
2.299124042690779343e-03
2.329050452906271558e-03
2.246523958005326380e-03
2.172471393127861899e-03
2.347095338994834371e-03
3.260244803210237720e-03
2.103480286030925527e-03
2.427265883781129507e-03
2.221427231995628648e-03
1.973335990059923908e-03
2.294815754933980743e-03
2.677291589883763409e-03
2.308152390882314310e-03
1.951646896379159724e-03
1.949967196074195875e-03
2.875356210041877473e-03
3.005369913423835623e-03
6.910064121004865466e-03
2.267174733388039373e-03
2.233801523908496116e-03
2.120872642994796504e-03
3.349229489964597982e-03
2.811296687640853567e-03
2.627722624763983994e-02
6.512897679034526655e-02
2.247625136573902851e-03
1.195324083325755536e-02
8.491575383707339678e-03
3.301283968307207328e-03
3.968642352657017827e-03
3.755837892709985078e-03
3.727523942657580847e-03
3.601183298336957123e-03
3.499386670101296230e-03
4.153147210236960048e-03
4.369860756518175078e-03
2.543250731958089563e-03
2.226363450241656324e-03
2.112499276886786823e-03
2.094805575625783949e-03
2.024447484929290698e-03
4.732400173808698658e-03
4.514253910080911862e-03
2.915206354979107788e-03
3.051949058262821198e-03
2.388462710792771480e-03
2.470596440894073237e-03
2.284896478318592002e-03
1.833262177761421034e-03
2.214023550676063202e-03
1.855270439309402667e-03
6.794432173201533920e-02
1.729270905216680476e-01
2.483463176915832668e-03
2.902347286187403549e-02
1.245878225926641721e-02
2.282511522417307853e-03
3.818802461827363725e-03
3.036032204439690577e-03
2.689020664740931002e-03
6.223846894440068778e-03
2.460201641680963974e-03
1.993575932468608872e-03
1.929144660280839160e-03
2.388566182381219889e-03
2.950985643841211835e-03
2.814219083705050452e-03
4.222122635042346861e-03
4.373963948805939007e-03
4.731045285063358030e-03
3.203917510469828436e-03
2.182731688659296076e-03
2.783798713794093799e-02
7.020947956063511297e-02
2.346125365015640663e-03
1.215973646462084785e-02
5.840008683640122641e-03
2.243140787652914483e-03
3.136144254910713195e-03
2.639032275909929809e-03
2.526876038248450796e-03
4.351314881725951156e-03
4.317367905655634594e-03
2.558310768595610605e-03
2.367172791827870486e-03
2.689703668541583523e-03
2.444137651177946940e-03
7.457934748447855866e-02
1.806731038478688045e-01
1.947505531844639275e-03
3.261444595393285517e-02
1.747285780906235320e-02
3.887904317880333787e-03
5.716862882784647971e-03
3.012131817730179500e-03
3.845242916784675537e-03
3.610650533374366346e-03
4.165455258596875883e-03
2.252974029994443596e-03
1.988801829724600768e-03
2.344288987980995987e-03
3.316557711152651015e-03
2.255222171795604521e-03
3.104332676213694426e-03
4.816968385452455141e-03
3.060236121155605546e-03
2.770576644148237209e-03
2.378533924920555459e-03
2.459686519261507914e-03
4.392157074417909167e-03
2.085055452853813631e-03
2.730555046966370424e-03
4.122597720793565006e-03
3.506607269111944661e-03
2.095674906612282271e-03
2.573261116113396973e-03
2.323952413151900501e-03
4.260237224526929219e-03
2.531768017548231744e-03
2.016685743017262566e-03
1.786811274376354881e-03
2.177236592700948145e-03
2.974836102543077995e-03
2.659066502258041441e-03
2.276575067932702732e-03
2.536159267375525436e-03
2.586217989540365910e-03
5.712808781796114600e-03
2.063112239670727033e-03
5.154738204171374974e-03
2.359586323324533268e-03
2.138056990426513964e-03
2.447235977769421714e-03
2.274403563509776530e-03
2.164847908910829538e-03
2.295934769527594333e-03
2.238669692672533903e-03
5.102414375354560362e-03
4.695702609885738649e-03
4.029682136729375794e-03
2.406247276545997720e-03
1.968159350325686136e-03
2.495527603969769151e-03
6.504356767468339948e-03
2.355771463697274581e-03
1.865844518360725403e-03
7.578101850665582527e-03
5.077338161345284172e-03
5.980100180792269522e-03
6.608919607989523735e-03
3.415009919272027090e-03
2.436573258501906983e-03
2.386108669368278753e-03
2.982239347210350125e-02
5.494241444416498449e-02
2.858664617011427538e-03
1.251184910429930207e-02
5.510020141228027558e-03
1.942172419861836309e-03
2.617514595793353927e-03
4.744509380146679813e-03
4.176160542687605733e-03
2.433751022011551059e-03
2.711636783316204776e-03
2.349266298386899418e-03
2.320067372822449871e-03
2.081181888314159300e-03
4.344579696568954749e-03
2.446747793213379079e-03
2.227554298888425374e-03
2.932805348029865478e-03
6.552237488076914640e-02
1.743974752990414268e-01
2.477784822765582463e-03
3.286470766633083074e-02
9.826242454194025061e-03
2.867758985567226120e-03
3.632217254703321019e-03
2.081880675465212771e-03
2.663848735841917691e-03
2.005667091428200120e-03
3.037581452840451036e-03
1.814693713018222191e-03
4.046782600919961864e-03
1.751659270373059690e-03
2.283929263423783301e-03
2.251333080881220017e-03
2.052232702117481530e-03
2.872857033742585910e-03
3.202649339554206488e-03
2.773117999519613634e-03
2.690041703929334314e-03
3.165566448584847259e-02
5.992210625300057464e-02
2.281426031540860228e-03
1.357478563378365990e-02
5.637413278335916787e-03
3.662874851033798111e-03
5.068816211328375232e-03
3.834390516759969472e-03
2.886690332119957753e-03
2.239113937397923214e-03
1.851674751179467572e-03
2.183916934730844531e-03
1.662165467517455041e-03
2.270841678615821094e-03
2.382195961398715558e-03
3.165785383695207938e-03
7.082251431344327441e-02
1.623859481543416527e-01
5.098034415874398706e-03
3.539063217678080353e-02
1.209476601079822501e-02
2.458533446983080482e-03
3.651328345415087284e-03
3.210314481114078401e-03
2.092255112900712113e-03
2.253846615702478039e-03
2.401333296423968557e-03
2.048853644323248620e-03
2.326114634751512856e-03
2.020731787729391268e-03
2.685247445889429093e-03
2.172163194951618609e-03
2.169842290075286659e-03
3.007725871900711508e-03
4.040221155498222895e-03
2.841439693473993364e-03
2.256967619836160611e-03
4.750256815703169516e-03
2.588636934914685661e-03
3.203851461418466551e-03
2.820363488416545265e-03
2.503448970042950611e-03
2.534983404514387032e-03
4.971564834727252094e-03
2.189157029575540970e-03
4.365611945257003024e-03
2.826057609100184661e-03
1.993433917087183982e-02
4.213396732083199425e-02
2.235279247008996762e-03
7.156882040749253625e-03
5.773934745734178066e-03
4.569075390976506078e-03
5.297001198523380860e-03
3.180017925355094460e-03
4.175730796129067078e-03
4.119594290290282124e-03
3.480981603641698004e-03
1.875864875994058198e-03
2.014498515625787276e-03
2.025137640564474064e-03
6.213292529598594613e-03
2.133137050880006165e-03
2.334109473129240223e-03
2.564951867056052166e-03
3.334907721886002600e-03
4.346228591745174286e-02
1.251121056238818641e-01
3.666962541913269640e-03
1.631067143880511605e-02
6.579786344877202112e-03
3.617649095270958348e-03
2.298888112651220183e-03
2.520609787852759204e-03
3.886208770835961838e-03
1.888257840308601521e-03
2.913047167822279716e-03
3.261538612687663648e-03
3.779905728610704393e-03
4.329026089182846579e-03
