1.776056194717001713e-01
1.730046000416852747e-01
2.100388931295516515e-01
1.362617452310741772e-01
1.345369131230407800e-01
1.604386207127821151e-01
1.427979788571188402e-01
1.521287361804871674e-01
1.245955169523171591e-01
1.278891736079957320e-01
1.267315772791774153e-01
1.311117862622085406e-01
1.312196690347299244e-01
1.325911022800916605e-01
1.295398489114018281e-01
1.285633505261967180e-01
1.740048279687186894e-01
7.892813621392898160e-02
1.314570863072110907e-01
7.861339599641911646e-02
7.724532458973104587e-02
8.929872309624947713e-02
7.333785062185184389e-02
7.521441289656921603e-02
7.609809254977858983e-02
7.624100921563585487e-02
7.546522142900152774e-02
7.731008065731737045e-02
1.155952645451583521e-01
5.585326206797331522e-02
5.978017168579156937e-02
8.710643316369917621e-02
7.769772968546902192e-02
7.426689619098006401e-02
4.459256469710452114e-02
4.817130969190189238e-02
4.819294456496663048e-02
5.570524426675944885e-02
5.226832140771672103e-02
4.977745249677967970e-02
5.082544937833458065e-02
4.984243163983378966e-02
3.890203965949575599e-02
8.425231873445492015e-02
3.955917448353108573e-02
4.410178290375330046e-02
4.274766495727139182e-02
3.831423674853751821e-02
3.864301579922100466e-02
3.976734416474887041e-02
4.331949717210590439e-02
4.339152584627248982e-02
4.281442184990729566e-02
3.637636403764539506e-02
3.280058755326571013e-02
1.625280189564084765e-01
2.132994104051694900e-02
5.691457250947368207e-02
1.617912334117021719e-02
1.985489826267947122e-02
2.099709554296247047e-02
2.073987422925565455e-02
2.681267897496340119e-02
1.855557680768861809e-02
2.077332818929034097e-02
8.844579697658493112e-02
1.870395548501009239e-02
3.722404935976306173e-02
7.436914072118452901e-02
1.800301141655900536e-02
3.331308137522562274e-02
2.011128463823996099e-02
2.264838115204111449e-02
2.122496662969422868e-02
1.922162058961299214e-02
1.682861534305040915e-02
1.658159423945229291e-02
1.850566659992834359e-02
1.533427354620218487e-02
1.833001965531156491e-02
2.220904029852848252e-02
1.729598792465961848e-02
1.990028434575145250e-02
2.557263676625392418e-02
1.612727325166175493e-02
5.215294267904723585e-02
1.623423885044100456e-01
1.655590620272406194e-02
5.228056677326360646e-02
1.739826797038099282e-02
1.799531088365388665e-02
2.372910931472345039e-02
1.794028846287261392e-02
1.635145643022054354e-02
1.567639904780381011e-02
2.134162198953834869e-02
1.885299131897443664e-02
2.533949524495055297e-02
1.559366730332625330e-02
1.409934289099144811e-02
1.579016975987564478e-02
1.530993539576068138e-02
1.727003724469147045e-02
2.923783279774130189e-03
3.323966581669154929e-02
3.203251716768210598e-03
3.946930437442852310e-03
4.242809088748951060e-03
3.928936393727092656e-03
5.293518281886220624e-03
2.656500961155704079e-03
3.004629363898093063e-03
3.108534010117421260e-03
3.338825972001177155e-03
3.159269375356596639e-03
2.335673277620637159e-02
7.024862494237661681e-02
3.157571319803247761e-03
1.577897441858826244e-02
4.468012311499650231e-03
2.570752078723531966e-03
2.313737028386163817e-03
2.974566412441938344e-03
2.751160481099212442e-03
3.173960317033617216e-03
3.574667182790457805e-03
5.360364575968665397e-03
6.437901077317734200e-02
1.651851939475098008e-01
2.807810705258642278e-03
3.119974012628585688e-02
1.071950935725306947e-02
2.310528640251020664e-03
2.770296642544765875e-03
2.223879259176850341e-03
3.034362289620879879e-03
2.894086647962230887e-03
3.636115249025434048e-03
3.586524175551520158e-03
3.552107876432705150e-03
4.748345218449624879e-03
2.473192439720243649e-03
2.495527120246511174e-02
1.893700516230260693e-03
2.890309126277839508e-02
5.924694991279383371e-02
4.486252741217253842e-03
1.071861845878114769e-02
6.611196210204822038e-03
3.965754150545913563e-03
2.360031449601496072e-03
3.942454448474950503e-03
2.609116780968510647e-03
3.091929828404336653e-03
3.494596718877072874e-03
2.961940300219589785e-03
4.006040520732871528e-03
3.539305149288188550e-03
4.018683950078619400e-03
6.785079778528645134e-02
1.605259247429782765e-01
3.809254994504249116e-03
2.540056077478943311e-02
1.493056612619030055e-02
6.428653059956405610e-03
8.436645095187531029e-03
8.991190270820450733e-03
1.255229242078796659e-02
3.117923305056539366e-03
4.112117180571803372e-03
3.491632675440375661e-03
3.403471533912145758e-03
3.412807595194926671e-03
3.467999674301458241e-03
3.607685630751488598e-03
3.625336856393383995e-03
3.071254564396364104e-03
1.245345838164726125e-02
4.585390472683389951e-02
4.487565724136770295e-03
6.783400856701217105e-03
4.016131933679244204e-03
5.196135807625774580e-03
6.926565055610002693e-03
3.640836802711195849e-03
3.093746233160206069e-03
3.069128378284224652e-03
3.711969495166591183e-03
4.489723217543488583e-03
1.060065655340798260e-02
2.961526637179448876e-03
3.169310859670656979e-03
3.536828353012771032e-03
3.418883100748452974e-02
5.153802624663780807e-02
3.313650239357369878e-03
5.928358773996526485e-03
1.014325388775424129e-02
5.404641062764925161e-03
6.429225622711377472e-03
4.714245846979074270e-03
8.083713637566233498e-03
6.594066734275686251e-03
4.752907120137865593e-03
6.369981063604959227e-03
3.280193497070944559e-03
3.204762380097126405e-03
3.793850631862889788e-03
4.467588638490717530e-03
6.515681581026101094e-03
4.095539043364560677e-03
3.499231681496664439e-03
3.326800413539970913e-03
3.075448196979452004e-03
2.857181703049211166e-03
5.632421901599871106e-02
1.565315835101578068e-01
4.498558596061942583e-03
2.502693501636692186e-02
1.526928402032270114e-02
2.900765618752577848e-03
5.920567815858036355e-03
3.289218086016568870e-03
2.679615158300840960e-03
3.077568644796942112e-03
4.595222376031346187e-03
3.413697222524956186e-03
4.608572398019579984e-03
4.712765782417358169e-03
3.485942348957753872e-03
