4.317624460452545304e-02
4.209639829207494077e-02
9.744167060998742969e-02
1.257326380258815338e-02
6.420884285287082119e-03
9.502571402708409609e-03
7.245266436902646212e-03
1.511834303724172643e-02
5.567981051026934039e-03
6.931150831003110580e-03
1.242109793604842527e-02
4.980181602673842446e-03
3.765722730857631786e-03
6.836982731842097469e-03
3.907242409787632653e-03
2.960126715782886164e-02
1.920670662114339067e-01
8.212812600902728508e-03
4.862491740476176938e-02
8.511927508097549139e-03
4.128172262484820602e-03
5.691675749362305053e-03
4.718657296692826790e-03
5.890366774988225682e-03
5.709480645358632270e-03
4.366445216104174534e-03
4.086461638430276093e-03
3.985921107449415593e-03
1.134457049965081205e-02
3.968615436321548673e-02
4.254497830520388019e-03
4.979923815716547943e-03
3.899879030467681956e-03
6.948987714453183466e-03
2.725413370730705130e-03
2.698652539912002862e-03
4.267350231357073739e-03
3.338180513987641998e-03
5.417638363177558133e-03
6.909203670012899375e-03
5.425051014621024188e-03
4.629371890345895281e-03
3.336299045163121108e-03
4.625924192466135051e-03
1.648590229421231443e-02
7.643220700022861080e-02
8.893221667912117739e-03
2.104730237499667991e-02
3.340598800296256526e-03
7.246554619871894802e-03
2.443311546577671672e-03
2.685951039096330564e-03
3.020951102122676219e-03
2.223841668996286158e-03
2.431069425784757390e-03
2.694215377963515325e-03
3.255074612248359377e-03
2.315666397819394259e-03
7.083450120513579140e-02
1.443108091598851728e-01
2.906037749906462651e-03
3.152615891767523992e-02
1.227657929475574165e-02
2.845216806388686098e-03
2.723839050757044869e-03
4.135826617875753598e-03
5.112728120710638077e-03
3.164403154636673352e-03
4.176724882728237442e-03
2.871178491073780436e-03
2.440501589660401538e-03
3.402831795490126720e-03
3.159914096270879501e-03
2.818764596276850890e-03
2.773702870121942665e-03
4.140885389855257503e-02
2.347446189176714219e-03
3.946434651953537043e-02
6.258887317425500252e-02
9.037650277480288249e-03
1.333261274764567170e-02
9.583512361762788756e-03
5.130598560740797648e-03
3.199550064507568781e-03
3.792761199962365205e-03
5.745097659736309210e-03
2.344086648288553048e-03
2.471673805432850375e-03
3.290977717996234134e-03
5.397732080592869755e-03
4.298631689578565063e-03
2.398621220253039418e-03
4.703079815794367763e-02
1.872349810024660222e-01
2.471651955820599808e-03
3.824593125516240200e-02
7.162749843509729451e-03
3.251227802653789984e-03
4.599977024084115663e-03
2.325663619665386227e-03
4.381807083569440146e-03
2.674685436654938766e-03
5.208930603062836284e-03
2.770770097046302942e-03
4.557704663983007561e-03
2.593690398117787493e-03
2.819084060055324775e-03
3.649929109237589567e-03
3.019599292082837932e-03
3.831609351998714174e-03
6.181114243104060026e-03
6.386900243339136210e-03
3.066001974869526307e-03
3.730261379829127259e-03
4.626778313802038835e-03
3.205319895817154013e-02
3.352774147798742027e-02
2.773390929742155370e-03
7.501267739300375957e-03
6.719074561429995603e-03
3.030613357836361380e-03
2.578493014455262786e-03
3.473121180934257181e-03
2.778669450635603590e-03
2.900845262781069026e-03
2.957613100107902432e-03
2.759377245457301110e-03
2.971434863166181554e-03
3.985695095193319409e-03
6.436655676150379937e-03
3.755824362828918440e-03
2.027693254456470334e-03
2.374011240888953839e-03
2.531011094335614518e-03
3.058730605669567407e-03
2.434144889512209614e-03
4.184926462613222306e-03
2.054260049742574409e-02
6.852178524087454425e-02
2.200766063891212033e-03
1.488901805477390976e-02
3.175753538429923386e-03
6.365146887260987249e-03
5.056656734332865000e-03
2.903569334835251047e-03
3.612155036362881162e-03
4.451192123979183339e-03
2.826733821860971749e-03
3.297057948591618388e-03
3.189636434285639168e-03
2.422810199834321901e-03
2.076842091473804410e-03
2.721957602078370342e-03
2.023988908473026409e-03
2.717068459323523227e-03
4.319105032900442086e-03
2.861115789143616785e-03
2.994395403859066371e-03
3.333976525643371925e-03
5.368573134543315473e-03
7.268626135195378583e-03
7.305164272857264662e-02
1.330462462418125769e-01
3.181285212711286794e-03
3.300402784614470814e-02
1.927483639949963135e-02
3.416479931711112819e-03
3.437109501900868346e-03
2.250496598607181886e-03
2.872638544636261712e-03
1.985141463041330701e-03
2.699276464365664863e-03
4.237160916449191940e-03
3.803554084548622666e-03
3.006250522691730417e-03
2.660312064699740103e-03
3.554966468214165037e-03
5.223355858374311572e-03
3.585484258255039209e-03
3.199451450824825679e-03
5.359757165162863136e-03
6.397497403780731326e-03
3.382390555799716023e-03
5.136956449957877369e-02
5.841161066771494853e-02
2.544270898667784237e-03
7.954948775402873734e-03
2.065724054769226339e-02
5.867336636529261497e-03
7.855418979999390094e-03
9.150476367174732728e-03
3.586016752926131628e-03
2.470484253145803152e-03
2.824769216840708561e-03
4.486152493520884077e-03
4.485449639356566681e-03
2.904851605082749491e-03
2.394773816358497509e-03
3.634133216437369657e-03
6.209879171400302551e-03
2.773249220625898827e-03
5.618458501815912221e-02
1.878561600890573113e-01
4.657616625747448488e-03
3.373976560017025172e-02
1.812019338480896913e-02
3.458886114653916127e-03
8.413723686486337949e-03
3.530957623060653350e-03
2.541026338321411299e-03
2.644051803571464271e-03
2.959805441990397221e-03
2.512445599643603738e-03
3.048226520791307449e-03
5.719033590571797297e-03
2.628004736958035152e-03
2.591873718114040635e-03
5.063114826052611366e-03
3.076664702423901818e-03
5.447329668466561504e-03
2.950470618721333718e-02
2.915200467620373062e-02
4.592832790343423337e-03
8.924439082869314865e-03
6.639448039640133241e-03
3.896207225254910266e-03
2.918956332905548075e-03
2.687518841786214804e-03
3.083376791299657395e-03
2.626311605083638239e-03
5.390129184509864432e-03
5.648893656009277599e-03
3.233871134629155621e-03
6.543824772079428337e-03
2.786964470163705125e-03
2.757082198122267399e-03
3.755930572002654649e-03
2.663828855286911202e-03
2.564771792497613084e-03
2.595411818123029291e-02
6.923380603526763100e-02
2.920962086746112067e-03
1.454973203053903062e-02
5.189119577493379355e-03
2.615975007320791960e-03
2.545478213131423858e-03
3.047890162026190355e-03
2.829510449654161052e-03
3.030049038011269416e-03
4.775469897665448986e-03
2.991473761556577918e-03
4.114088517470046100e-03
8.411687151020456887e-02
1.471169270713892918e-01
3.219604302125029030e-03
2.697879652968821970e-02
1.816324370650318140e-02
2.730120216470478204e-03
2.580348853161503354e-03
6.465640568689323860e-03
6.462884958335755707e-03
2.757404526093553895e-03
2.708460009885009685e-03
2.465314434369915604e-03
2.124141011076048895e-03
2.351728145384655681e-03
2.356034408893768143e-03
2.507047713027911982e-03
2.951731863220499394e-03
