2.952031924769913385e-01
2.955880376871197757e-01
1.891286510365407236e-01
1.718461581526325443e-01
1.822589074317893520e-01
1.902926075630695935e-01
1.899367206056239155e-01
1.854147887899572633e-01
1.907267637364446211e-01
1.924825743275244139e-01
1.849729147339587987e-01
1.909454997653838026e-01
1.955419376303022261e-01
1.898754125475584642e-01
1.876996135184712255e-01
1.784203171846758806e-01
1.927844694562935446e-01
1.912135129077794926e-01
1.924596194421777373e-01
1.943661352671503806e-01
1.832804155122283452e-01
1.888411181992055154e-01
1.858801041963484557e-01
1.879396149387236037e-01
1.881513982242508376e-01
1.866831461869713216e-01
1.884795354143317947e-01
1.902916184450553494e-01
1.885958393295921187e-01
1.872181935747991299e-01
1.875176819354277546e-01
1.844723619848178398e-01
1.879821298434491417e-01
1.879896408433964772e-01
1.792424207621434451e-01
1.764171588663913659e-01
1.827527075352425590e-01
1.815325230352237418e-01
1.810474847364460793e-01
1.739853843798954414e-01
1.741949862082500522e-01
1.495915549764420815e-01
1.469710107684341627e-01
1.522402856143580396e-01
1.550625848285769326e-01
1.464010178007250917e-01
1.584219076910598767e-01
1.502350548361756077e-01
1.396475732302503991e-01
1.508964936116426736e-01
1.506535020196493879e-01
1.485556310779179434e-01
1.401398239403181256e-01
1.457019800168411483e-01
1.626643137431216801e-01
1.484974761243064711e-01
1.588848336982580378e-01
1.497209916035696642e-01
1.455805493561222741e-01
1.491865282098525092e-01
1.495008427031248310e-01
1.465160722534998849e-01
1.412783241801151002e-01
1.465961849212478740e-01
1.345955074881475810e-01
1.478639578798708054e-01
1.507370317835853013e-01
1.464351953559137332e-01
1.389953240526931588e-01
1.656350221720817584e-01
1.562962916343840769e-01
1.824742586070437489e-01
1.675101443295368142e-01
1.509855325202039689e-01
1.712327251618589175e-01
1.526830370990611696e-01
1.551441462362632417e-01
1.578322520101375637e-01
1.408683349882235147e-01
1.494480044252676498e-01
1.452000217786982295e-01
1.452439315430074096e-01
1.476662981940054797e-01
1.439394795970093677e-01
1.510687664757257020e-01
1.431851167709647099e-01
1.541512760204115373e-01
1.488492292640125614e-01
1.460525320247717529e-01
1.486835619868166480e-01
1.502870539603547995e-01
1.441115108003547252e-01
1.490099650137573228e-01
1.518588403981314394e-01
1.444739603313376641e-01
1.608886430982807703e-01
1.548266611712698915e-01
1.494703236812879865e-01
1.486786005493473672e-01
1.512896651150771044e-01
1.462619604948948160e-01
1.452932132293236200e-01
1.511928822880885814e-01
1.498150988405727857e-01
1.471419430005331541e-01
1.508167822856755769e-01
1.391358165417182213e-01
1.661110357479187449e-01
1.465385804568388184e-01
1.479566949143530374e-01
1.612015236924997375e-01
1.648540090038350392e-01
1.479914224511504062e-01
1.663219036557434249e-01
1.488095526708767824e-01
1.487788141811880183e-01
1.583554915190967527e-01
1.512083625502488315e-01
1.481735074926026074e-01
1.495454415950902005e-01
1.381956449858132430e-01
1.524775753454424843e-01
1.411743030803956078e-01
1.296911743357442859e-01
1.548931975480372925e-01
1.597230648657450569e-01
1.434743112420788780e-01
1.366133138223640797e-01
1.488260186790136830e-01
1.533621207657152874e-01
1.592652157586740558e-01
1.642720988192555021e-01
1.479740979219568431e-01
1.386195084390657029e-01
1.643752769952915860e-01
1.440473675667395259e-01
1.539856356451674013e-01
1.182152469547688017e-01
1.151448458662676783e-01
1.266283365000180350e-01
1.209951237396882096e-01
1.227742025740964638e-01
1.224178217941885444e-01
1.435454371856768052e-01
1.292489598744189783e-01
1.259197006044897593e-01
1.219191329416239172e-01
1.180516659676422719e-01
1.198712331183095364e-01
1.197999930267819590e-01
1.203837603969288433e-01
1.253700850531030697e-01
1.205532006250222971e-01
1.522341408192142420e-01
1.286728561573451113e-01
1.718864429388438919e-01
1.769461896068176832e-01
1.158227058823738248e-01
1.205221406986482918e-01
1.411768337270872808e-01
1.134828557110763164e-01
1.108525445714853286e-01
1.155273437087481064e-01
1.135995436805620346e-01
1.138700785672210197e-01
1.142681793488034003e-01
1.136962388249592448e-01
1.127405936026782823e-01
1.198507474956396340e-01
1.237552950514345107e-01
1.171143920893550072e-01
1.134224397686420943e-01
1.187531947881035055e-01
1.161809523334671745e-01
1.150968096807141877e-01
1.169978137637191357e-01
1.127462601559399008e-01
1.161949956414834312e-01
1.151307275725377832e-01
1.567101934396021023e-01
1.818646251860828456e-01
1.172203941405522698e-01
1.519878862336470349e-01
1.193388296568813761e-01
1.125925447012242758e-01
1.154656598254166500e-01
1.111977061185943499e-01
1.149551299872670351e-01
1.196349557650266959e-01
1.187796310897915042e-01
1.229040562767131084e-01
1.184017489828955300e-01
1.049359090437555764e-01
1.197059279020031980e-01
1.132380893093273694e-01
1.180077857968116900e-01
1.442943588905425956e-01
1.508047431025628937e-01
1.115315664668149742e-01
1.481851734826399591e-01
1.426669361981258710e-01
1.298183281159012437e-01
1.514378985592296223e-01
1.233382672980109784e-01
1.119921593221805955e-01
1.145915047693540495e-01
1.129353997477840488e-01
1.175575592448051127e-01
1.157614570980365909e-01
1.145779764611070256e-01
1.103593448910222263e-01
1.096626519436465635e-01
1.221464727600850148e-01
1.255056820325744504e-01
1.143994765814063397e-01
1.177342746694766684e-01
1.090661751512886635e-01
1.133383274389209439e-01
1.151301056530785044e-01
1.092970079914922510e-01
1.167139047682684977e-01
1.253541348291600521e-01
1.297428967453010396e-01
1.156947491840563391e-01
1.120981320789305319e-01
1.223506638548043923e-01
1.133072079731380771e-01
1.195265885782898357e-01
1.155377570664376519e-01
1.162601201400962625e-01
1.170532300104967782e-01
1.176564868170850015e-01
1.160964266209416895e-01
1.168576022304591289e-01
1.252253100396661101e-01
1.181108842409753640e-01
1.672895134628109293e-01
1.685659386306554430e-01
1.181383169936029154e-01
1.289429108102856936e-01
1.430863711107170644e-01
1.229652611023291514e-01
1.068571462188706855e-01
1.213910181186287351e-01
1.203533979700093792e-01
1.351909715409088664e-01
1.191536797193011310e-01
1.200172679975107931e-01
1.176462366201417586e-01
1.199317489768712830e-01
1.138771317258463756e-01
1.175155638445862377e-01
1.130964251103288715e-01
1.215543396708469587e-01
1.214793330626372653e-01
1.209711979056802972e-01
1.176007939066752855e-01
1.225404039118517252e-01
1.236106586425882586e-01
1.268507153359012540e-01
1.228795180376333201e-01
1.196910179621030329e-01
1.257047596423065128e-01
1.327336088708270245e-01
1.192281877828739040e-01
1.222941074287735574e-01
1.126768968472326576e-01
1.751228789891844662e-01
1.795094428430028810e-01
1.272295633787111913e-01
1.381740150223610131e-01
1.313537367452255189e-01
1.204347055049970194e-01
1.375308667270517815e-01
9.844043164324671469e-02
1.225085029802289310e-01
1.226477258285509075e-01
1.266516179429566791e-01
1.270266158857128180e-01
1.271187624157021634e-01
1.223940364521350632e-01
1.251816785398318088e-01
1.177600390657362051e-01
1.223414948977300798e-01
1.206984825965308900e-01
1.260038491002372085e-01
1.484115071617712056e-01
1.475646354791435855e-01
1.224245250059350920e-01
1.529682022767785698e-01
1.490174426034806821e-01
1.268345887283465756e-01
1.352786449816496539e-01
1.247175961639447467e-01
1.296935087257515551e-01
1.214490119602382595e-01
1.257212202958633285e-01
1.171714436573288581e-01
1.187393247671851004e-01
1.262147912746252876e-01
1.257386811550006145e-01
1.099481579955317173e-01
1.239251919116029221e-01
1.413292938025910161e-01
1.205543649269779499e-01
1.206533495228518382e-01
1.068955555547626973e-01
1.222844072139801785e-01
1.206465645853530277e-01
1.244681475770283985e-01
1.207009546709255920e-01
1.060109279293628692e-01
1.165903527739795970e-01
1.048267758536015892e-01
1.164595366087936568e-01
1.202004680404596682e-01
1.271110890179197317e-01
1.195217320450864540e-01
1.767897127945694258e-01
1.654260527863495867e-01
1.186091768229305538e-01
1.252749011681959512e-01
1.434349012417911462e-01
1.106188392546322424e-01
1.127277826213053391e-01
1.136287531060977268e-01
1.233852539924567976e-01
1.150320006847294213e-01
1.204492479283535422e-01
1.104876764154088531e-01
1.224621761612145754e-01
1.183173717963429544e-01
1.132945364538567312e-01
1.068525523359152712e-01
1.124117235859242031e-01
1.121983018024610562e-01
1.139175422113552910e-01
1.181403191980229944e-01
1.141057884723268440e-01
1.186142813900694093e-01
1.156968081200857312e-01
1.136414326748440562e-01
1.162759454360366013e-01
1.072910338482099407e-01
1.080628739653359677e-01
1.054160225410555457e-01
1.161400318322948905e-01
1.621514249380850148e-01
1.893528208546335356e-01
1.188368549148869496e-01
1.390336242759401542e-01
1.255829582891982987e-01
1.136281776456760650e-01
1.138505269063350284e-01
1.175152274000384883e-01
1.110997372155438784e-01
1.143220581410655246e-01
1.126024720065123136e-01
1.144321660438889082e-01
1.113782420944000734e-01
1.137183037091083065e-01
1.125242364051175087e-01
1.109587683791894014e-01
1.141834364554924208e-01
1.533946108519076701e-01
1.436096543649521828e-01
1.215557926786604154e-01
1.482991381315404977e-01
1.445114979979614245e-01
1.345038711993765679e-01
1.429224093006966068e-01
1.108934728203112979e-01
1.179538796859655458e-01
1.173533287461588082e-01
1.130863003010372791e-01
1.163874032975188988e-01
1.147625790645286775e-01
1.138474741504754278e-01
1.160859931058128847e-01
1.146420112476090464e-01
1.142274827575007756e-01
1.185512112054204759e-01
1.132100303533538910e-01
1.240514772808712501e-01
1.255930829526591963e-01
1.119285299285689567e-01
1.143905083317720978e-01
1.157688020482904867e-01
1.153695040720359444e-01
1.147009867340348654e-01
1.106428470071618847e-01
1.136829011257580735e-01
1.151467649286986167e-01
1.132033527873871209e-01
1.145521825388555875e-01
1.131074976623521050e-01
1.107869953233208138e-01
1.131604151624983068e-01
1.121712440326023685e-01
1.142661559596529902e-01
