1.566441420993633649e-01
1.628373901695876758e-01
1.568448338344203830e-01
1.582141566653365305e-01
1.529977105310178498e-01
1.579876323324168330e-01
1.529329971555088707e-01
1.591677917328886693e-01
1.551483779572808697e-01
1.497631301275419990e-01
1.532093239513246941e-01
1.414042519895386818e-01
1.497747417538885240e-01
1.508793914363285305e-01
1.528274615646017243e-01
1.499034559894881491e-01
1.574456880049383556e-01
1.608905289978334874e-01
1.470996353803553647e-01
1.515999898965813275e-01
1.532860262469735446e-01
1.497088351401755502e-01
1.514626686934634203e-01
1.484979610969671127e-01
1.541811301884280505e-01
1.447544212040440814e-01
1.471192878365138457e-01
1.459886318041366537e-01
1.526420654257888976e-01
1.495808870155529713e-01
1.510278602537860337e-01
1.509314750135759553e-01
1.521857892322054651e-01
1.521788575159903623e-01
1.545196934772519737e-01
1.535179784435188322e-01
1.478232269774070740e-01
1.531872944547960913e-01
1.406903138275115428e-01
1.453623914855582955e-01
1.516978675563751267e-01
1.508917220456257036e-01
1.499722496376999226e-01
1.472488351076258750e-01
1.432667288404851358e-01
1.468796270952019978e-01
1.418785050514185242e-01
1.458031178144319207e-01
1.457867917237418154e-01
1.452708833761103269e-01
1.571512663587524561e-01
1.464220581692621259e-01
1.488278888300640923e-01
1.492662154615908288e-01
1.578070214016498718e-01
1.514860398588628865e-01
1.520654731183389563e-01
1.559144157233223471e-01
1.453778173901439097e-01
1.466384783277878134e-01
1.403204508907498760e-01
1.464181668860582985e-01
1.480941767975074430e-01
1.433258777259417971e-01
1.470172298749183037e-01
1.470751276500882609e-01
1.468851448058796083e-01
1.540328896161497485e-01
1.478952175060524454e-01
1.488429742626960484e-01
1.453852828207912451e-01
1.426959494206786194e-01
1.433882725057120666e-01
1.492506161312850688e-01
1.361262420509010418e-01
1.458198224492416595e-01
1.463008602566473193e-01
1.419781551029865585e-01
1.474290917654238475e-01
1.469767325191700946e-01
1.436835993659850985e-01
1.423763235873396482e-01
1.481418754914843872e-01
1.520324206345179396e-01
1.449115646593513163e-01
1.458288543285284899e-01
1.439796869637472720e-01
1.445679977687218676e-01
1.484401903497504227e-01
1.437813517985992440e-01
1.444555882830887150e-01
1.464785327027605111e-01
1.403003130634818962e-01
1.485617123446953403e-01
1.442970966554029955e-01
1.474721990152665640e-01
1.492589754203626495e-01
1.557866544750013960e-01
1.497045141228125487e-01
1.435682662783499541e-01
1.530984358412924018e-01
1.598483812888630007e-01
1.595146828569690978e-01
1.520950779728182101e-01
1.514254128087295648e-01
1.500280972510370514e-01
1.503197490469088959e-01
1.469343796775467448e-01
1.431968827507710817e-01
1.493689814762160506e-01
1.445378048000717230e-01
1.426766170192433347e-01
1.449044859124574980e-01
1.474800105086361002e-01
1.490073888141622838e-01
1.456277049335363005e-01
1.470987567809832752e-01
1.505471680580818816e-01
1.464541560334952641e-01
1.508834984187062966e-01
1.530355916497367075e-01
1.487410032427645967e-01
1.476931947665543476e-01
1.455048849234170383e-01
1.561938394945983910e-01
1.540554316844469085e-01
1.522892778652912282e-01
1.460946049355033860e-01
1.497488090602324129e-01
1.497266313000587268e-01
1.568537718237395240e-01
1.541001047668918988e-01
1.425583650220326737e-01
1.548129070537049290e-01
1.453168688504666017e-01
1.486444884113371223e-01
1.497193559854521350e-01
1.548119356435960492e-01
1.467766521234116772e-01
1.505848088159259246e-01
1.446558522559385773e-01
1.431086696103296974e-01
1.440186323853931971e-01
1.388578776332941855e-01
1.388627131505643375e-01
1.421790460270983270e-01
1.390586622983875920e-01
1.408645033753533893e-01
1.440880124811052265e-01
1.391450811278273636e-01
1.392969976917464991e-01
1.472301788853753457e-01
1.406386765873106903e-01
1.443505741370052775e-01
1.399920815087558057e-01
1.405279632565976933e-01
1.408317003462555284e-01
1.405801975984087016e-01
1.386251383427904438e-01
1.415700816443624388e-01
1.370544204025311297e-01
1.437577316033477604e-01
1.379864620123022190e-01
1.437385924745460675e-01
1.418956546999814439e-01
1.397028994876046426e-01
1.355090406450671081e-01
1.469363209173085716e-01
1.408077871739055464e-01
1.368288986225325021e-01
1.405518992604044282e-01
1.398227592398755270e-01
1.370030816991326672e-01
1.437087973323388779e-01
1.373924932580508074e-01
1.418266413933761960e-01
1.420162383201472034e-01
1.641331937447563505e-01
1.691250029484802908e-01
1.456504757829054364e-01
1.444196920038888499e-01
1.577477580631952703e-01
1.380328299847392026e-01
1.432254677506280827e-01
1.433927257112845022e-01
1.418853234889885240e-01
1.418377506316910730e-01
1.445702429906227104e-01
1.408732511125274645e-01
1.414191967934173844e-01
1.448907964357814271e-01
1.414415378405639023e-01
1.461925073970811728e-01
1.366033832028493711e-01
1.416871182692232833e-01
1.487539226455436847e-01
1.472318307365009515e-01
1.444334350157429336e-01
1.394481193416044484e-01
1.431699776591927320e-01
1.413327757579648514e-01
1.406186583268744517e-01
1.418209772131428237e-01
1.411187644524967977e-01
1.410231542536682647e-01
1.364037333060822144e-01
1.438938370433913982e-01
1.410718105616108331e-01
1.404995063350258921e-01
1.411096938620808317e-01
1.383373838022934066e-01
1.390079693011901929e-01
1.324714427847314968e-01
1.416228592251875529e-01
1.411541940711747711e-01
1.400506768109093525e-01
1.589774092375317305e-01
1.633070082389195543e-01
1.382763183166454135e-01
1.459282115600567808e-01
1.377212078993541311e-01
1.391609982919282673e-01
1.477480435427244165e-01
1.410923867247757812e-01
1.317247319170592179e-01
1.405105292089388336e-01
1.458399927509727301e-01
1.443902444164426591e-01
1.439041533369843917e-01
1.421406716206423393e-01
1.437689987980558803e-01
1.437517846354935958e-01
1.482224210880846160e-01
1.435319779239640214e-01
1.514684134277150263e-01
1.416950545530122896e-01
1.529229451819703045e-01
1.486562112593476648e-01
1.444438188312260896e-01
1.423911815948369075e-01
1.446616224541190932e-01
1.438228077231489821e-01
1.470987782354247486e-01
1.454617484302018482e-01
1.443034575665296804e-01
1.434170764513637841e-01
1.426835959841575019e-01
1.440938987696830376e-01
1.363403891343690777e-01
1.363831530186803420e-01
1.552691042540833288e-01
1.439877939525941453e-01
1.422443824845149585e-01
1.425440623392550399e-01
1.509542802940493922e-01
1.414586609286526686e-01
1.424084723113908657e-01
1.485986537184872947e-01
1.456016820230201514e-01
1.421569675645421305e-01
1.544884199287693549e-01
1.680644228226979287e-01
1.422643119057333538e-01
1.587614577067026911e-01
1.460676494137041481e-01
1.409485428623009073e-01
1.367171536303178614e-01
1.368186820819426996e-01
1.351892986286890586e-01
1.438437193998900188e-01
1.411300532737737312e-01
1.461687265970673111e-01
1.433316969172618027e-01
1.414725364057550505e-01
1.503837991815806518e-01
1.422794394358939951e-01
1.440357160301618256e-01
1.434456594726976342e-01
1.464070210899476032e-01
1.446936328467258448e-01
1.463816536354271280e-01
1.485468409567322068e-01
1.497193521255905657e-01
1.424266601500903673e-01
1.473561982841005980e-01
1.457905088750537925e-01
1.480937364621490726e-01
1.407869020204149391e-01
1.516184490315707345e-01
1.469746006303958019e-01
1.432535138039906231e-01
1.430899590875326366e-01
1.461249974647157723e-01
1.489719872746156082e-01
1.448917128394390796e-01
1.441845920773638934e-01
1.426922813101218768e-01
1.460955526674494465e-01
1.447243225729698268e-01
1.522460338093734600e-01
1.642986773077192153e-01
1.419451996886879341e-01
1.529319954861237396e-01
1.382549142523706864e-01
1.500896483319850983e-01
1.378214794912368257e-01
1.443386593340818258e-01
1.454783388201702776e-01
1.411294848768042121e-01
1.452446543924272027e-01
1.452346729169363970e-01
1.412539156583120792e-01
1.394812845361654285e-01
1.455823627457267233e-01
1.505448909712919503e-01
1.396556201486909010e-01
1.465684850157646379e-01
1.401743606022690658e-01
1.379678991705424462e-01
1.382047016115681981e-01
1.450728575492183925e-01
1.415200721114745208e-01
1.431792460062153438e-01
1.410615631623817479e-01
1.487140420748920555e-01
1.400523391473821877e-01
1.415738082394785713e-01
1.393882358466265459e-01
1.411010088851183120e-01
1.383873754769005815e-01
1.325475833574524254e-01
1.415151197659072491e-01
1.378254918100092208e-01
1.408253235528027780e-01
1.413751832480378834e-01
1.396769710115622620e-01
1.654042111524673397e-01
1.516669727215565477e-01
1.382447119524549684e-01
1.325158167239521567e-01
1.398808012399034018e-01
1.333124721349356334e-01
1.370910966585780211e-01
1.350989239297398503e-01
1.325465111187196787e-01
1.353730312022324578e-01
1.349678799196631362e-01
1.368337232698094708e-01
1.391926654170432820e-01
1.504588234286811932e-01
1.428509816367699026e-01
1.365239917604964826e-01
1.344637820280616125e-01
1.474821124028533603e-01
1.588456270087048317e-01
1.375831743842471089e-01
1.287391787615415617e-01
1.450351226618742662e-01
1.371304827525109682e-01
1.408932250565131383e-01
1.294391324377366648e-01
1.495349780940948281e-01
1.397561242053535491e-01
1.381120620653521480e-01
1.524950015577198892e-01
1.478289018211746964e-01
1.392244762433406113e-01
1.475016741760638295e-01
1.564222045608894551e-01
1.243333063598338756e-01
1.364890272818020112e-01
1.348634896044993148e-01
1.346391477059767361e-01
1.354762043915031522e-01
1.348863727408897983e-01
1.360844844868960013e-01
1.370016673462980672e-01
1.352610904931336733e-01
1.546174707346300303e-01
1.346029797788161064e-01
1.364058432760577311e-01
1.495855666497617475e-01
1.277004300758213806e-01
1.355698785801818795e-01
1.316241788290405113e-01
1.310213915386300443e-01
1.346475667346495597e-01
1.353122339169888499e-01
1.366967717487128919e-01
1.355913036206942701e-01
1.365918148512414998e-01
1.341664338546723900e-01
1.327006841483825139e-01
1.340324493050710219e-01
1.347475924112388479e-01
1.328648292762850680e-01
1.341108347768192322e-01
1.325037494951593342e-01
1.363786030377225622e-01
1.331324175531413134e-01
1.349585196040080370e-01
1.344210451003101936e-01
1.347008669041377116e-01
1.363353428193672945e-01
1.361495130986154489e-01
1.321715889150361090e-01
1.331817232532834794e-01
1.332882446838460910e-01
1.288595895771907640e-01
1.344696566051845898e-01
1.360385477434815082e-01
1.365025053420368673e-01
1.341381706693833553e-01
1.330830924068549526e-01
1.291094477464879708e-01
1.349693409438052216e-01
1.280093329599428786e-01
1.290678854229373174e-01
1.311310401396618697e-01
1.356173545150933524e-01
1.363013526262979724e-01
1.353578393411175307e-01
1.330900084621487456e-01
1.277401350754623077e-01
1.312854742030802047e-01
1.342369204428010554e-01
1.302884736250388142e-01
1.347343552606969919e-01
1.349904499183715856e-01
1.324941027726136422e-01
1.365368726866685312e-01
1.355808642822425580e-01
1.351508597425965519e-01
1.367610145859818327e-01
1.330038591626951650e-01
1.343558382000078766e-01
1.417209891749652284e-01
1.353148205109804270e-01
1.334581881904565448e-01
1.374328222435263203e-01
1.384502667816178978e-01
1.395369482050212995e-01
1.373140806820201121e-01
1.349189674505128500e-01
1.363781262499539626e-01
1.311119113838715156e-01
1.363725908294283196e-01
1.315976742403340560e-01
1.337061819305706001e-01
1.522685804027424372e-01
1.663691643957495858e-01
1.438577239582808642e-01
1.476924552475439023e-01
1.381147254195086160e-01
1.424745179538548512e-01
1.356576419348494711e-01
1.364932175310671625e-01
1.384256727866595427e-01
1.388140655139958324e-01
1.387169618395123205e-01
1.392840494745016811e-01
1.389547651689082564e-01
1.342488193550566422e-01
1.451455265887918733e-01
1.460555033926994317e-01
1.917111820076022877e-01
1.400687427834648446e-01
1.312695570589965666e-01
1.446208083803237621e-01
1.420607912433133058e-01
1.323239985002362673e-01
1.272329944322097839e-01
1.317437738885935405e-01
1.325965755765033949e-01
1.286663764406013877e-01
1.331018057549311906e-01
1.320235774894946701e-01
1.211271909436935912e-01
1.510257389998267696e-01
1.180678003157628053e-01
1.303907830654101319e-01
1.185325104430304949e-01
1.220395331205400558e-01
1.226202294833612927e-01
1.215811222537215852e-01
1.208330767480204626e-01
1.224983555815322700e-01
1.172341296077783757e-01
1.226055688321745080e-01
1.189676779488915981e-01
1.228527555325774484e-01
1.228906862694438273e-01
1.405843256653557805e-01
1.203804801058918073e-01
1.269807500326576022e-01
1.215029359170677892e-01
1.183387934835604255e-01
1.209750450581752734e-01
1.226338810512418304e-01
1.211538417519673755e-01
1.246769608240650279e-01
1.472281923687744354e-01
1.492228160957699834e-01
1.241012643939933269e-01
6.183083013137956330e-02
1.412323252990309030e-01
1.388334190869605356e-01
3.624693811410631406e-02
5.253548859509812874e-02
3.590249181082275781e-02
3.542018025890011218e-02
3.924586131978793219e-02
3.880149131817612479e-02
3.755599248579308269e-02
3.694125338522282614e-02
1.454079307345126637e-01
1.609213660882106989e-01
3.350898870436606891e-02
1.720302269726191047e-01
9.880150597227271847e-02
3.804618226845050272e-02
3.478183528267767693e-02
3.638079185400547311e-02
3.690533217566092927e-02
3.883235726218731837e-02
3.407262229817748650e-02
3.358467822208858339e-02
3.562252829715358698e-02
3.636899361311780876e-02
3.519813106088085647e-02
3.558607138969298311e-02
3.377264244815902233e-02
3.572213022965788076e-02
3.664303354236575494e-02
3.390837242109930733e-02
3.769180116296107913e-02
3.680518570827439467e-02
3.945705297895159280e-02
3.672681727101521215e-02
3.542588313921848225e-02
3.444738742559087796e-02
3.503175615370231200e-02
3.754616784154560238e-02
3.501400164059417092e-02
3.430039913839225130e-02
3.586307637068533033e-02
3.621283645121903261e-02
3.917712550246004594e-02
3.613213462445200030e-02
3.483580707155634754e-02
3.565217084858514351e-02
3.691035504859861704e-02
4.010647718808961482e-02
3.425881014268024327e-02
3.446508888033286006e-02
3.781814938710466312e-02
3.484889535119273241e-02
3.840404727865014134e-02
3.841616865618360799e-02
3.740662500908797233e-02
3.964638873611712327e-02
3.769542523805538559e-02
3.626011407243509566e-02
3.605523361711782809e-02
3.935259580813655483e-02
3.816806233317555225e-02
3.518729101921962837e-02
3.475304611247246461e-02
1.597713953206758575e-01
3.716543622890419035e-02
8.908138645290732127e-02
1.266664225962427504e-01
3.454815697281676118e-02
4.599436582491767816e-02
4.420047273964383683e-02
3.416772834236899564e-02
3.654972329578228679e-02
3.641243441386741997e-02
3.449624199430754296e-02
3.527862844570021222e-02
3.816669516236262383e-02
3.340331966274347891e-02
3.568066386007197333e-02
3.470054553344571746e-02
3.574531757430954998e-02
3.399286850053709341e-02
8.185642941415365026e-02
1.475955019319240280e-01
3.554154304209796583e-02
4.901743965351808285e-02
4.494864058892407421e-02
3.484462117600991421e-02
3.801658235023018528e-02
3.708734282639868790e-02
3.311642728282995773e-02
3.626588869874443344e-02
3.478735497525369674e-02
3.482604484495986641e-02
3.402774427630981396e-02
3.984420533375734874e-02
3.612958483956949657e-02
3.420154507164700070e-02
3.493662445266412786e-02
1.194798420451324492e-02
4.927368680373939852e-02
1.123091302265453485e-02
1.265768647027183495e-02
1.660019543084454915e-02
1.240598303926497906e-02
1.251100850079910412e-02
1.115318407019740173e-02
1.191682587839456783e-02
1.222362065589672857e-02
1.120702825062312377e-02
1.144597155362067978e-02
1.317349624230027515e-02
1.712383296353002515e-01
1.815451219743284272e-01
1.091239693666590585e-02
2.659141038133157608e-01
1.715606749469955894e-01
1.620759807097097924e-02
1.357472245385593461e-02
1.457054137414731838e-02
2.479691942645811942e-02
1.124097886955694771e-02
1.343430367821120408e-02
1.316074023057191636e-02
1.256544970536786071e-02
1.135048346584871005e-02
1.169473555019679388e-02
1.288874673554963289e-02
1.129706921608666578e-02
1.310376171136281957e-02
1.424519480164051013e-02
1.093136177581666667e-02
1.115140415265843295e-02
1.118694433427185227e-02
1.245739253062334677e-02
1.360288191743341292e-02
1.036788703137423405e-02
1.723160277039455235e-02
1.123189282653370979e-02
1.169560291000689214e-02
1.145220291727663299e-02
1.184033459227291397e-02
1.193478266309554343e-02
1.118230996515222168e-02
1.106650035634407746e-02
1.229311392186174974e-02
1.156632285940729053e-02
1.117321624176390547e-02
6.115104985299615187e-02
1.768647279614669332e-01
1.224801254703661128e-02
4.214540881787362525e-02
1.743739010815820514e-02
2.149993571351242749e-02
1.819948810778910034e-02
2.005073710021261849e-02
1.370297478182552590e-02
1.303233821808883960e-02
1.340362813120998808e-02
1.404917901572857661e-02
1.345011907352772901e-02
1.302430264011213493e-02
1.315311589070289854e-02
1.158447222250395293e-02
1.086132652582304237e-02
1.071538132505615512e-02
1.269788139479782058e-02
1.339929917508736121e-02
1.417869220204721198e-02
1.810538850088417445e-02
1.558620777183242212e-02
1.080667485367726478e-02
2.008770349903977320e-02
7.804969710397491323e-02
1.128637021892628031e-02
1.835052097786997807e-02
1.088928495571416660e-02
1.043032704138668366e-02
1.093049112662142046e-02
1.115718025584063258e-02
1.106914459026899118e-02
1.108848678729844328e-02
1.061452540702794226e-02
1.187220339556923146e-02
1.102772305362041509e-02
1.031652602608274655e-02
1.837309850604857964e-01
1.782184164724840425e-01
1.083685563241556203e-02
2.702274595553271763e-01
1.764551786164222646e-01
1.531749297214377373e-02
1.284190929406208923e-02
6.517805073317982367e-02
1.816229311646297764e-02
1.229470172575321610e-02
1.095244330367934303e-02
1.134136559683293806e-02
1.273205040919510138e-02
1.067971216298370211e-02
1.181293837857954124e-02
1.125859289572776756e-02
1.157690483869586867e-02
1.020162234964768280e-02
1.252958829986674724e-02
1.107214185058354519e-02
1.154415898720693480e-02
1.100370890869104001e-02
1.110439602329145979e-02
1.026249552374566658e-02
1.080949050391074445e-02
1.459548040384287537e-01
1.495997160170459417e-01
1.122488678771854133e-02
2.033055780073347862e-01
1.008784353651060450e-01
1.058218516213494352e-02
1.285933623166361436e-02
1.535981742733411558e-02
1.128566581071363192e-02
1.126484889504213160e-02
1.160112788676394453e-02
1.097045587941256235e-02
1.188730578647521734e-02
1.189860722386913185e-02
1.211947496072058802e-02
1.087090930223088767e-02
2.610417662428084207e-02
1.064991119822004430e-02
2.678146093314043991e-02
8.516224675986358572e-02
1.011890009182436247e-02
1.957057517894144477e-02
1.459710190324633658e-02
1.288009803728263139e-02
1.205985969186161057e-02
1.234146060577319577e-02
1.333771377363582311e-02
1.134724467436126587e-02
1.127411095673000810e-02
1.176004498580895084e-02
1.156652222526447123e-02
1.053772861259636047e-02
1.310666797375062594e-02
1.227104755537186329e-02
1.140170350104644827e-02
1.150290352418176752e-02
1.080217661079041144e-02
1.114288302455818808e-02
1.197919265146150415e-02
1.131253238137656242e-02
1.107914651224215646e-02
1.078759146713255748e-02
1.157707386596453641e-02
1.091639348762100427e-02
1.199466800790367424e-02
1.357410927636161849e-02
1.229854335536432509e-02
1.077578811918263567e-02
1.142703038619410395e-02
1.169837375435311445e-02
1.421570228532480912e-02
1.085773641585609066e-02
1.118029839983669324e-02
1.097369706571435163e-02
1.058746394772413016e-02
1.142225779274836685e-02
1.489856267383845786e-02
1.226278264269046493e-02
1.152632343773224606e-02
1.208157011526632234e-02
1.076704330597138930e-02
1.092931433326960709e-02
1.150645342588354006e-02
1.255829847812514263e-02
1.105668956481998914e-02
1.145096544401901645e-02
1.179609004302392683e-02
1.063343916673325194e-02
6.188650745850277773e-02
1.893499337323448772e-01
1.231900454425887033e-02
4.276130983260324064e-02
1.512052178589714038e-02
1.613085135963127775e-02
1.883365927662720291e-02
1.237845487207282942e-02
1.119756898406032430e-02
1.198851430138609016e-02
1.206652366922593769e-02
1.239665167490166912e-02
1.159705088850339523e-02
1.081050654221131675e-02
1.120856101646117674e-02
1.191591918316556135e-02
1.159948623740318131e-02
6.332388337789310317e-02
1.835986452379864409e-01
1.443603438259765705e-02
4.378593601790138623e-02
1.706155385062960508e-02
1.000162427116174126e-02
1.103353200132835624e-02
1.030817599079779379e-02
1.050694619534352052e-02
1.086436675415748156e-02
1.141932078494580644e-02
1.115647712956307699e-02
1.170945397907943199e-02
1.500517234136382883e-01
1.438281552590647550e-01
1.347924554230649219e-02
2.166044173044368026e-01
8.643349455480678345e-02
1.324421366551195405e-02
1.243259744338598947e-02
2.223539255398090941e-02
1.468908517593638975e-02
1.185244982784800470e-02
1.107114326317562743e-02
1.325615420666092885e-02
1.132935170740691569e-02
1.174325403792036808e-02
1.095530528564705314e-02
1.027448795867196008e-02
1.050718371427072743e-02
1.034744325368339157e-02
1.687074899395310246e-01
1.748270499007479606e-01
1.093513223206353698e-02
2.778975828675945836e-01
1.752151889746406399e-01
1.240169468446307779e-02
1.091992014003314790e-02
1.062276716042095774e-02
1.075925029799684046e-02
9.948422014405247996e-03
1.059706260790626089e-02
1.009746804831512627e-02
1.046967299278992770e-02
1.087343513623589830e-02
1.087202617466528042e-02
1.181821037584370598e-02
7.131880829671889688e-02
1.673363464887082097e-01
1.202806176694229921e-02
3.589470926711150339e-02
2.090186720760294978e-02
1.083842205699965359e-02
1.325448597419831911e-02
1.135359830523447432e-02
1.089194447184068174e-02
1.095379030780776509e-02
1.149143481881628216e-02
1.022711639194768228e-02
1.043421714584932825e-02
1.095389202692935091e-02
1.041853409134377469e-02
1.030716331707362717e-02
3.023245409602492995e-02
5.697849136821028782e-02
1.070786617885404780e-02
1.387228972844149755e-02
1.268763072803750190e-02
1.213849300599402145e-02
1.136920324699501779e-02
1.091001859414907418e-02
1.155930412891298907e-02
1.137637703621009050e-02
1.132888690407274183e-02
1.049582341752175463e-02
1.207792650769387056e-02
1.035684482507762301e-02
1.102192557749903309e-02
1.089655218131699646e-02
1.091634079361161053e-02
1.799030896652319411e-01
1.767698066821457581e-01
1.280647145056094602e-02
2.732732563594796327e-01
1.747480174966193900e-01
1.355187310820330469e-02
1.460632777708810622e-02
6.636565384104338439e-02
1.764382255316094758e-02
1.333437423538704099e-02
1.279445100034515281e-02
1.158535255223774353e-02
1.086880726645996637e-02
1.143680300913169426e-02
1.182569754174579192e-02
1.104740147654232653e-02
1.072141647684198007e-02
1.303430150290346874e-02
1.160310873297172932e-02
1.127525523939127729e-02
1.159340712100363421e-02
9.783100970188942508e-03
1.156958427985845840e-02
1.149398727275524265e-02
9.600740334162537887e-03
1.052731910735008394e-02
1.111112605993579486e-02
1.131317917678815489e-02
1.141153105166877249e-02
1.199881139511000533e-02
1.200212992125965043e-02
1.048715777784666424e-02
7.451780712331572409e-02
1.614248011706584662e-01
1.580604174730655676e-02
3.520670834067381877e-02
2.133497410881592810e-02
1.128424384477377633e-02
1.331392602708914366e-02
1.369438463439642296e-02
1.336509818275067284e-02
1.180548260422522623e-02
1.187050254871229935e-02
1.326749551271674474e-02
1.018052824879029858e-02
1.282174584160451075e-02
1.133559911949725066e-02
1.197010899423991970e-02
1.298300991820830648e-02
7.648959872038285646e-02
1.635053415867603333e-01
1.070180998642662577e-02
3.114172862341602066e-02
2.262609570802685127e-02
1.107297926601449357e-02
1.138498804028751678e-02
1.065172254669487402e-02
1.065256618062005410e-02
1.002530056486629004e-02
1.030649026425579408e-02
1.286757444559758802e-02
1.004908809302636555e-02
1.114025354848262317e-02
1.150263312353820740e-02
1.123462288335750833e-02
1.457673909129611478e-01
1.516856263639763114e-01
9.769371397751998656e-03
2.071337220406871404e-01
9.335269308018628864e-02
1.396683638000412002e-02
1.793365547869442758e-02
1.161360229377355995e-02
1.025300621946118561e-02
1.095926387394824050e-02
1.042967318887661615e-02
1.100991003862642793e-02
1.125959141218945553e-02
1.137153921431055363e-02
1.089739779794698417e-02
1.183780206519575127e-02
1.155549200352060969e-02
1.275587585070490915e-02
1.159322087784044920e-02
1.144914147364632130e-02
1.049439894148253630e-02
1.098580137251935901e-02
1.028317665876319828e-02
1.001167180446105830e-02
1.060244424048526098e-02
1.060375483522379460e-02
1.036036420298591665e-02
1.010746921319858466e-02
9.821599790560294613e-03
1.171023246552821938e-02
1.091505911735863622e-02
1.002055717336057528e-02
1.081423578942277731e-02
1.275716186646738866e-02
1.079786951109367420e-02
1.112588634433493359e-02
9.917220072052101293e-03
1.022728285432221267e-02
1.020394983484365116e-02
1.008676251732061428e-02
1.460633341011820241e-02
1.088740289926800296e-02
1.106228463475992727e-02
9.934444648089756080e-03
1.057741388530437747e-02
1.153881034739136745e-02
1.102940589666910262e-02
1.061522419927927487e-02
1.090628636592589316e-02
1.450123405949972459e-02
1.037038735911226077e-02
1.075912986932705748e-02
9.847890901600016636e-03
1.074225185708172110e-02
1.741257024122789265e-01
1.811688721399559443e-01
1.078887323950318208e-02
2.660478606658127076e-01
1.771156807699147961e-01
1.682472965361761497e-02
1.143871026654379175e-02
1.079594710675847377e-02
1.409750719766943508e-02
1.133345772943223327e-02
1.008956969720771826e-02
1.023340608239239717e-02
9.764010451936684307e-03
1.020691417929845898e-02
1.209824866509343413e-02
1.309344632698485576e-02
1.238801440283959950e-02
1.030629552404030251e-02
1.017588982261596713e-02
7.468501796169738083e-02
1.616848875777716354e-01
1.091727134690718103e-02
3.408564066567076889e-02
2.073981698286488096e-02
1.007696910511680921e-02
1.355541736745741362e-02
1.053930919557568430e-02
1.101722553871538682e-02
1.204541206705172368e-02
1.015220480014075027e-02
1.097359118717252877e-02
1.108270996156504595e-02
1.119716995595517600e-02
1.033440459554276283e-02
1.075102018209153631e-02
3.064849936448445569e-02
5.550650066188820425e-02
1.089230598276423601e-02
1.367587095722045364e-02
1.306773032876682762e-02
1.107626178943028374e-02
1.080113184173522693e-02
1.143845800131944486e-02
1.158385418109991391e-02
1.106198462540594098e-02
1.012393929227735009e-02
9.938946429541996308e-03
1.070542340248124835e-02
1.253573102645492120e-02
1.043865865734617746e-02
1.125996035862410379e-02
1.076052863107352861e-02
1.004198864774035090e-02
1.113187047442254149e-02
1.138550211957283301e-02
1.050484336914833151e-02
1.824650092113059008e-01
1.817506727178897219e-01
1.004551594930700592e-02
2.696216643533564938e-01
1.777103788444168442e-01
1.611881036067423431e-02
1.000112107376485877e-02
1.067580170194255655e-02
6.298590526034777981e-02
1.708055600082336242e-02
1.164843325538487441e-02
1.100921818405126672e-02
1.265215809641204343e-02
1.186202358720780253e-02
1.098820508414927004e-02
1.013017570167913835e-02
1.408732817011972872e-02
1.076349832884484353e-02
1.054167648648889587e-02
1.030450790548883763e-02
1.077449606000960292e-02
1.065672881630569564e-02
9.911990438035247694e-03
1.014568151963666891e-02
1.062302117087169165e-02
1.228053359534188836e-02
1.293091057060088804e-02
1.073134636400809895e-02
1.253016174671327254e-02
1.050762669712261739e-02
9.773797086425790870e-03
1.244299018181920652e-02
1.048036122100370893e-02
