1.233827060596874442e-01
1.220981594817633908e-01
1.591430921228938755e-01
1.394342669513224664e-01
1.214279225997341033e-01
1.861071016052156246e-01
1.285449287375434180e-01
1.469073951252165000e-01
1.065860616133754574e-01
1.488395570405424140e-01
1.080337141129190659e-01
1.084137851464394009e-01
1.193100888300457629e-01
1.134993154080029404e-01
1.117157316928606148e-01
1.084117485926738705e-01
1.061369119100764175e-01
1.107581911542410008e-01
1.112154370013637011e-01
1.657235966423539764e-01
8.875620073849317671e-02
7.775088664652796133e-02
8.107610798922382234e-02
8.015692895161441456e-02
9.133732450953722937e-02
7.827708569281285889e-02
7.964708095578822145e-02
8.144609469655705869e-02
7.989451589922624830e-02
7.924413959234112570e-02
7.813425211973192008e-02
1.496555918395804652e-01
1.956023222300122197e-02
2.424781925325213139e-02
1.847595113126179051e-02
2.978307530436436618e-02
2.114330709430416524e-02
1.922307872147358682e-02
2.105305478580542233e-02
1.923951474804544426e-02
2.005958171976252383e-02
2.075773294048354964e-02
2.019131004648494834e-02
2.032275987352311422e-02
1.945302333474087653e-01
1.609962847979847789e-01
2.150876380143099814e-02
1.425019999972859108e-01
3.215365272224178228e-01
5.477037458175650769e-02
9.511864750042513250e-02
1.645975571826447520e-02
1.640256171622601553e-02
1.693715426261721904e-02
1.876663075599652869e-02
1.832145497930270581e-02
1.854782386354421678e-02
1.653114511228410619e-02
1.574443233523179636e-02
1.380463683258774908e-02
7.623493486458325641e-02
1.447247921323791542e-01
1.439787436642044408e-02
3.406223580127084455e-02
2.728474841647473073e-02
1.597202215791141550e-02
1.592760884277000244e-02
1.637745801328846507e-02
1.669448955153443950e-02
1.577787200705976778e-02
1.466358777384451847e-02
1.424231471661117736e-02
1.440057047193468373e-02
1.722161788435880650e-02
1.436989192531228261e-02
1.449203242971663745e-02
1.471360163529399946e-02
1.673213085536623748e-02
1.342409130567852500e-02
1.577964949859084545e-02
1.109987274227748344e-01
1.506474908620113878e-02
3.440235310121052964e-02
1.195821234309826959e-02
1.108360072564266476e-02
1.240033634520718714e-02
1.353959226613053041e-02
1.455882761088771356e-02
1.240943141914820948e-02
1.086923391171621192e-02
1.165408579871088021e-02
1.379654261232896376e-02
1.751409157930317317e-01
1.842518752801086956e-01
1.405771717165709908e-02
2.426461219426876148e-01
1.641286767409932124e-01
1.918723446890368764e-02
1.297270066001919055e-02
5.230064326065501923e-02
1.569230994085069400e-02
1.168776445805782931e-02
1.132215611382864084e-02
1.168458208052989590e-02
1.404904711866458884e-02
1.100715044137270948e-02
1.217298581608378810e-02
1.394388082046107112e-02
1.312036702311694322e-02
1.384867166680745290e-02
1.337461175708371669e-02
1.110696500026277060e-02
6.643397113914227547e-02
1.796455913785756642e-01
1.166580956220071401e-02
3.973236937798511198e-02
2.190196450611970463e-02
1.068155880940025934e-02
1.155456140398529279e-02
1.159896535755724697e-02
1.163437784461692631e-02
1.694519696572316381e-02
1.108309672419375766e-02
1.664522571283795147e-02
1.085499775420353807e-02
1.144441821138324905e-02
1.103687527589326638e-02
1.143169508498327949e-02
1.714941145591633229e-02
1.155633720232851838e-02
1.087487397523896789e-02
1.103270182409210945e-02
1.165533747183508245e-01
1.133828467285780475e-02
1.744247337823707777e-01
1.843826609550055506e-01
1.092458545328549996e-02
2.688034701056616904e-01
1.769436562003099400e-01
1.699119336484044424e-02
1.235131198084590473e-02
1.250824709932737630e-02
1.118131479961924704e-02
1.179824423845416727e-02
1.666133035404092008e-02
1.706714638147693863e-02
1.102001627956977065e-02
1.027487730296969444e-02
1.316411432513458872e-02
2.156716518731980128e-02
2.068939257167368498e-02
1.179888679278698164e-02
1.446109484507886525e-02
1.372939282572687401e-02
1.521738475609141911e-02
1.415404793918500700e-02
1.131483710720636131e-02
1.821906250298397853e-02
2.678177141523456137e-02
7.376436873226228930e-02
1.888553675599973780e-01
1.097691633123264350e-02
4.455302935716798363e-02
2.076022216582012331e-02
1.143168505942231822e-02
1.592367913478815247e-02
1.842843702353996749e-02
1.283246177657505240e-02
1.404360495329294578e-02
1.562473948728950422e-02
1.058779955929495774e-02
1.198185561477000879e-02
1.058001148786654952e-02
2.237157692200034825e-02
1.297710697088103396e-02
2.816866677322586721e-02
1.702867147741063056e-02
1.938823100103872349e-02
1.341703987723464123e-02
2.828076503430544328e-02
5.246228236178537147e-02
1.029780722441624337e-02
1.554838293421097542e-02
1.334097517269311646e-02
1.578282581244371333e-02
1.183650174407626862e-02
1.339578652802361595e-02
1.156312067439408883e-02
1.503434281573406972e-02
1.965167050514122007e-02
1.083472719944748863e-02
1.110172376453039643e-02
1.100384524999709589e-02
2.145343634864774196e-02
1.140572235043869377e-02
1.056144017017989455e-02
1.136913139160751658e-02
1.586505370895369832e-02
1.265003659831420713e-02
1.082678936021837929e-02
1.243439396689176475e-02
1.063739564959474172e-02
1.184058149432746024e-02
1.125074668337024651e-02
1.461741155857765317e-02
1.094002844141874799e-02
1.110310113244522383e-02
1.284550111548470562e-02
1.539158773331193546e-02
1.038796693628031911e-02
1.037341926233950086e-02
1.163614374826018975e-02
1.140389513962080520e-02
1.506954726279176315e-02
1.388510233738310916e-02
2.096770880737824222e-02
1.298330472715451302e-02
1.133455164055728430e-02
1.100123725059925367e-02
1.702797519475691621e-02
1.152741733514274849e-02
1.470979837712882259e-02
2.650813155927615045e-02
1.437931020656780558e-02
1.177508981884909690e-02
1.163982141600359080e-02
1.145416193046389260e-02
1.119453247990309305e-02
1.995194141982385011e-02
1.336148012244218336e-02
1.730977502910876348e-02
2.131673333169740656e-02
1.589124245484979658e-02
1.232214897241806599e-02
1.731947124003405947e-01
1.808114437517701623e-01
1.071363683131529819e-02
1.331808158753557958e-01
2.919242799631974750e-01
1.070604679878642829e-01
5.235838563660471373e-02
1.517355928038717668e-02
2.012959557598452756e-02
1.701319664402761028e-02
1.194016247033590286e-02
1.383409610117990879e-02
1.518459068832769474e-02
3.024178770562372179e-02
1.074833357473053280e-02
1.038346560058031089e-02
1.673178063655723219e-02
1.091580463881471584e-02
1.130234103977688712e-02
1.124267369516160006e-02
1.231273766296940228e-02
1.264433799611993509e-02
9.360725877233197836e-03
1.194627653757275587e-02
1.181873237398371745e-02
1.297451216439012185e-02
8.316623417106387695e-02
1.614033597193335057e-01
1.975659621795060675e-02
3.402733441663911146e-02
2.308024071619809228e-02
1.337744089458881014e-02
1.404243925497922381e-02
1.411245588615163415e-02
1.231915811459697273e-02
1.097604380340808615e-02
1.130118625988548765e-02
1.163542019775847675e-02
1.061840223817199849e-02
1.195319604440006275e-02
1.152060591096521792e-02
1.162869856424538634e-02
1.190809017352408017e-02
1.135955156952100226e-02
1.104747915127569230e-02
1.266438064892221049e-02
2.011951010470473811e-02
7.664099435876506328e-02
1.288844160462118867e-02
2.311622433434089297e-02
1.226507495929815734e-02
1.224596971901264694e-02
1.370253094233443714e-02
1.232245073748133163e-02
1.157824895145683451e-02
1.269814772040656591e-02
1.395672592130581605e-02
1.198216536570428578e-02
1.374496836405882973e-02
1.170525092314831685e-02
1.852547148174942815e-01
1.768908673095968831e-01
1.068491088014341880e-02
2.496812257883059827e-01
1.766694468007547758e-01
1.860645765771278340e-02
1.260992823035594554e-02
1.229873326977828051e-02
1.162439790860364530e-02
1.106894173148888737e-02
1.138218207501865732e-02
1.156016170426698957e-02
1.195358089089736814e-02
1.227177604480272563e-02
1.314174588816293537e-02
1.145905868649123652e-02
1.182250122111618007e-02
1.200651316926495613e-02
1.140822772476924284e-02
1.171259746876350191e-02
1.169220823054390249e-02
1.165099490772690712e-02
1.074592950179249773e-02
1.137368151656792566e-02
1.196835475402796903e-02
1.117892376231684540e-02
1.185969032521360517e-02
1.114069786808467855e-02
1.177482519475810119e-02
1.234565660743967841e-02
1.094842825970519622e-02
1.073029528762194096e-02
1.150744837563373243e-02
1.154382239654044677e-02
1.122913353367077302e-02
1.182202817577560766e-02
1.155278245388975146e-02
1.246300881303783609e-02
1.219865781045484376e-02
1.141557421876551737e-02
1.108248457276400818e-02
1.336120462772322909e-02
1.160282407855290319e-02
1.080642353305188465e-02
1.226438828783359136e-02
1.233921936198716270e-02
1.715350346202154999e-02
1.632557870028060118e-02
1.172228967935877268e-02
1.471127599559111584e-02
1.394675519332418817e-02
6.315003324652515571e-02
1.790445367523291476e-01
1.161384445788426339e-02
4.232664408261604255e-02
1.829329500957463037e-02
1.268174858017699115e-02
1.589585938554697458e-02
1.286951866683369756e-02
1.159436408913597401e-02
1.057309733043473345e-02
1.127125270382414897e-02
1.215717163118115209e-02
1.169280538505479937e-02
1.257113770014459467e-02
1.289080150931880796e-02
1.123404328017882543e-02
1.774047037091437962e-01
1.704656383950345355e-01
1.181734645407447187e-02
2.633025993792321162e-01
1.791605789048754949e-01
1.766512534322948677e-02
1.178566338599251577e-02
1.116052069620390892e-02
6.420444630314182943e-02
1.968001376273876765e-02
1.386740707467487219e-02
1.247033816675367605e-02
1.302176488681164486e-02
1.476415771312236148e-02
1.219294420447483186e-02
1.272304823787511439e-02
1.134058584898262577e-02
1.146233573350429261e-02
1.240633092909289650e-02
1.094010785946257502e-02
1.108450347818100423e-02
1.121094476042657113e-02
6.377216161772196468e-02
1.746710628158581191e-01
1.678277070316572250e-02
3.996464435738474735e-02
1.781568941500246209e-02
1.204567598419195758e-02
1.172050103084627988e-02
1.299120458449114397e-02
1.405118318476607578e-02
1.446912159038275456e-02
1.560720499224243010e-02
1.332755451793907024e-02
3.019243590783133452e-02
5.497362088336052444e-02
1.151887670970481309e-02
1.524569791499340472e-02
1.531053636443165458e-02
1.330394380854799802e-02
1.453370196339033582e-02
1.468179352535177624e-02
1.388853255269778368e-02
1.397067313737017542e-02
1.199580442215392173e-02
1.273679556909506315e-02
1.304211647700893872e-02
1.184235529889633536e-02
1.608843586512543819e-02
1.320193182220776029e-02
1.232888672847223463e-02
1.180112855235833022e-02
1.289849996549040367e-02
1.193559584853699784e-02
1.457465894368863146e-02
1.169686606712957294e-02
1.371308302619547378e-02
1.380808584305038590e-02
1.258099842654730391e-02
1.236100077915750460e-02
1.522866166969234596e-02
1.207731146068623251e-02
1.178609781441676725e-02
1.233819610607174606e-02
1.196397499446145637e-02
1.138804317536307002e-02
1.241237049180764565e-02
1.236057614237448705e-02
1.329176373883548222e-02
1.159513963950772886e-02
1.213965151813261624e-02
1.347520127692952013e-02
1.368917157200291376e-02
1.593320379573470030e-02
1.534794316231767423e-02
1.376598062654794605e-02
1.547291409080957247e-02
1.929088013462575968e-01
1.770057282942291976e-01
1.167456436725421674e-02
1.345939017599183107e-01
2.984197811233363362e-01
1.122532280121640164e-01
3.730518758083168490e-02
1.377654514896970057e-02
1.613515197056851827e-02
1.484259028314140194e-02
1.386303126015537776e-02
1.212302957420403546e-02
1.184175277422469010e-02
1.290324613710464551e-02
1.180848637683324862e-02
1.318502030124743193e-02
1.217760537972917625e-02
1.330420316738338722e-02
1.275523584011736995e-02
1.317232501703134023e-02
1.342176719720298943e-02
1.177085777111019742e-02
1.465137345490541247e-02
1.236668299546035861e-02
1.336081591649926695e-02
1.568087431855140837e-02
1.309284899485936744e-02
1.382621794588617323e-02
1.391927285216306570e-02
1.327813998482930101e-02
1.269133618342683199e-02
1.487512744161097362e-02
1.452842691825747927e-02
1.326193497708980269e-02
1.312234522871055103e-02
1.214590047616083239e-02
1.455156206051440651e-02
1.329214336188104702e-02
1.455098471970406315e-02
1.269437295945077988e-02
1.260029376183873472e-02
1.121747672857451548e-02
1.316825899538611247e-02
1.189211151785165947e-02
1.151873426535425689e-02
1.124452543190757568e-02
1.135150391693261207e-02
1.176879637726255777e-02
1.242690467673481305e-02
1.836452467483730422e-02
1.173900271526653535e-02
5.849726757495334051e-02
1.809632855313928201e-01
1.284317596416792093e-02
4.255604239553490570e-02
1.997617888005844694e-02
1.110579587252201114e-02
1.194152320805306165e-02
1.254489244307534571e-02
1.130794247427746937e-02
1.386308995874210859e-02
1.191214847573366514e-02
1.148629893733438441e-02
1.543542054939790915e-02
1.233353550260057538e-02
1.138587867261608988e-02
1.184436574879709110e-02
1.195658445499617369e-02
1.123920948345500694e-02
2.985565932944953330e-02
5.574338193538071196e-02
1.075106213706324490e-02
1.258858015316087833e-02
1.382733714150698005e-02
1.107068383552065743e-02
1.139815771819472842e-02
1.031590207984482005e-02
1.213837600831931506e-02
1.118124823665824982e-02
1.380736567371182964e-02
1.284372086946693886e-02
1.307273870883466846e-02
1.329216155684124698e-02
1.152223443646934603e-02
1.154147827755010874e-02
1.526033744807979951e-02
1.153809672814319967e-02
1.469883193566075101e-02
1.850482168913624159e-01
1.758706016049249587e-01
1.805420523122086909e-02
2.545739101729321274e-01
1.779648404373837811e-01
1.590026885878218638e-02
1.514277851574451043e-02
1.326236054266769111e-02
1.297408340890758918e-02
1.295279303774840921e-02
1.362842195386080105e-02
1.265376735791391358e-02
1.449931103988097263e-02
1.225335348585125141e-02
1.259035047511711941e-02
1.290739313371310620e-02
1.264763169510478742e-02
1.223656319028832221e-02
8.453668635246310015e-02
1.528554155481241794e-01
1.284973550685325656e-02
2.946901843385714079e-02
2.987740481390822531e-02
1.472382232343791633e-02
1.638379147831601698e-02
1.295381623474665261e-02
1.652184527670326128e-02
1.553652376392213388e-02
1.278634762058833939e-02
1.288266349933916283e-02
1.285491035159579132e-02
1.262599108256392752e-02
1.346209162802658975e-02
1.197829733440312905e-02
1.250960970366227915e-02
1.318999717625803612e-02
1.251842209926468108e-02
1.214272425852475600e-02
