1.521477893560768957e-01
1.498020786592555442e-01
1.838741065133878971e-01
1.395418582066123292e-01
1.391204628128466236e-01
1.380334642420149027e-01
1.368119089290629475e-01
1.389138596682975013e-01
1.407321510737701009e-01
1.415758532472013165e-01
1.377632300201691029e-01
1.405907508183781573e-01
1.364598604657281944e-01
1.373447934690354144e-01
1.369167647530760146e-01
1.367816738977410962e-01
1.794093365097426396e-01
1.089510635569842928e-01
1.110849392121240620e-01
1.112948053669081533e-01
1.148896873187906925e-01
1.100174377740102960e-01
1.123287289823719226e-01
1.173781692613833777e-01
1.110879050075077729e-01
1.120341727891759065e-01
1.117913905946682496e-01
8.185801549977284042e-02
1.304887448932164247e-02
5.988233263747982232e-02
1.192765442822430084e-02
5.595601520608247011e-03
1.146237550834847303e-02
7.035686445858335691e-03
9.105811947788065158e-03
6.986683847847795052e-03
6.871503144381611861e-03
8.326784801396022728e-03
1.435845824477455582e-02
6.189310632620402541e-02
7.292170424667909941e-03
1.884607661563809586e-02
3.651023985947955425e-03
8.520249941520991951e-03
5.620775842568238000e-03
7.557624410447718981e-03
4.241163145866478669e-03
3.829135820021744088e-03
4.062979205218918664e-03
3.546575508796316438e-03
4.351024420464860189e-03
5.806107432223849181e-03
5.602953633027397962e-02
1.648861872773754733e-01
1.151506202842612035e-02
4.445468255083749598e-02
8.485772978220579993e-03
6.046288777225650515e-03
7.156774865761327507e-03
5.979872528543222002e-03
5.238678524471220878e-03
7.235948049189419758e-03
6.975315520366631890e-03
6.235838215425783607e-03
4.651131787759153237e-03
6.139393555920820596e-03
1.199040925229750802e-02
7.569275932313304645e-02
6.340974755638571769e-03
1.761899292653329799e-02
6.112963983684312728e-03
5.680401951543071620e-03
6.012911010350402083e-03
6.538705167863381740e-03
7.802980717922899240e-03
7.599367008095291032e-03
5.102385855169542031e-03
6.182812999803692297e-03
7.559121521993302992e-03
6.051648199785895910e-03
3.297658633722506255e-02
5.280422655265473719e-02
6.022010107381044544e-03
9.728758981518663765e-03
1.640340965918596697e-02
4.284463217721794226e-03
4.652158477019900130e-03
4.738083688965754811e-03
4.485406515709619915e-03
4.512292924777417183e-03
4.154413693512138371e-03
4.486121035373985891e-03
4.152234479211422587e-03
3.850638501298507890e-03
9.414183955022230321e-02
1.205763145850413526e-01
7.186959518543271398e-03
1.797962238909318888e-02
2.374863401545359437e-02
2.305310560380365460e-03
3.331092925948459741e-03
5.056580766878687044e-03
5.059600492969573184e-03
3.848241004206598252e-03
2.938438001051595257e-03
8.799665291029386271e-03
3.966709084189184824e-03
3.229375935108891836e-03
1.066769337571572551e-01
4.702445782799913841e-03
2.598325407595067707e-02
6.189404490304628581e-02
3.389883511395762761e-03
1.003151017212902153e-02
1.059171656835746454e-02
2.833579523311184015e-03
2.651254263178479467e-03
4.288097192470485125e-03
4.037581799983785968e-03
6.081454777221668127e-03
3.472934740714599469e-03
3.084759327393624649e-03
4.198324374546809172e-03
5.460189286026949362e-03
4.423593741360512012e-03
7.193036197155706912e-02
1.474416042426894002e-01
3.367559622118865541e-03
2.951282151505537493e-02
1.370656010152775800e-02
3.460038326808524602e-03
4.288167472233489139e-03
3.312327665108757025e-03
3.135875435385516476e-03
6.253038042322889810e-03
2.911767380165676718e-03
2.983143763907021139e-03
3.181864980226776878e-03
4.011577454709115524e-03
3.091937819921296120e-03
2.968839406301201477e-03
4.005489103516576485e-03
1.853472430417489603e-02
2.973371925323824161e-02
3.487443920246239681e-03
4.502633239740209264e-03
4.678706719475749301e-03
7.362073434681861046e-03
3.073673550876494451e-03
3.307810236505698276e-03
2.838106502766224015e-03
2.776955323019344567e-03
5.227707236666236795e-03
3.595227865123826628e-03
3.414607772426299630e-03
3.123059524419593766e-03
7.708182969345358376e-03
4.161201862778808255e-03
6.941295305561044453e-03
6.145207656733629037e-03
6.441100687894901582e-03
3.079932983058592064e-03
3.239781170014217199e-02
5.148470083495030464e-02
4.044226834401380179e-03
1.159156471779589082e-02
8.018345710911822105e-03
3.449873849824753539e-03
4.256016702460860800e-03
4.203135756879331116e-03
2.867835063336761185e-03
5.378597424255161970e-03
6.687045190797305874e-03
5.422137633650525763e-03
3.708507775956961221e-03
6.781839520021220973e-03
4.978577971427739120e-03
3.328372722296777525e-03
2.791371190422410001e-03
2.701758468245340789e-03
7.005310709994930218e-02
1.425128962108947461e-01
5.230143476112488442e-03
3.343536116844240957e-02
1.227558135264055980e-02
3.566305093462300482e-03
4.200069831196664299e-03
3.525242489292810741e-03
3.235095567112691774e-03
6.294675431820502542e-03
3.905744832650341527e-03
3.531072473612426738e-03
3.281518424058532408e-03
5.027374126799488696e-03
3.890000132924582594e-03
1.086286652137334954e-02
6.271322354778517683e-02
3.649399812948015548e-03
9.619779021172922967e-03
4.998505275677908762e-03
3.444645519539519564e-03
3.050372911499310905e-03
3.091993563520128475e-03
3.927059320788058548e-03
5.930529253027508156e-03
6.781260473633341640e-03
6.068396639807992383e-03
5.973720742071484194e-03
2.880741026816797945e-03
3.389158034422074754e-03
3.081690372817029629e-03
3.125441530105084464e-03
3.270727543171535884e-02
5.970762316975217893e-02
2.946416448370622193e-03
1.258636518532436736e-02
7.625503953476304476e-03
4.031821685620010955e-03
3.904186811751353663e-03
3.477935454250010144e-03
3.773356288487027081e-03
3.982909078953402598e-03
3.613706439446923244e-03
3.481840913047741948e-03
2.920652307522507603e-03
5.038729991940212732e-03
6.019594790573731119e-03
3.505783232901657758e-03
3.145755993165031631e-03
5.711649120543886571e-03
3.705242007254462740e-03
3.217361961467283139e-03
6.260507951265626390e-03
3.818715152948734277e-03
9.441583095756196295e-03
3.292539350832901501e-03
7.632378713321325003e-02
1.401176922727769003e-01
3.721072396380042252e-03
2.639484007398887333e-02
1.625940825261028289e-02
6.402156308797826711e-03
6.315722708830546518e-03
4.298583682182755515e-03
6.010801238460004858e-03
3.872154198808115417e-03
5.677330665621922560e-03
6.266838362031000934e-03
2.969133560140306636e-03
3.987137035544203838e-03
3.272855355058379261e-03
3.841233900283051554e-03
4.646832410229394771e-03
3.493378777379316409e-03
4.080833243988174139e-03
3.842564336717012481e-03
3.280049987103286421e-03
3.602540696698449361e-03
3.503469578797941374e-03
