9.588194125988293293e-02
9.697122241073713456e-02
6.317742359150589626e-02
7.143740618835579814e-02
6.606762059045245827e-02
4.649935380187104894e-02
4.807846172964682502e-02
4.749081450746984318e-02
4.440958914467672131e-02
5.135280115821555524e-02
4.875891874851432523e-02
5.444246274737567226e-02
4.921648493441882488e-02
5.278496462633814473e-02
5.297978383327292540e-02
5.196972956932784798e-02
4.356299179099241622e-03
1.827552911653954892e-01
4.336189871397027294e-03
4.538535343676323996e-02
6.424257297120592076e-03
3.095596081603285265e-03
2.815069088269631092e-03
3.779927359250614266e-03
4.045408195536849202e-03
5.561287692493201498e-03
3.033534028546454753e-03
2.782715987632759704e-03
3.039627415313639423e-03
3.222361442666541419e-03
3.262734992026294217e-03
6.147174752554734715e-03
6.046885467881543512e-03
4.583472918451533470e-03
5.092768869280049973e-03
3.732425023172685277e-03
3.775075467092040525e-03
3.620358690090417705e-03
5.796278184154545106e-03
3.099081803422105378e-03
3.256551137053480434e-03
1.008902166480009008e-02
4.075923227826921957e-02
3.856797130016955018e-03
7.399870560249352351e-03
2.999421967916701594e-03
4.353381556637563217e-03
3.299140945135064281e-03
3.177848584892241889e-03
3.022880036090171574e-03
3.788132559182192348e-03
2.597172572537270654e-03
2.538016706991074335e-03
2.648680129463672900e-03
5.854426445355579052e-03
3.036334464898763491e-03
2.758464563229276554e-03
3.289963269314074429e-02
1.183036441085794088e-01
2.654652418256627650e-03
1.238441266920979784e-02
8.585730043422936872e-03
3.032065710676079637e-03
3.226735321274845809e-03
3.213476403667604384e-03
2.637514860795546479e-03
4.925768644649925095e-03
3.071571073871309614e-03
3.531883731464368660e-03
3.372439192830218018e-03
3.523967722681878561e-03
6.932761239848888972e-03
5.893780487384489043e-03
3.413955955238539945e-03
4.981469088753741857e-03
3.189145050342852717e-03
3.273806349191553042e-03
3.297491337102507851e-03
2.721104923725591474e-03
2.865066226888706487e-03
3.038355741832113495e-03
2.944750353173100025e-03
3.481771875997850471e-03
5.957658757753559776e-03
3.145629809567079653e-03
4.798066586468634209e-03
4.852375628503917231e-03
2.023802278986731526e-02
5.653346961778216162e-02
4.147477116918887874e-03
1.523401735474609088e-02
5.912388964879143789e-03
4.100808676135255480e-03
3.371842759798370382e-03
8.376146835921810183e-03
3.726320119480472370e-03
3.667223117404333488e-03
2.697619825103945729e-03
3.278839367219406765e-03
2.981749768142862370e-03
6.871120062830792311e-03
4.060730841964500099e-03
5.848834392233612928e-02
1.672817060443479442e-01
2.966881726006900203e-03
3.334682002138589924e-02
8.886937093710882071e-03
3.410806379389144834e-03
4.963876012113592993e-03
5.163920095214795912e-03
5.899427967439360883e-03
5.082121841586239273e-03
3.224232447759110658e-03
3.385547801164707528e-03
6.551016093347031277e-03
6.357011616946100195e-03
2.840236796586757817e-03
3.121454283518166044e-03
3.233010787908502902e-03
3.070676651810462423e-03
3.013214668165476243e-03
3.243074619530152310e-03
3.079219476579415048e-03
3.074352394266384111e-03
3.327836446952346476e-03
5.825089237820376548e-03
6.213554822784366632e-02
2.615738214704589875e-03
2.351422443355925818e-02
6.843672141050630153e-02
2.828203402090052714e-03
1.187903242957993183e-02
7.477836654821700194e-03
3.507833428796587345e-03
5.036360408709582813e-03
3.023462984038861878e-03
2.908247844107298904e-03
3.176622406737451484e-03
3.074303010685129449e-03
4.179953529018878323e-03
3.616147160536151324e-03
3.223045084258273438e-03
3.059850328165637703e-03
3.064944747313779003e-03
2.989595480855439507e-03
3.104529231594122755e-03
5.293607406086244145e-03
3.090451899897740662e-03
3.084597124655629255e-03
2.566718468410512585e-03
3.144482802946581279e-03
3.732118293111208462e-03
6.030075110665947084e-03
6.556411486282551389e-03
3.087327409731420620e-03
2.927476011417034889e-03
3.092440032959204929e-03
5.083464270947874591e-03
5.497828128923497489e-03
4.900016394049472833e-03
5.703079294770129967e-03
8.542295489062186331e-02
1.493073885226974540e-01
3.575164627437700787e-03
2.512229361183568321e-02
1.799044730056865646e-02
3.274080610580197906e-03
3.169695197561107815e-03
3.141251807666827368e-03
3.338013891428825205e-03
4.622112825204078949e-03
3.211353904692411387e-03
2.819371563492935242e-03
5.127976023948091142e-03
3.622141131382929004e-03
3.168717491586416253e-03
3.053504537156129760e-03
3.370905089441727891e-03
3.031360214994048910e-03
6.203316608104242694e-03
4.337782767662379073e-03
2.722821561082748240e-03
3.730973734327214329e-03
3.670944419497971720e-03
4.159544460019202680e-03
3.487906512581677877e-03
3.610307857778874939e-03
6.231856399955523589e-03
4.781177461818000678e-03
2.789316243122179524e-03
3.197617709551944364e-03
2.723748983835103023e-03
3.027028960432293775e-03
3.275298015493393732e-03
4.328962273228403011e-03
3.648783086035145649e-03
2.526089961423194988e-03
2.833218734223590107e-03
3.064589530100814748e-03
4.655955683116268229e-03
3.284705789984103484e-03
4.608188159957685159e-03
4.641897713333644621e-03
3.929055576727838971e-03
2.635881713476080808e-03
2.418624457527190907e-03
2.955025436894491517e-03
2.500658793316712456e-03
1.766746841463271919e-02
2.724912349609360379e-02
2.381274954477986729e-03
4.731331273550645755e-03
4.478930880587825639e-03
2.554146665196905565e-03
2.747163183982674964e-03
3.010480249033675466e-03
2.925523408110888152e-03
2.327543267362164586e-03
2.849552697824389406e-03
3.341315707330792112e-03
3.524820087802863194e-03
4.652510635646052613e-03
6.155557473641566808e-03
4.617517862577672286e-03
3.471337029972694152e-03
5.259515616628851475e-03
5.527979965127977242e-03
3.909174224256112447e-03
4.241368388128346871e-03
3.999160371351116738e-02
1.279167526001853405e-01
3.542237695436861473e-03
1.574320476053898618e-02
1.259420989964495259e-02
2.858993486653697152e-03
3.479027446181396505e-03
3.368781868413683357e-03
2.886203617040354955e-03
3.191358095832940583e-03
3.689715062435573734e-03
3.156494118001769954e-03
2.447340327799810838e-03
4.559765958445501262e-03
3.059692325831672114e-03
2.846726560829387215e-03
2.884434025969671682e-03
4.289828715174580885e-03
4.755269602452516162e-03
5.004221765311390319e-03
3.051758558223675952e-03
2.394792566278647426e-03
5.240658755446611118e-03
4.869906123564963184e-03
2.571104176302057859e-03
3.628037416246284157e-03
3.199595764131713590e-03
2.742434839839682365e-03
1.296471304273187630e-02
5.463902489042418709e-02
2.796586702968246324e-03
1.168222331501055436e-02
4.147533944794988027e-03
3.040870945203531968e-03
3.461856986730069315e-03
2.690798643852798655e-03
5.429017210158330366e-03
4.660980095380051411e-03
2.441403730775279675e-03
2.557806889373107420e-03
2.437708442561393584e-03
2.607795240406783014e-03
4.611370605695278707e-03
3.979024548728226328e-03
5.738292567070374037e-03
3.077764857938155175e-03
3.413989630188526015e-03
4.944707520999059441e-03
5.228287889887060780e-02
1.047876079258709126e-01
3.586946547496783298e-03
1.624525184153268603e-02
9.592411975665494916e-03
4.322669769656631300e-03
6.255450884093351552e-03
5.224622235298652037e-03
2.889484697682984191e-03
2.364375471218026995e-03
2.794855956111433684e-03
5.511014170484085026e-03
2.576196335550539826e-03
2.974416694904068008e-03
2.690886562846560998e-03
2.747501712725143944e-03
3.479772501343557714e-03
2.604372135917885651e-03
2.932890064731912168e-03
2.790096936975611404e-03
2.663451100115185599e-02
6.948927798161683156e-02
2.508940399850848046e-03
1.382231451496934889e-02
9.544891562394249018e-03
4.696850421473696899e-03
4.054990208547233806e-03
3.023736647005736706e-03
3.095210180020774911e-03
2.943110153143057781e-03
4.483771404411786288e-03
5.549912855719393509e-03
4.226349138432920413e-03
2.964550233544535531e-03
2.101166626206794983e-03
3.178321607926015528e-03
3.560670291081623369e-03
2.976148651915251023e-03
2.907762103147215962e-03
2.850212447374550571e-03
4.119290965290157980e-03
2.928651619983708466e-03
2.868300623627641557e-03
2.648649928132348202e-03
3.679850582696779851e-03
4.368535622720654335e-03
7.403261592146000158e-02
1.689514093490648294e-01
2.525800071536511010e-03
3.310416834525913010e-02
1.745944684068542405e-02
4.213209507173272007e-03
3.854400100107206392e-03
3.316150735108374260e-03
3.080342062064107996e-03
2.704735231569313850e-03
3.784720410867861966e-03
2.603842722619759912e-03
2.807283809692761884e-03
4.424703856266229245e-03
4.185319188941326839e-03
2.804779071764328720e-03
3.770973216829624948e-03
4.471382380205979855e-03
3.890530531066694643e-03
2.669393627194971245e-03
2.636301820847447054e-03
2.600220814935357786e-03
4.408835912737325662e-03
2.553322423314504774e-03
2.917327842333715306e-03
3.886518397786150204e-03
2.997111860440515065e-03
2.681409038912482660e-03
5.881362559729070606e-03
4.893694586389086242e-03
2.899859308515902352e-03
2.993980089321420738e-03
2.797298668878695199e-03
3.169969177219418306e-03
2.837002463889640169e-03
2.473674100654587888e-03
2.420457806213002598e-03
3.312530742750782915e-03
3.168050166421341064e-03
3.290601146536505355e-03
3.425971808857865980e-03
2.654139064824720482e-03
2.477682595124891356e-03
2.444170101600645281e-03
2.751239845118387106e-03
2.356350516849626577e-03
5.252302973939948147e-03
2.933194340509303992e-03
3.415498066928761463e-03
3.274931020546022805e-03
3.052393078698389418e-03
4.495615469919846639e-03
2.976442811091468878e-03
2.673916000776042998e-03
2.744349837271725136e-03
3.122117722651936329e-03
2.653713897812074070e-03
4.080944292295375815e-03
4.202016161128713234e-02
5.323172711716400024e-02
5.833548654296583959e-03
9.731968740421016728e-03
1.241659036134340650e-02
2.930602216771631494e-03
4.297878644579308099e-03
4.228031024849550519e-03
4.534732535363150165e-03
2.714954318659592528e-03
4.502319784152964202e-03
2.876846066616312470e-03
6.838275261476294171e-03
4.510054049802640630e-03
6.315472472311935148e-02
1.616641610595876410e-01
4.251086680552665711e-03
3.432634961385088584e-02
1.156082638510806844e-02
3.883054083649920257e-03
3.840520260855277094e-03
3.709964993020311002e-03
4.317841908979296560e-03
3.570301555276558791e-03
3.720352934113255183e-03
5.361134657933658981e-03
5.668356877073855646e-03
4.670626057238774255e-03
5.487574276614760882e-03
2.982957424080252742e-03
4.869349330425850990e-03
4.976459803203498421e-03
2.104979258783698341e-03
6.571634099483266052e-03
5.116731223069509275e-03
3.508482918691908405e-03
3.916560705982636420e-03
5.450179477590640087e-03
3.294874843002954488e-03
3.000320529549920304e-03
2.557290217396800472e-03
2.647559785196874817e-03
3.221095708700765815e-03
5.823557333519925258e-03
2.986959254344782183e-03
2.654365039439571076e-03
2.512948153610078308e-03
2.727589468470126722e-03
3.137328000038075437e-03
2.329811471914877349e-02
5.488885887085419302e-02
3.477684628564957012e-03
1.410479945222750317e-02
5.753779913213973723e-03
2.318543041849733480e-03
3.327916637609716968e-03
5.993270447595553697e-03
3.725863988853176257e-03
3.671890168090377257e-03
3.064597655573017380e-03
3.303056384893994675e-03
7.418091013477611309e-03
3.565524243619055521e-03
3.221297424963298628e-03
7.662323764857136357e-03
6.132842339634911669e-03
6.549192378180972163e-02
1.678910825418679920e-01
5.950184818117472928e-03
4.154819343529499859e-02
1.010011230030347269e-02
4.251955968376679162e-03
4.531693344233786273e-03
2.741324723009121167e-03
4.306168915197505428e-03
4.712924836488143789e-03
2.886286622653225047e-03
3.293989109464400423e-03
4.305473000115719699e-03
4.785786089876085947e-03
