8.303165978311452533e-02
9.000947934311205600e-02
1.471907195182190209e-01
6.009802604262345915e-02
5.949373565079203729e-02
6.438259679399120639e-02
6.876893746653486850e-02
5.953352793651396635e-02
5.794524692257930348e-02
6.135727694208285843e-02
7.041991508903168440e-02
7.070655846838064251e-02
5.881350886330218714e-02
1.196908453142082537e-02
1.434114551683071392e-01
1.205221805645888267e-02
3.682864104199311261e-02
1.858373049779760838e-02
1.563688116947714590e-02
1.764457725353661688e-02
1.404191946601034309e-02
1.251866119240975864e-02
1.260884778981188024e-02
1.272188672808053679e-02
1.264560691449048875e-02
1.421573771811765821e-02
1.304351768455789817e-01
1.849043619210492470e-02
4.864999565582315416e-02
1.222495234032671546e-02
1.508249555701500488e-02
1.001862314346495947e-02
1.405577620278339497e-02
1.096802682872616806e-02
8.611718106504901230e-03
9.491574812320531171e-03
1.117175465006783365e-02
9.806050330693271561e-03
9.477475029789064406e-03
9.060516267712372465e-03
1.370990630655045950e-02
3.082275907167650666e-02
4.570191359602517045e-02
1.475289773714640387e-02
1.231485146203334727e-02
1.864461380509897792e-02
1.094036988224873427e-02
9.921868509265120012e-03
9.699959098909680111e-03
1.439239204319186886e-02
9.661383793816790896e-03
1.046374157694569297e-02
9.895895491279765172e-03
9.945280589856660830e-03
9.374324517257564757e-03
8.797031212971113262e-03
9.869165639614823834e-03
1.106587279392644285e-02
9.115264273709482168e-02
9.169604973868483722e-02
1.344560813011162065e-02
1.637764531561151579e-02
2.859923841433001032e-02
8.030659535786705688e-03
6.995562817670999793e-03
1.041780734488079521e-02
1.024211094364642707e-02
5.971100502424109280e-03
7.364479841789790815e-03
7.145586567170209014e-03
7.582839359601833626e-03
1.224206571849585298e-02
1.612765034714459464e-02
7.092592354660055658e-03
1.137893597559706468e-02
9.489236792917415605e-03
6.961807658471100106e-03
7.881243975079567018e-03
6.033360226721655103e-03
1.050923061445676807e-02
6.985811314444374809e-03
6.844317099346827575e-03
6.915177417991037398e-03
7.127628665337630044e-03
8.477088987698723835e-03
6.951697673816818919e-03
7.082416283019749362e-03
2.147708830755296061e-02
3.677005619637029044e-02
6.473417814643009707e-03
1.148323649967110047e-02
7.940750695155780053e-03
9.136463843673007373e-03
7.083297082992151897e-03
8.319012347103702312e-03
7.170375179194812300e-03
7.026617360931632431e-03
1.029880526787809759e-02
7.480842768627768771e-03
7.437629512187249499e-03
7.763727505165566277e-03
6.743098923820850868e-03
6.845267438028628491e-03
6.944111613821903235e-03
1.042822853585215204e-02
6.436317995011131207e-03
7.671885309714521206e-03
7.364987584713505835e-03
6.755337249649012547e-03
7.170621917311304459e-03
7.180341513539704491e-03
6.795702805183767570e-03
7.131575152648143498e-03
7.022697711769069519e-03
1.285215385418568383e-02
1.239558056412220707e-02
7.771070322507701682e-03
9.810727632527622283e-03
1.612894776602815106e-01
8.380279295032015338e-03
3.193698418775777620e-02
4.561059603627981053e-03
3.530517260745468563e-03
4.123347259502627149e-03
9.755082857906032662e-03
3.815991411981792779e-03
3.303722554648353977e-03
3.765951003462864564e-03
3.085696358177463135e-03
1.274097525438498135e-01
3.720150622071940159e-03
3.195541363950166885e-02
6.655483107850145019e-02
3.679810266156366416e-03
1.445163565145150993e-02
8.929579132148731183e-03
7.154095902794397471e-03
4.719116103480178182e-03
4.066293000672928197e-03
7.299600518027736865e-03
4.727892233417047875e-03
3.814765471878975040e-03
4.034805702659041010e-03
4.219811201740023519e-03
5.150472712234037929e-03
3.860799370504564357e-03
4.134107871204457246e-03
3.792292364830801045e-03
5.103802681104192308e-03
4.635403046342221473e-03
3.281947222480663135e-03
3.406604154042767400e-03
3.782664038669135854e-03
5.937627403182993077e-03
9.197109349889901961e-03
4.167683513090086195e-03
8.758928176252592235e-02
1.330137686784099160e-01
1.021966579195527670e-02
2.231478403999024446e-02
2.006282057626501344e-02
2.670329466880820828e-03
5.747863342501977925e-03
2.547678529291304197e-03
2.630493348583182091e-03
3.439356811377538257e-03
3.134957065163523730e-03
5.705919139375547830e-03
6.876387834408911187e-03
9.266116819390978268e-03
5.527773915848009124e-03
4.008852092052213323e-03
3.367485492984455698e-03
1.011255737183816734e-02
5.010972797058838718e-02
3.307422893670015126e-03
6.341038726529349932e-03
6.294684205148791227e-03
3.495601634174770513e-03
2.897963428725241434e-03
4.882023266570025694e-03
3.866285585964131504e-03
3.593366408000924894e-03
8.852251970646761101e-03
7.059715245117394525e-03
3.301687315728566319e-03
3.286993112904549198e-03
7.071965847754962953e-03
2.157888193262602269e-03
2.591635732236831618e-03
3.008891711204660351e-03
3.206445837498619542e-03
1.794208883678452549e-02
4.690343472480950487e-02
3.356924211895297595e-03
8.820203473809323791e-03
4.896132081091480841e-03
6.662783861642069573e-03
3.151071417249495018e-03
3.033389759216304025e-03
2.796115401152951627e-03
2.921566269309771972e-03
3.219229096338006250e-03
3.961073424212555559e-03
3.082121978377230093e-03
2.872785259099068685e-03
6.090903961209692685e-02
9.391611732895784048e-02
5.409446671652566076e-03
1.920332201224846450e-02
1.337262238561585416e-02
2.904273318688868448e-03
4.756469515232452337e-03
3.367002983606497482e-03
5.945847878486459556e-03
6.183570725695287061e-03
5.248081724527353838e-03
3.838475656202329500e-03
4.115461262912643858e-03
3.227213080750203876e-03
3.512359835556066231e-03
4.116368366359894268e-03
3.790755699443820823e-03
3.836821690641063678e-03
4.585235773996295880e-03
7.604016331374927398e-03
1.765598370203464232e-02
5.601366201052690105e-03
4.604681678738807571e-03
7.211792697699478775e-03
4.003621267433010375e-03
3.908647978405828914e-03
3.565222728113537180e-03
3.406564357045695473e-03
2.852217209797872858e-03
3.052034967776995171e-03
2.768419155204883495e-03
3.417828586363868843e-03
2.911619495160443303e-03
4.250033403951984992e-03
4.672865223179999659e-03
3.306487128346549849e-03
1.036318261592380705e-02
3.559264920232171198e-02
3.190436591270710397e-03
6.767979072387495659e-03
4.322844124808609793e-03
2.680960389515213080e-03
7.926419004857791772e-03
4.172913213715331339e-03
6.104783674808937806e-03
6.461388809477335189e-03
3.754577754482761685e-03
3.068098663550613767e-03
3.214724896948890128e-03
3.761764625626425572e-03
3.833188013397840956e-03
3.394606620580124801e-02
1.029302788830204207e-01
3.009989089108475614e-03
1.238631204190005462e-02
7.060090590582941694e-03
7.677539154556443750e-03
7.354661069475380494e-03
8.816991330975281621e-03
2.875986393383307780e-03
3.153668250272258743e-03
3.675955543410946297e-03
3.003833097535423338e-03
3.111024056853653290e-03
3.931615446507761603e-03
6.405060619586309956e-03
4.263219540595073430e-03
5.262052062649796511e-03
3.071904147081255896e-03
6.372300847263159818e-03
3.175002251173618482e-03
3.101859698448103733e-02
5.133447335103058506e-02
3.779428737706608081e-03
8.522586927141501123e-03
8.596443821365751942e-03
2.932565053758680491e-03
3.109060824588990267e-03
2.906124002339801476e-03
3.075217140157282363e-03
2.878048402172117895e-03
4.194548968296044240e-03
9.435185042315902965e-03
3.096817414961250663e-03
6.354583552519336986e-02
1.564902062639294544e-01
2.844517442360123757e-03
3.483987130713527003e-02
1.134030587262080912e-02
4.708754444593248392e-03
1.194802063800898782e-02
7.880437627293583949e-03
6.770386524127461683e-03
4.836804095051338431e-03
4.312220093738338561e-03
3.598982059780879601e-03
3.795153315566663840e-03
8.707693955146506015e-03
3.211102368356074342e-03
3.293282497707712090e-03
3.175144940569686776e-03
3.124621346211516222e-03
7.104099362101159824e-03
5.878967413209344045e-03
6.440867038511225752e-03
4.957746377562872314e-03
3.138191466746126368e-03
3.049701024607789478e-03
2.770052749977069007e-03
2.880624630228840934e-03
2.695009407165748112e-03
3.015173268929069450e-03
2.716540698281609979e-03
4.638759498531388158e-03
4.899697423361267651e-03
5.642974983461908518e-03
4.533142345303653280e-03
3.935450298620878952e-03
4.521448305283214467e-03
7.854757809529119492e-03
5.529569348562297232e-02
2.897448249295053301e-03
1.665369713757700390e-02
3.987362623393416253e-03
3.619041781202036578e-03
4.530493929144707374e-03
3.709303358851942685e-03
4.433843734770012007e-03
3.010633864932905218e-03
3.742909800939085013e-03
5.107652319053428494e-03
4.664293508113690791e-03
2.692545290958769846e-03
4.287064593733580682e-03
3.352960353759674647e-03
6.170193580171166349e-03
3.594555271121870326e-03
3.948294392279051018e-03
3.850422567917734153e-03
3.362906209949119429e-03
3.727919970708138981e-03
3.256318912982110719e-03
3.208171306855877626e-03
3.135186108956468289e-03
1.522703372107128347e-02
4.450858857918803951e-02
4.311065373328262611e-03
1.121518687816756323e-02
9.990234216612915719e-03
4.415629154051955996e-03
3.955359531310117735e-03
3.824849234356653398e-03
3.074227258705313805e-03
3.349889968059661938e-03
3.157131785702057755e-03
3.516080510805027169e-03
4.921898164217904971e-03
2.875668610606582284e-03
2.097508298212496462e-03
3.273432516325096991e-03
6.244013614795276834e-02
9.897083601061711089e-02
4.030118188630264255e-03
1.735076734250448616e-02
1.370812742454514260e-02
5.260224489290481371e-03
3.712357738948002077e-03
4.920787167384815461e-03
5.122866575470174343e-03
3.217098881511997344e-03
3.746445355012055067e-03
3.397122478384136373e-03
3.790066317867409832e-03
3.725026151983757382e-03
3.598251398706251835e-03
4.129809697132267622e-03
7.824297116086856296e-03
1.835899400966006095e-02
3.747924418266058207e-03
7.363574699348500452e-03
6.746707680266158733e-03
8.410066000706373224e-03
5.090196496066306912e-03
4.670486837845002313e-03
3.770326890014344835e-03
4.083378631407368585e-03
7.640863221888082903e-03
4.272294174356584123e-03
5.149780184121243061e-03
3.355182024303287203e-03
3.310774707183448354e-03
4.396996978075605120e-03
4.432460906051668634e-03
6.372458252547850803e-03
6.333376378840385214e-03
3.895603548730987818e-03
1.547145938209907798e-02
3.435571506396819380e-02
4.228132787459490741e-03
7.135036738046940386e-03
7.542903536094424169e-03
3.764320251362629748e-03
4.015382165057789984e-03
6.903637540827714872e-03
3.456703207659743773e-03
3.668948202686062813e-03
3.161424171830732720e-03
3.747801297809790974e-03
3.081327102103681437e-03
3.690008586452837077e-03
1.023459477804490939e-02
4.300444156302655335e-02
1.020727186768343592e-01
4.542060008662219921e-03
1.149232877302748361e-02
1.011139648742901027e-02
3.500543416537429606e-03
5.008973815413333107e-03
4.529742097580759241e-03
3.603522815619020735e-03
3.711050652071610709e-03
3.224786847414171272e-03
3.125885615026239260e-03
3.581743110902306081e-03
4.374900799120156475e-03
6.763569654196163045e-03
3.920863918246672401e-03
7.587255927748838905e-03
