1.861515416082834273e-01
1.829295552756323440e-01
1.220100410059408308e-01
1.534655055180049188e-01
1.226476227200556934e-01
8.919928140969744790e-02
1.343845608043823525e-01
1.903304990391352647e-01
5.790176610412292590e-02
7.853410544283839778e-02
5.740078160699115667e-02
5.863390056566054193e-02
6.020888672303460060e-02
6.457189905336446767e-02
2.057135383250472960e-01
5.819793411842683062e-02
9.582467154513936436e-02
4.984873200060489090e-02
4.886417394018318511e-02
5.234223529256664537e-02
5.170314164040205190e-02
4.921867282968903079e-02
4.975195970215755270e-02
4.943191198965462413e-02
4.909206890353245284e-02
4.973088307204567154e-02
2.633663607982105609e-02
9.573418256416831029e-02
2.474324606970110599e-02
4.038397382268660296e-02
3.110105263978306042e-02
2.554269388032939792e-02
2.373197042811388269e-02
2.667488883132541899e-02
2.540691056663463634e-02
2.441896727197342964e-02
2.522927854829493458e-02
2.489819058054707976e-02
2.466362780633851379e-02
2.574454765390041255e-02
1.691785602356431217e-01
1.313447376127732658e-01
2.504227199501930790e-02
1.218607867244574511e-01
2.719131704120453241e-01
9.801204775796386326e-02
6.095430926184031151e-02
2.220609476269308491e-02
3.248238982847045930e-02
2.395950384694723115e-02
2.346385521507188612e-02
4.221571810162976640e-02
3.353668743501404814e-02
3.191873921092976824e-02
3.512252533617839234e-02
2.607425697828513050e-02
3.209568830321362504e-02
3.098459920116474961e-02
2.526874604113724110e-02
3.444935496680062020e-02
2.346578119187728989e-02
2.478517108749547088e-02
2.613140648728035781e-02
2.599627688005667556e-02
9.354206311951170083e-02
1.279280592643990966e-01
2.837120736310362254e-02
4.500561264247295717e-02
3.444601267179203674e-02
2.930995614769792493e-02
2.334508380028213828e-02
2.813576230971628900e-02
3.370100177053787782e-02
3.220701128308653405e-02
2.665435798165660328e-02
2.927434199066536458e-02
2.549900355220974940e-02
2.641440573831914732e-02
2.499485040622197868e-02
2.550601929688529543e-02
3.429475917882470609e-02
1.398083189601884158e-02
6.660165202606913026e-02
1.122987193162125995e-02
2.579375642509290981e-02
2.189307855270929831e-02
1.129269613638129652e-02
1.125679255469851786e-02
1.512775481180315962e-02
1.860452999210758518e-02
1.011889194549216338e-02
1.203791057930700750e-02
1.541831160300071064e-02
1.316720796982842612e-02
1.779748893833333900e-01
1.595187744056708323e-01
1.143676656722364751e-02
1.359854630013471732e-01
3.291324059234357891e-01
1.049416536906127989e-01
5.119398143486218744e-02
1.289343585614803264e-02
2.040997393480282335e-02
1.461599078398412299e-02
1.411184101074731100e-02
1.573865690181221189e-02
1.129765978835545366e-02
1.141047446571376127e-02
1.183244917231757350e-02
1.791008524222509682e-02
1.817044022035650686e-02
1.055585163685604164e-02
8.137349426095867241e-03
1.280281123016456350e-02
1.153732728481957938e-02
1.307117165209375174e-02
1.178655453189965049e-02
6.162568632267340085e-02
1.748114205330246196e-01
2.512295232014997645e-02
4.726728854166063060e-02
1.679534967714780419e-02
3.637827864474162815e-02
1.168135682634813613e-02
1.276951109540560604e-02
1.258184941321653823e-02
1.177851486734444661e-02
1.287569433521186003e-02
1.463211974012715820e-02
1.091885680788711593e-02
1.573570613279458574e-01
1.171288262738919526e-02
1.796899116788154838e-01
1.864668827871753254e-01
1.165653958085238751e-02
2.521723825403497932e-01
1.852259079297316757e-01
2.161034439449354208e-02
2.258835098971001196e-02
1.838616935218099699e-02
1.343639522099412779e-02
1.572262466428610284e-02
1.106548316365257162e-02
1.180060018612318594e-02
1.267948349916926329e-02
1.843802118055627715e-02
3.276260327350530993e-02
1.807972615599981805e-02
1.071190440250752683e-02
1.051531768304802932e-02
1.091873500131715878e-02
1.047845133109670708e-02
2.213258980422701597e-02
4.637959707414845284e-02
2.013797235249764062e-01
1.161822305250693153e-02
5.031093372107181549e-02
1.724981872088333576e-02
1.066566732605266771e-02
1.276951366445813925e-02
1.037911267169672191e-02
1.083192775538046118e-02
9.821028574536129485e-03
1.117359928575412456e-02
1.156070392591294904e-02
1.074091429299520346e-02
2.038478239341788567e-02
1.427881249371179724e-02
1.089078935146407627e-02
1.034623722290120736e-02
2.017592068911177802e-02
7.596501105811535870e-02
1.546483715549587697e-02
1.793072593735872688e-02
1.150641971024575147e-02
1.334248537644204188e-02
1.018666410722942131e-02
1.008674083495625547e-02
1.155576115927120333e-02
1.078109943608009970e-02
1.101159732268139520e-02
9.786548742080300803e-03
1.056340262300631272e-02
1.036102582811523204e-02
9.975485201430994361e-03
1.077199855057539048e-02
1.863884289553580653e-01
1.827878227591786253e-01
1.580556315101015047e-02
1.389149412826519714e-01
3.349981909838681826e-01
1.021041375569832765e-01
4.361907429708021533e-02
1.125764632543049294e-02
1.390203154189339346e-02
1.154379533347508341e-02
1.203227039214862723e-02
1.066766152087238184e-02
1.040353307927416142e-02
1.007541943146576802e-02
1.086329011511665693e-02
1.040587068596645834e-02
1.114593439830533113e-02
1.113037129903881976e-02
1.018926635218358849e-02
1.086224444816279167e-02
1.215867807468426140e-02
1.065262281256048466e-02
1.092020230747194932e-02
1.001205969394947104e-02
8.315860442538205999e-02
1.507782093453228778e-01
1.016876109358855716e-02
2.808352236152572914e-02
2.290447156750662419e-02
9.901960397984065423e-03
1.136129644210836370e-02
1.304343489287877744e-02
1.124869943293245467e-02
9.929227805842376006e-03
9.916687696539340513e-03
1.219947968225536424e-02
1.198031073549060514e-02
1.091412461559473565e-02
1.021359370789215980e-02
1.018039611906990279e-02
1.200901876236621854e-02
2.048253880598185916e-02
6.639877660968680761e-02
1.015323587941602962e-02
1.351240027665468434e-02
1.092400263664550231e-02
1.055713935017659616e-02
9.946998957154545157e-03
1.131493770729028597e-02
1.727438397484837990e-02
1.445066454428144999e-02
1.133364329467173928e-02
1.616051285441083910e-02
1.318522399164037857e-02
1.278318250554619923e-02
1.321266383614780500e-02
1.251046958251317114e-02
1.243520780977531125e-02
1.102821552189423709e-02
1.978608773427821821e-01
1.789648708540517719e-01
1.180496342969242565e-02
1.365852685570934644e-01
3.328077141816845330e-01
1.009803697138564743e-01
4.590653763578440849e-02
1.187082412666939230e-02
1.119922128690413465e-02
1.134589239248256012e-02
1.085869871180835354e-02
9.897691998205320613e-03
1.063047093241359375e-02
1.140285031111720922e-02
1.148545709578820129e-02
1.139882215538436973e-02
1.160263225839222243e-02
7.292359564031603014e-02
1.639804355573070971e-01
1.037941565626921379e-02
3.519045680696230444e-02
1.959667651029712437e-02
1.154287082426700035e-02
1.796231351506237181e-02
1.347381495442442727e-02
1.407650594285404615e-02
1.154160538167107834e-02
1.135222679690927293e-02
1.111742267583814420e-02
1.089989628592943731e-02
1.099814408165650757e-02
1.298937448424969561e-02
1.196032565107780360e-02
1.159364355714115856e-02
1.082048164421577433e-02
1.107514709179427057e-02
1.138863443367981593e-02
1.062605982643322587e-02
1.013807401414739198e-02
1.043131780220057231e-02
1.013751474827182149e-02
9.732296164115299131e-03
1.157888984156724491e-02
1.445925546840035568e-02
1.693307153170680104e-02
1.067622336833109857e-02
1.758162618864881621e-01
1.869125941230803944e-01
1.234132121343667343e-02
2.464092720410960557e-01
1.593993425344929493e-01
2.686659843534530689e-02
1.293832371973809188e-02
1.149624330427792378e-02
1.049395493922487127e-02
1.081553662920907433e-02
1.000792605044424806e-02
1.040967225450938928e-02
1.051939798476990255e-02
1.024072989829083284e-02
1.111598468982936613e-02
1.053795952824489006e-02
1.037023297271688800e-02
7.247134821106786251e-02
1.687623449393078900e-01
1.052671871335865081e-02
3.370110510750996130e-02
2.111817291351358872e-02
1.237720269797784774e-02
1.396372950556873209e-02
1.098292343860368496e-02
1.074079378077407408e-02
1.142051986344322367e-02
1.169630397576987106e-02
1.674555014169118450e-02
1.059752303446143303e-02
1.502290139153769286e-02
1.152829283679448515e-02
1.064921403639597884e-02
1.028882110881584183e-02
9.851034167706418029e-03
1.026426861178570196e-02
1.087378536481023623e-02
9.742725062894960764e-03
1.060810926711228813e-02
1.232662094811825225e-02
9.983215429783393047e-03
1.090355206633622683e-02
2.886550330648201060e-02
5.691836931131240979e-02
1.036667257838732280e-02
1.367128411996688421e-02
1.274652416079874277e-02
9.589185489106104646e-03
1.074504349806760378e-02
1.005577531534833542e-02
1.528055048017944173e-02
1.029462735959628394e-02
1.230100050617379329e-02
1.192903662163465744e-02
1.232131520455403452e-02
1.033649365143091657e-02
1.016564576069926840e-02
9.639593851777419550e-03
1.922950845996746760e-01
1.779951920946804544e-01
1.001038535237347774e-02
1.340935533567790550e-01
3.168697309711343002e-01
1.115349173244682690e-01
3.699745413074779360e-02
1.110333224314551288e-02
9.892283638050189051e-03
1.261884768311605752e-02
9.914677813820776606e-03
1.015786661440696952e-02
1.040423657066013446e-02
1.024268656553638593e-02
9.759173931774552807e-03
1.014611400915027377e-02
1.024303396683771267e-02
7.356719979609863125e-02
1.645210455472426725e-01
9.912072581029437307e-03
3.515894227233481995e-02
2.046593703968715289e-02
1.285070286325188348e-02
1.303467951639219156e-02
1.154762998341495907e-02
1.196324989569535861e-02
1.232304903859225177e-02
1.090776537153077472e-02
1.093746007673462514e-02
1.108028490783230340e-02
9.818537289246614952e-03
9.687822246000827794e-03
9.369195014131848770e-03
1.010525826723608980e-02
1.197399736317244362e-02
9.708829780423179623e-03
1.259771566905746286e-02
1.221375608719037220e-02
1.005917050350233106e-02
1.070272421917805444e-02
1.035793444130060116e-02
1.107756909862818440e-02
1.440666420556721734e-02
8.482551393093400172e-02
1.788865637188733967e-02
2.425749734559918755e-02
9.815488580929327897e-03
2.174589241265455566e-02
1.265635949723604645e-02
9.366364422231029940e-03
1.029495969925663633e-02
1.899652890564779151e-02
2.501199892287356980e-02
3.811873647419865285e-02
1.527339700986899036e-02
1.314791765670932436e-02
1.612941756753469638e-02
1.810151134319410160e-01
1.831023667128753030e-01
1.402931771904428714e-02
1.224857909089155650e-01
2.973674004346967825e-01
1.246459672038523897e-01
3.242064085550243335e-02
2.972351358098585319e-02
9.897533030899156523e-03
1.588835188862537662e-02
1.072172789586300738e-02
9.999559166253273179e-03
1.045502251195688792e-02
1.069223009857389606e-02
1.054788648915441426e-02
1.016134099993180884e-02
9.377428574049544163e-03
7.435064262286993075e-02
1.651536914163265202e-01
1.035366267100518850e-02
3.611481750180708244e-02
1.802743622865122727e-02
1.024881673365515833e-02
1.029378529402266186e-02
1.133834791362950054e-02
1.121625801738904485e-02
1.146294117065652964e-02
1.124304135793844500e-02
1.011187825310555163e-02
1.045849460531686655e-02
1.326241129323112514e-02
