2.756503487447564127e-01
2.724856529536308081e-01
2.274996860627215844e-01
8.910098670327500081e-02
7.722828654981894747e-02
6.537156085024536933e-02
7.059953557082983278e-02
7.278788800809404824e-02
6.786751493018673698e-02
6.723302454736269917e-02
6.785339433970812018e-02
6.489618325074755778e-02
6.356669741482172398e-02
6.350995170238885046e-02
6.402814644087241602e-02
1.290557128897313888e-01
7.417860551849574102e-02
6.366820473457983354e-02
5.584921456553056107e-02
5.164450781051926204e-02
5.722962315811822021e-02
4.834675043750053663e-02
4.836851941163398949e-02
4.785994498956241266e-02
4.744553930393585056e-02
5.823456441792308064e-02
4.760350716784152170e-02
2.616883614177450967e-02
5.577234689833668324e-02
2.529995690508155676e-02
2.633236521267951283e-02
3.557158561891462373e-02
2.627766121247215175e-02
2.813492879137985750e-02
2.385404403880080765e-02
2.487031689242008570e-02
2.486105038770613368e-02
2.590778496139221898e-02
2.811509736036248847e-02
4.496734390344659001e-03
5.952024122584528842e-02
5.683594267357403723e-03
1.171696892003273698e-02
1.055110841075944383e-02
5.751511051032612981e-03
5.033524962624889680e-03
4.857143576418873968e-03
6.961025289750647979e-03
4.368181188641341757e-03
5.582022002828043727e-02
1.672735972656278491e-01
5.981267969949214010e-03
4.154370799553792210e-02
7.967832318705181383e-03
3.847496617390348209e-03
3.516687913734788031e-03
4.157163437653299196e-03
3.992495317305804446e-03
3.850586039723184403e-03
3.251802251992605853e-03
3.524189001675272388e-03
3.978648108377664909e-03
7.253480950431308825e-03
9.454728680414031458e-03
5.996462359731749743e-03
4.360092880802075681e-03
6.898376564218247110e-03
4.136782470266254196e-03
3.696418908070019278e-03
3.728687597101453845e-03
3.991969122093370730e-03
3.649709877107741151e-03
4.332176645685443563e-03
3.874455401974641680e-03
3.975611583400043975e-03
1.242421079565550479e-02
3.269890676729188261e-02
8.666204741841699449e-03
9.245867161889862254e-03
7.869095485443892979e-03
1.019368813662194749e-02
5.986968104758645833e-03
4.823401275969133560e-03
4.541077777365394412e-03
4.837402551601819971e-03
7.876345918356481013e-03
3.825088930544471699e-03
4.314545841938323238e-03
8.115867311689319019e-03
4.110902570328948610e-03
3.976633166330239763e-03
8.157204079181416129e-03
4.762461258647799484e-02
7.831135188630526656e-02
4.718267811183250726e-03
5.684051743485289687e-03
1.154937332375655969e-02
3.160207460841701985e-03
3.256432810642273870e-03
3.879523508592673357e-03
4.697271951138294252e-03
6.235050377767216608e-03
3.348055767246568750e-03
5.465874564210884516e-03
1.111468805664417581e-01
4.264286712692622744e-03
1.132303441119430903e-01
2.091871138622804910e-02
6.270428335036705610e-03
1.557575832774589220e-01
5.715134289508816412e-02
3.321637912370304854e-03
6.241808421771726650e-03
4.064442390423732981e-03
3.552822981601523340e-03
2.923050108741700494e-03
3.160118168906730571e-03
3.666589224983527080e-03
3.663460538957580281e-03
3.992249722493131092e-03
3.334323570987234205e-03
4.155204668909505926e-03
2.425597453244906707e-02
1.169873575100534302e-01
5.132690010537213979e-03
1.250231533408187844e-02
4.731728011227994378e-03
3.655433209039672324e-03
3.885152283343893276e-03
4.698508005201860321e-03
4.679672050396017392e-03
3.626143091910287615e-03
3.367826965370159659e-03
3.652677163804561502e-03
3.679364331775976122e-03
5.143371320835428417e-03
6.998010670417920132e-02
1.477421070564423344e-01
4.899940335886984223e-03
2.369792821950131301e-02
2.498975536866237732e-02
3.472854398605426923e-03
3.252222499080966583e-03
7.690917222654565163e-03
6.832891676212895365e-03
6.675327120991988127e-03
3.427307232818642500e-03
3.494359535968070540e-03
4.871183489218683209e-03
4.869151303619802425e-03
4.087076572889817433e-03
1.588223181790750574e-02
7.399380852386254481e-02
3.688100136029307755e-03
1.313687053294656723e-02
3.934809197625441235e-03
4.771888841553980319e-03
8.780914483463124476e-03
4.658144545816970961e-03
3.206070209822638965e-03
5.208681716925791898e-03
3.567640445037946126e-03
3.605970299694747760e-03
4.053684691508869370e-03
3.193152242718567350e-03
3.689854124265284484e-03
3.610110321446261678e-03
3.876725056697267677e-03
6.567174423609042216e-03
2.510741727982403540e-02
6.427034621164595674e-02
3.545128447649874455e-03
1.458910399002215363e-02
6.512526461121849290e-03
3.939758153801253653e-03
5.170266770102931696e-03
4.443947269998397079e-03
3.849900776577153995e-03
4.913926607748815567e-03
5.691467980460386024e-03
3.980591648381881509e-03
9.178026186755472784e-03
7.020199035648096858e-03
3.379729866536389671e-03
3.328927082952436341e-03
7.740813921377911501e-03
3.158190772449052594e-03
4.636292924743282140e-03
4.798294365083274199e-03
5.817645414204724967e-03
7.611642712310279224e-02
1.492010629436125169e-01
4.211918133637184043e-03
2.380936183831527247e-02
1.615664463164849171e-02
4.768661463558698799e-03
4.359368685185511377e-03
4.227308240349159779e-03
4.132499633725385951e-03
3.872644704675025969e-03
3.279911969295682284e-03
3.528124486188583854e-03
3.723600058133129474e-03
3.348474449730540724e-03
3.225163839527320133e-03
3.815665891524923532e-03
3.563645583981925585e-03
3.564889355466193711e-03
1.081829198237222421e-02
6.227996927053717179e-03
3.996588420635540859e-03
4.864705444844911325e-03
5.315264262320432836e-03
3.232073481396505361e-03
3.171737106023470813e-03
3.234684698841350063e-03
4.010315709426539622e-03
4.179589834460090483e-03
3.616607922274487231e-03
4.274284249019525209e-03
3.428504127688496248e-03
3.462259350499679710e-03
3.652589626482660810e-03
2.955555058001450765e-03
1.792156179711470662e-02
2.562798220055645740e-02
3.502795867790027724e-03
3.768982333300671065e-03
6.359635936425099556e-03
4.891964552766032114e-03
8.000784376877052503e-03
3.953372399520438570e-03
4.227030204841231327e-03
3.596377467621335745e-03
3.466843280512254318e-03
5.627113552239402204e-03
5.533215534088376138e-03
3.857589032240132682e-03
3.386911324787966748e-03
2.944701632144948022e-03
3.958356908644679144e-03
5.390659924456427110e-03
4.442229514491114438e-03
4.697903505655205009e-03
5.672189193652837913e-03
3.363623918036830196e-03
3.712104415971422596e-03
3.519687637338632900e-03
3.941927641122486281e-03
6.240519946305311816e-03
4.323813091649360112e-03
3.266909751420370069e-03
3.482661618440185524e-03
3.965041886535666804e-03
3.697695146732342831e-03
3.345095536288851187e-03
3.015033813846576798e-03
3.330980233764850237e-03
3.190499845127605771e-03
3.281527052682351332e-03
3.002917805600257423e-03
