3.230140772331380888e-02
3.382553016546307328e-02
2.736944560871406792e-02
8.334285863315572807e-02
2.854842333978016566e-02
4.377438764694943640e-02
2.714446347119293945e-02
2.906788342362492950e-02
2.588839532135275151e-02
2.902063292044146023e-02
2.672804269989573211e-02
2.751188206505513281e-02
2.688992865127162735e-02
2.881416264734380783e-02
2.763757119356535091e-02
2.476811786961987533e-02
2.865612438550636451e-02
2.934346460335019238e-02
3.067472694231069760e-02
6.809017333310958542e-02
1.325962508722850486e-01
2.840492862351734829e-02
6.530479031561735315e-02
2.588284856159116590e-02
2.604501837224934557e-02
2.089902977197026848e-02
2.012103749987631876e-02
1.969769167072377147e-02
1.979362880826696092e-02
1.926133319220748805e-02
2.211159189540957970e-02
7.935874706261214495e-02
7.045209784024154820e-02
2.295468973191643405e-02
2.108727913669779935e-02
3.240485168407553074e-02
2.266666880869781797e-02
2.626065949908891126e-02
2.410881018738376264e-02
2.885729761216025702e-02
2.509710562455921834e-02
2.710674543267713524e-02
2.142833841719933921e-02
2.313063566167540899e-02
2.159201127681837848e-02
2.560115251759560728e-02
5.219610695462557903e-02
5.217015341482111011e-03
9.757368418921878728e-03
5.842445095598133506e-03
6.683559004120569712e-03
5.868081695736042380e-03
7.153801065186404448e-03
9.472012508158733982e-03
8.781486249602806979e-03
5.640287834905203038e-03
5.684352151837894843e-03
5.649398272354832183e-03
6.299750162248481805e-03
3.547989259990125266e-02
8.223139814906932354e-02
5.801718518640120413e-03
1.461813858752219336e-02
9.255435618140239740e-03
5.748337033281845226e-03
7.981394234006577298e-03
5.366371318312149197e-03
5.329542639954686946e-03
5.875982403329212123e-03
5.925760610212244851e-03
5.569558099689291171e-03
5.296205441453581166e-03
5.646535659609841842e-03
6.076959928130676314e-03
7.210880472070429863e-03
7.179961848733006080e-03
7.995122068044703892e-03
2.483541100728321044e-02
6.637549232206799155e-02
5.112465401445727420e-03
1.287284245859529955e-02
1.301338440371734885e-02
5.399229427020833805e-03
5.027028431012997220e-03
5.891305917011403770e-03
6.012563965222988624e-03
5.242651826030185307e-03
7.492739993697017029e-03
5.657902372254458405e-03
6.497230511722517331e-03
5.707427522187084531e-03
5.730528996412622041e-03
5.280837574005243541e-03
5.568964186829912684e-03
5.830415492903097928e-03
9.146895451402264898e-03
9.298788042824015707e-03
9.722114312962437666e-03
5.874715980662317816e-03
1.750100795413294568e-03
5.800229368424687781e-02
3.417634473094016776e-03
1.117569876755933334e-02
2.318476309104937263e-03
2.078964591263427527e-03
2.086010636345838557e-03
2.080795104533093853e-03
2.959928827740083632e-03
1.859156439019373202e-03
3.085347104982113717e-03
3.058963294887832515e-03
2.126371330842969504e-02
1.287287959943211324e-01
1.558687679602475213e-03
1.177217965599133484e-02
3.138302093349126538e-03
2.199263546767417279e-03
2.471691251947517789e-03
2.050861661227311363e-03
1.793189710003131746e-03
1.851282232542603547e-03
1.929219290174976524e-03
2.491310678108028549e-03
2.127993829287080745e-03
2.517381963727865699e-03
2.139142502831201283e-03
2.494868207175651980e-03
2.003857327118200964e-03
2.470093401693624138e-03
4.364460734505418854e-03
2.432640251743618375e-03
2.018553611429462370e-03
1.772108530529596486e-03
2.229685772413310309e-03
3.602985209766325359e-03
5.829790314624789388e-03
2.662655746507627298e-03
2.611917432364867925e-03
2.556533503345391565e-03
2.816365060560300625e-03
4.033948332092668343e-03
2.261610455174633497e-03
1.967678563076277927e-03
1.649735975473890512e-03
1.603662975991082930e-03
2.083016996722713947e-03
2.960861008383370782e-03
2.352794974867822384e-03
2.731548986669608738e-03
2.031270705639817362e-03
4.070336108766419402e-03
3.237103253944989892e-03
2.437290479264696882e-03
1.627970079537889364e-03
2.192661370351281155e-03
2.047661344250390012e-03
1.867709775000804366e-03
1.786421729117346636e-03
2.659984305047259807e-03
3.504314211864322653e-03
4.155075898960989243e-03
4.606313831379479917e-03
1.105421477585524503e-01
2.134403066257409276e-03
2.606950406576623303e-02
4.415198727802926298e-02
3.937614876433024116e-03
1.323917511209292408e-02
5.679674534782274027e-03
2.461379842758703185e-03
2.798853567655871979e-03
2.448125215269129559e-03
2.177802567045495578e-03
2.142958032212472202e-03
1.933860887489178637e-03
2.973617504382474602e-03
4.160431565924249328e-03
2.935245859328475954e-03
2.339339962540201798e-03
2.368414886237321052e-03
5.472771550130818563e-02
1.882125098106310346e-01
2.485252206825068217e-03
4.480711072840201648e-02
8.652052744905618445e-03
4.608366329409121533e-03
9.272499269677183381e-03
7.525234101210292320e-03
3.498137075896453740e-03
5.514251509594382712e-03
5.803929986388393046e-03
4.903349600154430915e-03
6.440336447278545429e-03
2.155153551985570029e-03
2.765632015131020641e-03
6.701780473523582388e-03
2.790342631506542281e-03
2.496352414733667407e-03
2.920375739947998935e-03
5.162902308448368005e-03
6.127032059843297990e-03
2.230695552023277684e-02
1.107607230394159065e-01
2.750437225094568092e-03
1.271637948255301999e-02
6.470740261530945336e-03
2.492881815981175166e-03
4.376110002864066519e-03
3.928497308388640558e-03
4.719454298882369905e-03
3.165933769273187367e-03
2.696173457441625003e-03
2.461945753304934162e-03
5.832086611664044282e-03
1.991775172688897786e-03
2.256818079987061090e-03
2.105843772806446478e-03
2.472736306829826855e-03
2.068589665658904318e-03
3.534110450450833347e-03
9.807865823008816292e-03
5.648284500285672555e-02
2.157286842696247865e-03
1.056213281756690665e-02
2.532055557156799065e-03
1.886950115266859511e-03
1.637709991425259377e-03
1.721474972476404273e-03
1.966374892761617570e-03
1.876842863539536195e-03
1.709649673876246188e-03
2.204979135228688197e-03
2.088474913931590883e-03
1.933166266833214429e-03
3.883391478575623501e-02
7.258879030414892852e-02
2.621818598700099631e-03
1.114103574326833108e-02
1.142503573184258658e-02
1.628352087200005257e-03
1.666482090488551710e-03
1.612083205512351760e-03
1.142378806995217929e-03
7.167530405574113438e-03
1.439022233767876888e-03
1.342570733504323864e-03
2.247571358687509239e-03
1.768727139911812274e-03
2.153878190781156193e-02
6.073487716236410094e-02
1.615781109983306912e-03
1.034156610558897328e-02
3.929719895463769028e-03
2.901139945950536713e-03
4.170785776278907245e-03
1.887308947752905754e-03
1.948541531869968238e-03
1.625483822418074230e-03
1.322896053681233124e-03
1.458863205304411189e-03
1.385093996288129905e-03
1.421839674011680715e-03
1.304100097365929649e-03
1.492501355181497739e-03
1.312871704456985977e-03
2.482275124702864721e-03
2.193512676178973816e-03
1.806402969670933964e-03
1.454692643429084803e-03
1.249584663034456530e-03
1.588572911693573401e-03
1.487429717591060322e-03
9.651004372720503252e-03
3.451026339037384372e-02
1.868618013287496162e-03
6.738898792166480092e-03
2.437142204631421831e-03
2.133901979676294629e-03
3.180876405076484958e-03
3.481418255695394991e-03
1.181394651350226466e-03
1.151973639209908458e-03
1.126609306834906428e-03
2.330633967104761648e-03
1.853609175865009607e-03
1.704176070892735864e-03
1.639388584087882964e-03
1.225702257033532867e-03
1.251937053492694274e-03
1.188027091251253869e-03
1.816169822836528197e-02
1.415572658802616846e-01
5.284108665563736103e-03
1.502523741184625360e-02
4.344198261573522027e-03
1.609352602003124525e-03
1.480129971870257181e-03
1.177828522594721958e-03
5.431438797570587070e-03
1.904172730028745120e-03
1.840337191125823333e-03
1.565138836601136446e-03
1.896872158427488284e-02
5.247405670625346352e-02
1.557208547372925878e-03
1.629503860496921488e-02
3.624635577350081989e-03
1.845830461301532039e-03
5.858795563737378802e-03
2.064465409844048593e-03
4.320836894185190943e-03
2.123387544251958189e-03
1.429114527429036852e-03
1.417646903676114461e-03
1.820454218274729884e-03
2.743818849698473339e-03
3.746498565259116439e-03
4.063232675799810165e-03
2.623195792673004532e-03
1.978760627833359501e-03
2.204020202951572326e-03
2.129153045532985317e-03
6.002639141058196959e-02
1.522852074815410073e-01
1.842110085499632866e-03
2.946537322248040519e-02
7.082829328095089846e-03
2.479934642692319113e-03
7.008258258239891993e-03
2.343343231269614472e-03
1.432407483790454437e-03
2.488856236873851924e-03
1.541938775488907107e-03
1.222053055642888589e-03
1.958009881338671453e-03
1.508457354769398911e-03
2.300426527322993811e-03
1.210130437498962638e-03
3.450941980437281179e-03
1.472202059503408206e-03
1.110669131747600786e-03
3.359547116507929920e-02
8.070622069113883579e-02
3.547795657604096466e-03
1.039983816199048158e-02
6.462742882226575267e-03
2.036314962746005753e-03
3.245152406164581414e-03
2.257357576487233151e-03
1.355915954422982558e-03
2.816832582364254926e-03
1.516639644938322764e-03
1.667605928668559325e-03
1.132517617460144415e-03
1.414206171620081311e-03
2.026255471495545107e-03
2.297177856686609312e-03
5.022116480808160727e-03
1.479223013114091623e-03
1.689927984264835573e-03
1.039331443760509004e-02
5.487136411955210319e-02
1.195084734931529599e-03
9.913943460311902892e-03
3.161329580385903448e-03
1.326993166916877291e-03
1.648014044570136807e-03
4.941644751748874333e-03
3.682099644843220797e-03
2.236844067117499911e-03
2.889681166509710381e-03
1.427514086581120481e-03
1.776100387223922272e-03
1.891835215022811536e-03
1.963007359886745091e-03
1.441257537022860684e-03
2.231614915000403390e-03
1.348441232464542977e-03
1.495104352276040941e-03
3.400461268450054742e-03
1.765634449058578600e-03
2.476043944355325963e-03
1.508047434779314754e-03
1.416285047668180367e-03
1.154054224731813514e-03
1.326069545888907460e-03
1.822459505449395244e-03
1.479865595554936226e-03
1.429804168664781591e-03
2.393667546735306698e-03
3.248395445360599803e-03
1.760123811074437369e-03
1.460151212494794574e-03
1.516308823124146382e-03
1.485801698557237364e-03
1.331687733076916680e-03
5.259900591342205750e-02
9.171468429026603808e-02
2.297098226846735862e-03
1.852130967359635200e-02
9.331523206570916176e-03
3.075956737919025713e-03
3.652774722388377106e-03
2.920510420073153205e-03
2.241820847636119985e-03
1.647390956642508361e-03
6.272180700746218460e-03
1.698995719598903054e-03
1.980672120223419055e-03
2.290227229479511930e-03
1.880193584677339585e-03
7.572734359756684748e-03
1.538374083552997672e-02
3.047104520841944358e-02
1.640009846420152064e-03
5.608463110268529714e-03
2.023198708792499443e-03
1.135134230459049296e-03
1.094760541784057031e-03
1.133471891748738698e-03
1.199848805913265263e-03
3.513465409291781794e-03
2.589764904820531042e-03
2.041176275645638274e-03
1.451950400799454201e-03
7.498109901594674984e-03
4.133623766705039199e-02
1.383036096654004926e-03
8.550055265145583422e-03
3.587280392755370743e-03
3.119615889084480145e-03
2.631845092013681241e-03
3.723498497995708905e-03
2.242309531591554685e-03
2.018721365863496847e-03
2.323291778529313831e-03
1.432275576212837642e-03
1.625623542887242841e-03
1.560615040816349872e-03
1.720478499717190699e-03
1.295801506434927051e-03
1.446274619484942724e-03
1.090333820058115568e-03
1.315438939890360356e-03
1.222253820477581677e-03
1.263383272810957286e-03
1.139748849872745419e-03
2.027524766885952043e-03
1.227546402379701539e-03
1.245236625040206917e-03
1.308814703662742815e-03
3.369963874408860721e-02
1.043168800359335902e-01
1.201428662049490361e-03
9.441378396042912277e-03
5.575762529752628649e-03
3.567526395563832241e-03
1.893865957746987188e-03
3.071450724966806947e-03
6.188224731699549022e-03
6.441375590266680204e-03
3.441679210824462060e-03
1.019006250301722526e-03
1.802143950973749591e-03
2.452223051806511674e-03
1.906559341971547378e-03
1.667114382712776106e-03
5.879348005589932549e-03
3.624584977597456251e-03
1.211977309810713041e-03
1.226561401481468224e-03
1.940820381402767443e-03
1.819388156893855671e-03
2.763782560601695058e-03
1.479865926133779822e-03
2.394060493001821596e-02
5.431364491968310171e-02
1.397191448986026194e-03
9.314766286995233499e-03
4.723048790245639415e-03
1.164839217182217284e-03
2.501583410133101457e-03
1.453195409724826991e-03
1.273056389820469798e-03
2.384291809503291410e-03
2.162585598291852981e-03
3.743756278607031536e-03
2.110488828455648908e-03
1.195256977092074794e-03
1.952655147955386196e-03
1.479045592094387854e-03
1.524677362854807506e-03
6.768864420668929682e-02
1.439639979795016289e-01
7.182718946770617029e-03
2.976382458786927185e-02
1.037537725468583999e-02
2.982842921123256968e-03
3.937585478405976683e-03
2.712808710068511514e-03
3.143246249735639434e-03
4.012049495104893886e-03
2.546254396139867402e-03
2.586784255999058282e-03
2.619633699746020793e-03
2.488638086996495125e-03
2.645483878571425543e-02
9.315163586712471577e-02
3.652218908276104112e-03
1.208289787306830558e-02
2.459596353991727949e-03
2.056011044155319541e-03
3.444904634316340274e-03
3.449021453527418343e-03
2.475803018995371627e-03
5.286856162384651232e-03
5.754183599177013948e-03
5.164959668415198407e-03
1.432836814699013639e-02
4.652285329030542843e-02
2.017588260924812419e-03
8.901135357249390784e-03
3.771614913383185448e-03
4.986675038280354889e-03
2.999301177382126572e-03
1.803957636161116103e-03
2.099895471806204842e-03
4.456946517279293876e-03
2.212519229204232881e-03
2.220900108908512461e-03
1.750991078592820755e-03
2.204871720136522637e-03
2.048166834783816861e-03
1.781229731623604857e-03
1.833624684509347052e-03
1.879766707075211044e-03
3.116231716955115971e-02
7.280596164866602604e-02
3.985777859116136981e-03
1.382889933896136458e-02
7.354832660244632787e-03
2.166946220124681827e-03
3.539556495353648417e-03
2.375573316461437098e-03
2.194435243780442236e-03
2.659858334131343441e-03
2.788687752622977592e-03
2.728264928662870337e-03
2.961401592095852606e-03
1.819184592741190064e-03
1.991156962503621512e-03
1.700198068874251124e-03
2.588622823619826045e-03
2.855556159118639251e-03
2.339932350158251823e-02
4.675079389055738360e-02
2.665886701627043047e-03
7.464013140522230381e-03
4.639814863849392977e-03
2.592911774016176934e-03
5.918452364194738864e-03
3.382949696006015521e-03
4.355987754578638689e-03
2.357494692915576822e-03
3.136129475371281488e-03
2.734050546653311615e-03
4.761682874758485853e-03
2.248712350687608660e-03
3.132527861580926797e-03
3.272188444325630201e-03
2.468925945409848784e-03
5.695155396535086373e-03
2.630802826566623533e-03
9.349875493877389185e-03
7.267797643631664084e-02
2.819594089915103494e-03
1.476134540896420835e-02
4.657747918606632009e-03
2.735946998432004559e-03
2.283190092343489672e-03
2.869048397151226747e-03
2.389532485029508945e-03
1.809717565082898626e-03
2.627446533145125131e-03
2.549920211798627906e-03
3.238908433740962396e-03
4.626741771935906876e-03
3.027113991145457920e-03
3.743093837061799069e-03
8.121502462325400074e-02
7.794402206125346233e-02
1.787690847651067158e-03
8.947001226672921317e-03
1.334392483209266914e-02
1.120806399470078776e-03
1.392581730945425438e-03
2.314873601993734219e-03
1.351785264822362486e-03
1.267620909640724408e-03
1.326741277436792495e-03
2.623527532656120664e-03
1.120274513286329768e-03
2.108601168482647850e-03
3.062410998429981705e-03
