2.026336897451291863e-02
2.071568715956444151e-02
5.129467579343253980e-02
3.246251776035048026e-02
1.867578722082337619e-02
1.619286884642483909e-02
1.913864898343018567e-02
1.516279817663389318e-02
1.495234256830568591e-02
1.333797767215124871e-02
2.012579248407933563e-02
1.968680780188442753e-02
2.211149214564808382e-02
2.189783769905218752e-02
1.787313827292377408e-02
2.122605144658622905e-02
1.774895086747980619e-02
1.164108782451423602e-01
9.989754951000374972e-02
1.413570680329867546e-02
7.580435524688986654e-03
2.711405174248293290e-02
7.217617228255986117e-03
5.269421886132465843e-03
4.644734291854517305e-03
5.216240064991994885e-03
4.802350229221578719e-03
8.822537712226312737e-03
4.992209472605448756e-03
6.109305852173005542e-03
5.094522136093525971e-02
9.702570798695911436e-02
9.753014783902405616e-03
1.214884629955083513e-02
1.665741294002926962e-02
3.714443194028083962e-03
3.168510320955607393e-03
2.808843440566498751e-03
3.472246659275089395e-03
3.722928998904393143e-03
4.163037475317592218e-03
4.203196083154148686e-03
4.309642323215606002e-03
4.153046823004619831e-03
3.451844205766567333e-03
1.293923741210758517e-02
2.766038282277063706e-02
6.757740023508941249e-03
5.597735067470323983e-03
1.119608351625211475e-02
6.321768857554944769e-03
9.810912781067084032e-03
6.161903184172244988e-03
6.409560686213290961e-03
5.996185068844409570e-03
5.719846300658983605e-03
5.398075562832203161e-03
5.879782683187132798e-03
5.893361973240357835e-03
1.038584838105931739e-02
8.617577916519081338e-02
5.272332938414277075e-03
2.228249743842117270e-02
7.014768562722940512e-03
5.100786335605053678e-03
5.206124010279348027e-03
4.615290585830999354e-03
3.495391926687351023e-03
4.399703368523805690e-03
5.389596897039484330e-03
6.507933750830751339e-03
5.690741865223065965e-03
6.341103551732386184e-03
3.449463574368756558e-02
5.266076572175893561e-02
4.449816986021911357e-03
5.737982729113847401e-03
9.310657521664062602e-03
4.526559135643134189e-03
4.414911851718934625e-03
4.402300750719465375e-03
5.252043915111373473e-03
4.370102761344691993e-03
4.639907452187544759e-03
7.461519001504241834e-03
5.240796702155035326e-03
6.855774253222042536e-03
4.860913277073447211e-03
4.441940377564678431e-03
4.213293508323551553e-03
1.825252738697661498e-02
7.509710712085768125e-02
4.953179864782376179e-03
1.346860000297907603e-02
1.269604703321935285e-02
7.420248995671238981e-03
6.385588009969078715e-03
4.498401672726585337e-03
4.522207056897625810e-03
4.688921843108831422e-03
3.942660166473231642e-03
4.951868906516097325e-03
4.415868060838495576e-03
4.735837880223693966e-03
4.083547639482188428e-03
4.002818154929012329e-03
4.327587394406933255e-03
5.225674625019682308e-03
5.605511202282855050e-03
8.286754213935659807e-02
1.349325354499822383e-01
4.819040573712422316e-03
2.872876990561434168e-02
1.757800005356633180e-02
4.149373174348214288e-03
6.853793869698423039e-03
5.155354413005396388e-03
5.515132019540459375e-03
6.393629574190409261e-03
3.704399685858259222e-03
5.589959254910597218e-03
7.738777850897136240e-03
6.647315838992902924e-03
4.895138807157037655e-03
7.251426188307135562e-03
6.016677358830099971e-03
4.227571860908485579e-02
4.066307373518249224e-03
1.112307424628302191e-02
8.436484674861746691e-02
4.940314463181243697e-03
1.897981255563239988e-02
3.380752510114245438e-03
2.227016002982977645e-03
2.536947174990203217e-03
2.262994166039084334e-03
3.671299803649472754e-03
5.160520779768459042e-03
5.946280402272926743e-03
4.013032278732391912e-03
3.152069463547796900e-03
6.610720782825732500e-02
1.290117979479500354e-01
2.962923598338578456e-03
1.824102725448817353e-02
1.707238854630053690e-02
4.896350369989779100e-03
3.043535435980970066e-03
3.317161828244368383e-03
2.646536894005461354e-03
2.464629564719438178e-03
2.507173741200516021e-03
2.841161097039611189e-03
3.161902130109628221e-03
5.676383471370014325e-03
4.070295129422386686e-03
5.594741131066058477e-03
3.328774450630840858e-03
3.454790071041690443e-03
2.382946543567823067e-02
1.318341638041620745e-01
2.311973280909794277e-03
1.871754372982357625e-02
3.687958572377173731e-03
2.246968175111146299e-03
2.170926220875009794e-03
2.979392680771004651e-03
4.766570177349047262e-03
5.337426740410633995e-03
2.077459497407217661e-03
2.887860041878503609e-03
2.718628388902467365e-03
2.279389951672227289e-03
4.353567343018883290e-03
9.094571134858519396e-03
3.202574547726393106e-02
3.208981765891247197e-03
5.647642238095604457e-03
5.007742306698378422e-03
3.680436264850599822e-03
3.812840040393221819e-03
2.913352473457453493e-03
2.987107188541122515e-03
7.611686189854656621e-03
2.734562235992112848e-03
2.943027172785659881e-03
2.369427706619135938e-03
4.392611855681311656e-03
2.763538752766971866e-03
2.486435181349428911e-03
2.419954937611866388e-03
3.748289227018607606e-03
6.824966326106027617e-03
4.120726862744193697e-03
6.663415639467004312e-03
7.546896155653008698e-02
2.017006900685300655e-03
9.431143953171846478e-03
2.314312701357910344e-03
2.259601462953396943e-03
3.613267265457487890e-03
2.984356429792374074e-03
2.235559156222314842e-03
3.352298840004364327e-03
3.146636508885282835e-03
2.384973576237724505e-03
5.754368644168005552e-03
2.734981508662435567e-03
2.392336502446065338e-03
2.426343944403754928e-03
4.445907501949179080e-03
3.274329869421249706e-03
2.916184512520424588e-03
3.047137582905210321e-03
2.276935056534881274e-03
2.466512094939643084e-03
2.687118164892534581e-03
2.278948934123170133e-03
2.249896183007917341e-03
4.902123457996582917e-03
2.862799703540518017e-03
2.652612697435330347e-03
2.116612476101887002e-03
2.052208056092526701e-03
1.965009578338367847e-03
2.487021693052181466e-03
1.691845727673802705e-03
2.029701921670235866e-03
2.130864996134911211e-03
2.276246635843129883e-03
1.959502086159621223e-03
2.346336878145424080e-03
8.426352667605885305e-03
6.486928681713615558e-03
1.856138802897441473e-03
1.661361042543020410e-03
1.926973798221021626e-03
1.674459204360765480e-02
6.651942452648341997e-02
2.486215533101946654e-03
6.594640065258225610e-03
3.576784856416238226e-03
3.817278858831640691e-03
3.363205786644481079e-03
3.035298494786840481e-03
1.929332885206110201e-03
2.273278123090539168e-03
1.854105728043684790e-03
1.914154338216652760e-03
2.637049127152835820e-03
2.102511967824608266e-03
2.099526605349758598e-03
3.260686288159270804e-03
1.747416997796038185e-03
1.720240949532163667e-03
2.057033601041880107e-03
2.684640937358872669e-03
2.429929323857373674e-02
6.469840421826568433e-02
2.365679269992504354e-03
1.245920254936094818e-02
6.400620444231693192e-03
2.506837823695968245e-03
3.202335655038484989e-03
4.345807323172899174e-03
5.051337451237042017e-03
2.327445365721776249e-03
2.051789182995866333e-03
2.947397344546984731e-03
2.047810292531938078e-03
2.105370715504938789e-03
1.902997829088986289e-03
1.776263465788893714e-03
1.678339443033427698e-03
3.004162605614784775e-03
2.170668527550446199e-03
2.385424292054943302e-03
5.809622922176029686e-02
1.632715168690560270e-01
2.290315949768560906e-03
2.773338591884711921e-02
1.251326834737064367e-02
2.072851275896238268e-03
6.018875862219543078e-03
3.173906783297689941e-03
2.775006185905111618e-03
2.335206460991551616e-03
4.249144161172057309e-03
3.331519603687479146e-03
3.924167310455804400e-03
1.906743829782699389e-03
2.787135977369829647e-03
2.427184608432755332e-03
2.184551830658099450e-03
1.888130921960932528e-03
5.007132201078009354e-03
2.086822675344731422e-03
1.606311288953432906e-02
5.333518390149406124e-02
1.820415414390598148e-03
1.147706163580103009e-02
3.241815766964302719e-03
1.822887914881366226e-03
1.904167724731222529e-03
3.664901163967956756e-03
2.342981706070761377e-03
3.597438574884793960e-03
4.479188905836773045e-03
4.070164484516006556e-03
2.601018914591663334e-03
2.559755229303158856e-03
2.782943701445440756e-03
3.450449673713668584e-03
4.764874814336880586e-03
2.575015973432915814e-03
4.562377809311359521e-03
4.147996969193993438e-03
2.487363815696241702e-03
2.427225109886666475e-03
2.652908920054286059e-03
2.956278962665924524e-03
3.181505072170481667e-03
2.214799525589070898e-03
2.566651416755679101e-03
2.438624036508160991e-03
2.296151042907215722e-03
2.023150935631451257e-03
2.651370793443084354e-03
2.676468604556542404e-03
3.094389974238451104e-03
4.617108329619704771e-03
2.336077133921651752e-03
2.367111717772070814e-03
2.451701639417401980e-03
1.841611038225799638e-03
2.684893167124432177e-03
4.594096626665111933e-03
2.376069439016738512e-03
1.915492679865727060e-03
2.276237709775542559e-03
2.326402426958093864e-03
4.469029827313081987e-03
2.066193525676883122e-03
2.813112545828105361e-03
4.049490890413492278e-03
2.300135556111168860e-03
3.184033157478330898e-03
2.696300797792779320e-03
3.554951977906686822e-03
2.249405387028654679e-03
2.962154125892877549e-03
4.491907788569067528e-03
1.886963927885128289e-03
1.813494300517581653e-03
4.717469093502058702e-02
1.294907739363199972e-01
2.338272675775301349e-03
2.616676680341183461e-02
8.696497709154914560e-03
2.512810374682154964e-03
2.843087618522672968e-03
5.109450177419922259e-03
6.437966329675707568e-03
7.777893996852756724e-03
5.803720433842340584e-03
3.509051795861526865e-03
3.011050341620533435e-03
2.611146530471002581e-03
3.322997299824095516e-03
3.670712169360444092e-03
3.597313748916857769e-03
2.669885024223781714e-03
2.158088655826609012e-03
2.463877068727008193e-03
3.623870043597353548e-03
3.041866669514848784e-03
1.975075430010067665e-03
2.011222834451621960e-03
2.268102836187393771e-03
4.475959093440434917e-03
3.614704780634866044e-03
2.717374208539311345e-02
1.102226459947101972e-01
1.948234969698372458e-03
1.359266366472916716e-02
5.816799145039178685e-03
1.995387639487525375e-03
2.443687843083938542e-03
2.302154374126343019e-03
2.326442792647206298e-03
2.242534110184509107e-03
2.439436826210624343e-03
2.196712552048918701e-03
1.968516661955058492e-03
1.990135749781768004e-03
2.165118492609757837e-03
2.712973255635164980e-03
3.213084673094797512e-03
2.256494457181858291e-03
2.563606890594343022e-03
2.180953221382502406e-03
3.702915139386257076e-03
3.202090574587300367e-03
4.009521038485717483e-03
4.303762035135128353e-03
4.820389674502435252e-03
4.190300213703325102e-03
2.114346867936162198e-03
2.043267836007763971e-03
7.063311105946543274e-03
6.428965734019029613e-03
3.869134902083354831e-03
2.275145486124070804e-03
2.107808187126268117e-03
2.198440613832507249e-03
3.139256388731622837e-03
2.379265708923456162e-03
2.939663561394142022e-03
3.120649185008005522e-03
2.089426236675330940e-03
2.022724840762898154e-03
2.092964019046013573e-03
2.165900572909859427e-03
2.095738429621750703e-03
3.702943859546848834e-03
2.623400587975927619e-03
2.921980020802526171e-03
2.315628110706199980e-03
2.680279624880338267e-03
2.714390807456898771e-03
2.620003384945828340e-03
2.045663396554034483e-03
9.337616878115040722e-03
3.059583999979458360e-02
4.805713074699925584e-03
6.018033787029924628e-03
5.938601336384688283e-03
4.132549120659167671e-03
3.497111198733696396e-03
3.757131149555148573e-03
3.759730303241502845e-03
4.323293963276578049e-03
3.601787542860166932e-03
4.964711884083868737e-03
3.584180768571204687e-03
2.537000687726640585e-03
3.913747492762754618e-03
7.982751198865174064e-03
7.629311328017607252e-02
4.785899588010415241e-03
1.473706432349836115e-02
6.038052435270867442e-03
2.674968103254378796e-03
3.743615334814483480e-03
2.937876081741548281e-03
3.169734447793682783e-03
3.022220784226235975e-03
2.886639835606749464e-03
4.815405653936268883e-03
3.852101677813934456e-03
3.689473883114273520e-03
1.731342639298509567e-02
5.679479904064260731e-02
3.992346975471980884e-03
4.474379970062287992e-03
7.100944907384144043e-03
3.836238284721531135e-03
4.281229214302587072e-03
5.094855486610898841e-03
4.778828850111785376e-03
3.194856466117275678e-03
3.007636132863287376e-03
2.910081965106157877e-03
4.058338089080411326e-03
2.850425870823342870e-03
2.942835886559305118e-03
3.193858893238245462e-03
1.911252878992632936e-02
6.162071251576778375e-02
2.778954900470249293e-03
1.201950801271947471e-02
3.472562597802442749e-03
2.661369125819035113e-03
4.436835371127490803e-03
2.456582968543051439e-03
5.152729993698283370e-03
3.968688659343129303e-03
4.091604729502363452e-03
2.081503522244718563e-03
3.377912035809111594e-03
1.982113955675731017e-03
2.590599037731199095e-03
3.851346769462471020e-03
3.076750641980044269e-03
5.535827203646950107e-02
1.469713286298234001e-01
2.631476738066448450e-03
2.396881368842886800e-02
1.553551237166508371e-02
2.251385484802150526e-03
3.634776031720487501e-03
4.731328217363436200e-03
2.946711076997068305e-03
3.289106196464031649e-03
2.693749709997287582e-03
2.859389091466218655e-03
2.901607173641374774e-03
2.939365587704948716e-03
2.819856282372838144e-03
2.400725141253119699e-03
