2.559259766580281314e-01
2.478918768057539745e-01
1.773534460865219264e-01
1.729391713729561131e-01
1.678711885846459750e-01
1.789444997762650036e-01
1.622377805378877325e-01
1.693632885821747258e-01
1.744959261018696195e-01
1.618196931525845705e-01
1.685744914379401493e-01
1.664902647123836232e-01
1.754320003472127631e-01
1.736493746753313971e-01
1.559904183788138887e-01
1.626567201016426989e-01
1.961354503785362746e-01
1.759841393946754151e-01
1.865023225054134592e-01
1.608373346020006978e-01
1.643033744500421167e-01
1.686254222636990041e-01
1.698989014347225823e-01
1.684504715621661652e-01
1.701374732626400044e-01
1.636862656495219337e-01
1.655832377351040274e-01
1.701675112224975139e-01
1.688086373695971698e-01
1.684618802485786382e-01
1.613792070526616218e-01
1.619731503287869800e-01
1.696935024528445357e-01
1.689345196682218164e-01
1.625352641559954237e-01
1.687658246171922782e-01
1.682114534055091370e-01
1.600810859866201308e-01
1.603830901432811429e-01
1.596228319215331204e-01
1.713270455457265584e-01
1.638334600168774302e-01
1.386555620409956058e-01
1.431202114487585553e-01
1.371037313917227163e-01
1.991316663103225582e-01
1.381722821089837183e-01
1.488179417406772509e-01
9.500774624034721838e-02
1.585260381872551916e-01
1.045948676492091112e-01
9.627475680800134938e-02
9.669575744523170591e-02
9.687893268272787517e-02
9.739899413097793945e-02
9.407110439974612770e-02
2.348907303528470492e-01
3.603405521638677889e-02
2.627384960081581566e-02
2.699986270897649851e-02
3.074648626964203782e-02
2.530507787311595327e-02
2.593911477792894618e-02
2.628166202241054294e-02
2.820095855091686241e-02
2.625959466911508000e-02
2.532921534117175272e-02
2.411669472774909118e-02
2.518719103862062172e-02
2.406281837150054531e-02
3.032882294859538808e-02
2.555727551045844023e-02
2.453086270767363547e-02
2.846309617906603306e-02
2.592954056192973283e-02
2.859877861212125824e-02
2.736972908631645288e-02
2.406380128436659202e-02
2.606968067359119456e-02
1.711417738623147999e-01
1.350560416229017180e-01
2.627579397833315622e-02
1.494958356100588859e-01
2.490917706178492064e-01
8.117742995406937445e-02
7.849159321194822125e-02
2.336679319937481555e-02
3.405993791696747264e-02
2.404178498745162401e-02
2.538609406215463007e-02
2.372029160220621991e-02
2.463661742582688371e-02
2.478008901489651278e-02
2.416215270777545554e-02
2.390173632131474546e-02
2.423754020305241702e-02
2.506888390390964172e-02
2.553872711388939162e-02
2.272502721520621924e-02
9.083033127754619462e-02
1.338690200757837734e-01
2.576487498106294974e-02
4.005122145839535436e-02
3.760685620091204495e-02
2.366633176880066081e-02
2.455968273897208773e-02
2.304842557456736676e-02
2.271597486048044026e-02
2.469810709325015452e-02
2.681692094956047642e-02
2.451494664768198023e-02
2.312654125243474024e-02
1.185459319551658008e-01
2.370325482828596064e-02
1.606831902931021572e-01
1.816812915999514444e-01
2.330936153483810849e-02
2.135530906902647907e-01
1.555055246807482139e-01
3.724870983345215936e-02
2.374968903156846403e-02
2.197680273979062474e-02
2.240009218179527320e-02
2.229438693098801175e-02
2.258885952225746577e-02
2.416986982093597899e-02
2.425675897395864616e-02
2.253623512654748598e-02
2.492996750341569881e-02
2.987653944780897450e-02
2.226605935639449502e-02
7.381085152197373878e-02
1.516077856672510271e-01
2.310322143322932759e-02
4.330189679012518000e-02
2.908724612172444712e-02
2.663690584942548373e-02
2.617350981426149956e-02
2.398483135431307353e-02
2.237287784722573336e-02
2.204573380297756430e-02
2.334345267570046845e-02
2.350737905624760912e-02
2.342411815814402637e-02
2.262764902676829559e-02
2.382266008667955487e-02
2.330489610042527082e-02
2.460028988599359881e-02
1.107058657332039495e-02
7.456750533688592808e-02
1.175187768243032664e-02
2.066451685518983297e-02
1.202519475185403336e-02
1.186651091150133820e-02
1.310942916876389579e-02
1.223554193383783947e-02
1.143505997532221451e-02
1.174454973203160023e-02
1.190145652337845118e-02
1.133359866296823094e-02
1.480539134626401160e-02
1.983909351467566251e-01
1.790341579580894127e-01
1.381115452940243939e-02
1.342960742822237041e-01
3.037447582712234362e-01
9.895550612985633265e-02
4.529558062214031344e-02
1.310945081441517411e-02
1.307942376400124222e-02
1.431413981567288517e-02
1.995595802477856742e-02
1.478849693593865811e-02
1.433779890575772806e-02
1.366132170654355861e-02
1.305553429785427828e-02
1.250526195999204782e-02
1.245679065894083302e-02
1.266390009316063769e-02
1.388837655443401695e-02
1.429263290051724020e-02
8.567271216150179614e-02
1.466013365838181037e-01
1.260733517057083947e-02
3.044473926704853450e-02
2.424399344464402486e-02
1.217701623230227868e-02
1.240909965498684583e-02
1.433312628110034424e-02
1.260828643553137986e-02
1.273701270731007057e-02
1.268362482536922013e-02
1.274097339450182449e-02
1.242355004080937693e-02
1.383312371158151692e-02
1.488777419356488753e-02
1.245292326428810645e-02
1.540631340596360782e-02
1.148424350697264083e-02
1.134291130054627082e-02
1.142486819081464829e-02
1.138826391385383378e-02
1.616659282968491845e-02
1.145450568186184674e-02
1.313273115783565939e-02
1.166410472412445290e-02
1.199520695358251114e-02
1.154971348663385439e-02
1.302448089647908688e-02
1.192540229909392832e-02
1.223323027876242579e-02
1.274306535480202590e-02
2.000265554953906399e-01
1.778415786098454243e-01
1.166187457431978707e-02
1.402188532740814286e-01
3.265685514650692456e-01
1.005865815031814076e-01
4.777046571834979438e-02
1.225265685499652216e-02
1.084883125836338599e-02
1.161501141696246603e-02
2.422379032760273859e-02
1.279471003832441216e-02
1.231894623116386485e-02
1.104044337611624974e-02
1.118405064350998755e-02
1.116752911305498100e-02
1.181259834647655459e-02
1.120991012944206819e-02
5.994585835965920984e-02
1.826430767374036812e-01
1.123929819408305865e-02
4.443363248694839895e-02
1.506789375011268091e-02
1.205619575460906319e-02
1.788244841696829887e-02
1.309087658440888889e-02
1.292214638869753490e-02
1.164592831218981203e-02
1.370572028556554453e-02
1.181712913027844342e-02
1.074004862913659382e-02
1.014494363405905875e-02
1.577240964426528114e-02
1.453541698291525158e-02
1.277559452303338866e-02
1.121958152163676087e-02
9.379124814403906260e-03
1.287592308909022744e-02
1.132903671819075753e-02
1.218702994684984185e-02
2.735057787516008421e-02
1.087641152001408984e-02
1.681167111900127298e-01
1.680433669726495716e-01
1.233163546895479565e-02
2.681358291649423853e-01
1.722690563742962089e-01
1.609355609823254207e-02
1.090425548996913976e-02
1.094558517992151939e-02
1.153772885435243659e-02
1.164301134434098453e-02
1.164566725769155923e-02
1.093506989868247258e-02
1.054024142926089126e-02
1.097732541507424886e-02
1.220170875233077788e-02
1.123865713423875465e-02
1.141925641416171276e-02
1.435042152642621201e-02
1.241470830392938859e-02
1.362523032267543531e-02
1.151192958902801100e-02
8.217169874533740426e-02
1.595617564393898846e-01
1.180423531225456221e-02
2.927789759602550043e-02
2.778418134095314226e-02
1.307433322427611899e-02
1.369855620998650450e-02
1.190319884174270357e-02
1.273896574510778937e-02
1.018593142295763469e-02
1.164274654315749190e-02
1.104708815255176987e-02
1.191789405633927358e-02
1.145147151840066393e-02
1.097058106336249936e-02
1.061045022805261889e-02
1.096247807419697268e-02
1.085234915316965650e-02
1.088274800933198248e-02
2.823623819613268679e-02
6.448928405618853388e-02
1.373291558822932815e-02
1.394976193035896671e-02
1.299357269781341133e-02
1.522846028713407268e-02
1.171445906028769322e-02
1.303206335238811173e-02
1.334818395929640231e-02
1.405368228362537629e-02
1.194657431902671971e-02
1.186192168736786498e-02
1.222136912096524926e-02
1.123561837719158976e-02
1.239945383494077229e-02
1.435163415832236937e-02
1.883732349991783794e-01
1.780299475536609721e-01
1.265722070374626466e-02
1.335511823266623543e-01
3.141444689333909857e-01
1.152442331344727122e-01
3.826025096370449380e-02
1.205468363130966260e-02
1.255243722079659938e-02
1.902583317844161806e-02
1.436384294671386522e-02
1.565755225849255888e-02
1.425131277144549985e-02
1.181207015982490074e-02
1.231980404894250127e-02
1.317435072853115341e-02
1.644625112753695870e-02
1.293893207941683096e-02
1.244983536949415340e-02
6.903538596763938995e-02
1.739122417436671231e-01
1.236496187342031594e-02
4.089259478373613588e-02
1.833030151907597341e-02
1.256645616830927466e-02
1.234570910778459013e-02
1.777078836867330633e-02
1.752925191421260756e-02
1.573684444032128621e-02
1.278888231854715188e-02
1.302354810655884099e-02
1.217391764843312775e-02
1.440252166728455373e-02
1.303587276722686927e-02
1.304018788800524221e-02
1.304266514418678941e-02
1.255344604147321137e-02
1.268339378937801375e-02
1.172658250912971510e-02
1.262957884499643808e-02
1.670839524143975102e-02
1.587342908875770744e-02
1.199861527872583995e-02
1.585207174131647578e-02
1.781204249441576890e-02
1.159806353849754390e-02
1.239186720084510182e-02
1.284100232040751889e-02
1.386469998257346126e-02
1.499678760508045897e-02
1.542746458492284811e-02
1.337763203757331293e-02
1.209734754846042253e-02
1.243477147333000958e-02
1.272671447628366884e-02
1.276781368787813578e-02
1.950731781129781961e-01
1.712178595260092639e-01
1.479591275458935588e-02
1.286260382464297081e-01
3.289408049688596347e-01
1.068290264163754416e-01
5.079086442340235985e-02
1.405022616011065116e-02
1.689228684253058291e-02
1.509072659637288386e-02
1.414600393006522176e-02
1.287375414935777555e-02
1.380458106438673012e-02
1.196310321259881626e-02
1.282655244650062615e-02
1.351358986873745990e-02
1.336221766331101117e-02
1.359506278700158173e-02
1.380786609298315266e-02
1.293639076540163690e-02
5.844095072984540479e-02
1.794595397974603213e-01
1.269196241335898354e-02
4.215944310335516948e-02
1.715139296403376395e-02
1.233557939538375975e-02
1.265877929039632872e-02
1.218151554026456786e-02
1.193814227313269756e-02
1.212278585594232967e-02
1.269823425393221995e-02
1.196687994787499695e-02
1.232817057840054908e-02
1.240509285736189106e-02
1.232956746888862719e-02
