1.488815224688045669e-01
1.507500058972221502e-01
1.420139977763375527e-01
1.524310141986960354e-01
1.442555429509263243e-01
1.257304277190562369e-01
1.621034802770101590e-01
1.530774518830073372e-01
1.067575343924870440e-01
1.233811729366440374e-01
1.082509766464138518e-01
1.075115356874282169e-01
1.077012172068969459e-01
1.663452752616308150e-01
9.957796628728161903e-02
8.274312554164622857e-02
7.934500571198652152e-02
8.078796350294516204e-02
8.429495759745524175e-02
8.072795241736858973e-02
8.397624578233460479e-02
8.198671371228992422e-02
8.302975364337844555e-02
8.151367003122404753e-02
8.236505978574643061e-02
8.422886241023719300e-02
1.091679868026998734e-01
1.308976564824327615e-01
8.211444658382840989e-02
9.135175222573296838e-02
9.078398717893708392e-02
8.306413717941929509e-02
8.266083191172526878e-02
8.159395089180157545e-02
8.022003414144607270e-02
8.299875226634875758e-02
7.681066648841762545e-02
8.512943852099312536e-02
8.299019806491761408e-02
8.223248089746842959e-02
8.236103884658718677e-02
1.667412803609933936e-01
1.784934213041077244e-01
8.325139873027506687e-02
1.265384649493568325e-01
2.068886679651000815e-01
1.344076803041742429e-01
1.083814295844694742e-01
9.135509679112663317e-02
8.409526787536822368e-02
8.395239444584061406e-02
8.365187525146844383e-02
8.171903920527293086e-02
8.138009506519003344e-02
8.286101775188636775e-02
8.229564113927693991e-02
8.188341507289023657e-02
8.424595180488880786e-02
8.482557261936152226e-02
8.268217275883285589e-02
1.073673565405346975e-01
1.551861902916137348e-01
8.451982426789834968e-02
9.725054506016533873e-02
8.644426643462581328e-02
8.133578927345211373e-02
8.331613751180241834e-02
8.029512198998660366e-02
8.385915467618211550e-02
8.222178534126199645e-02
8.120393635959045897e-02
7.966147167070319890e-02
8.099358466637179843e-02
8.050902793612960129e-02
1.509863463817891771e-01
1.212606826282516988e-02
1.945213027438096737e-02
1.175121322186706112e-02
1.975142995064632992e-02
1.176755899137573065e-02
1.063742144822477781e-02
1.109602833627129984e-02
1.078009691374414054e-02
1.024322736276019920e-02
1.069158565110756194e-02
1.022116935390787566e-02
2.076483061454169887e-01
1.927981411805644862e-01
1.146218702336886629e-02
1.384703970588554434e-01
3.609047029523103078e-01
1.008304663344608970e-01
7.131778989522735701e-02
1.341953677147192554e-02
1.334340770442977130e-02
1.294454901207386238e-02
1.000650799067763497e-02
1.239534573704479184e-02
1.103439165978003893e-02
1.220305962614406589e-02
1.393682714947834002e-02
1.384664090023507953e-02
1.458165219597659483e-02
1.347415691096327979e-02
1.428567943521377205e-02
1.291664651287339517e-02
1.179988090821540436e-02
1.413687056959295370e-02
7.189777396249397157e-02
1.642417386355183029e-01
1.247599287372875947e-02
3.987687717216327477e-02
1.822488892291265761e-02
1.181212317600791734e-02
1.212253700495908963e-02
1.095927492022987990e-02
1.234875826243202711e-02
1.224669768134840041e-02
1.117068425366204640e-02
1.415609568701078728e-02
1.198995107898488156e-02
1.576399250807321573e-01
1.185177405143240763e-02
2.165284062820966027e-01
1.925069347073671278e-01
1.300249504507335931e-02
1.369997766897177172e-01
3.447234874462757892e-01
9.663272887559198887e-02
5.361582891647594107e-02
1.189309523048764916e-02
1.651608457730340332e-02
1.023119087284574992e-02
9.967943753127287906e-03
1.061185593226881066e-02
1.001170222565861932e-02
9.941131278769742285e-03
1.052328184433440512e-02
1.079560138442161449e-02
1.158846630945000247e-02
1.160612813522136910e-02
1.056924537651123680e-02
8.828720839026979461e-02
1.565155520456479599e-01
9.806784649636662854e-03
2.826960106971503767e-02
2.176372233457295538e-02
9.348732073788961275e-03
1.034314803905337504e-02
9.895996068552223579e-03
9.579177087501979104e-03
1.015343168508141616e-02
1.057934866380441478e-02
1.193456806113861457e-02
9.043076366656575479e-03
9.639552271990078913e-03
1.157953496737542352e-02
9.627379799288991041e-03
2.918821238024968401e-02
5.009115378825539783e-02
9.865731411641627882e-03
1.209173968586538597e-02
1.185230192937546979e-02
9.273687441965659459e-03
1.018052414519661844e-02
9.744348987967475090e-03
1.076314812240650176e-02
1.040590947935635981e-02
1.005501615422823083e-02
1.086589453407450605e-02
1.026612800974183691e-02
9.458588282196445443e-03
1.056283794392128515e-02
1.099173202751731887e-02
2.028351551436927414e-01
1.934365159477192675e-01
1.026107617606347375e-02
1.376607888070639218e-01
3.431968145570001294e-01
1.116635622624123497e-01
4.056604705886812656e-02
1.059442561829918028e-02
9.893263525803917130e-03
1.015663004292408078e-02
9.608496393997233501e-03
1.064687245767726755e-02
9.764437356462631057e-03
9.750631821056737411e-03
1.108036675509243424e-02
9.470218602363186106e-03
9.270491430485829770e-03
1.154580718906735200e-02
1.104106155230308479e-02
7.858251694003694221e-02
1.670893756354441539e-01
1.058274033037607045e-02
3.354614672839585643e-02
1.907286744109634724e-02
1.134915799359630280e-02
1.491630123735517358e-02
1.103109495608874287e-02
9.247166644355221329e-03
1.446280863601989534e-02
9.993251206860126121e-03
9.795263332465373174e-03
1.032182836072720149e-02
2.443458451616037710e-02
5.406243981035207397e-02
1.126390526393919282e-02
1.245600515371608069e-02
1.452645513620266782e-02
9.840426143508898549e-03
1.039324376911213849e-02
1.120714043036799036e-02
1.275697888053333590e-02
1.135663823641696116e-02
1.200518082228625889e-02
1.207837843805279095e-02
1.923188530778678629e-01
1.834374253647982622e-01
9.621529980617401709e-03
1.318358244304477234e-01
3.400957970288025489e-01
1.069394498705966423e-01
4.711137556259140102e-02
1.196485011905494555e-02
1.809426206778467702e-02
1.264859339938708728e-02
9.967192753813964093e-03
1.004173980836594281e-02
1.071715838478240132e-02
1.045213184570730446e-02
9.982520512368059373e-03
9.791429151604967226e-03
1.010094853763405728e-02
1.001268624797978582e-02
1.003596967415957067e-02
1.386581789505392757e-02
1.103960918180995655e-02
1.062223168883982653e-02
1.078494487107587232e-02
9.913998929963694848e-03
1.035239261496598111e-02
9.729493581534826019e-03
1.030218943541674412e-02
9.769280594114764307e-03
1.010529911336799196e-02
9.540578726971036400e-03
9.991472872571613428e-03
1.193036983971694498e-02
1.109449121547478705e-02
1.209619491319483160e-02
1.103336907214394480e-02
1.023464748631841038e-02
1.142087647888283958e-02
1.019188301382327813e-02
1.080034884729420483e-02
9.896069955250762565e-03
1.041118465090534219e-02
7.038904353890967913e-02
1.817782758939517629e-01
1.183299654963041424e-02
3.852065798167991079e-02
1.737087534068594563e-02
1.087249039951135830e-02
1.025830919905056961e-02
1.222365482793853417e-02
1.032934735783917063e-02
1.128745282029926938e-02
1.002244172784356666e-02
1.125081293473617280e-02
1.067192870842815187e-02
1.119645287179166747e-02
9.991654005262824018e-03
1.057431447039335753e-02
1.022191498846410779e-02
1.155390852350992627e-02
1.095417319989132159e-02
2.119340120119505566e-01
1.868930153264844740e-01
1.018495033383266454e-02
1.291669400851551408e-01
3.480922254338382760e-01
1.069966038000866732e-01
4.115355182406395251e-02
1.193722597972883721e-02
1.848610417673645853e-02
9.758831020916848911e-03
9.869799502705710673e-03
1.112166048095040993e-02
1.046072058309663322e-02
1.045023859668352088e-02
9.242377963310679026e-03
1.175232622828715177e-02
9.797731203634125682e-03
9.952184997777106801e-03
1.312440677436626894e-02
8.732436050485797852e-02
1.578919963306063823e-01
9.886014116535701488e-03
2.965410554329915571e-02
2.267317348368561719e-02
9.419828773299897956e-03
1.170217569030162358e-02
1.076142304936607806e-02
9.435599736522470860e-03
1.029827444713746210e-02
1.007609390772052846e-02
9.942696302334505520e-03
9.426737257088223243e-03
8.723176884805911718e-03
2.574279476238038045e-02
6.187341032798712032e-02
1.125165221742741375e-02
1.305330221378986355e-02
1.105246729338483190e-02
1.069225449681539958e-02
1.043826486158582617e-02
1.116754725591256187e-02
1.083970908972171562e-02
9.241583712811725707e-03
1.029592853510636653e-02
9.691262117564115527e-03
1.074164162541306998e-02
1.192497161639746207e-02
1.042246582859298644e-02
9.946144161962308661e-03
1.947081013373439806e-01
1.814135389372707463e-01
1.035838018706225147e-02
1.342198623802652868e-01
2.980735371967000447e-01
1.188102688676923313e-01
3.816201922443100691e-02
1.118755101719109274e-02
1.074481713075730455e-02
2.412569851917659852e-02
1.080881936113086209e-02
1.143387448477375425e-02
1.056764784904719832e-02
1.043604748329880934e-02
9.858348871193810953e-03
9.993686483091276940e-03
1.016250734459417555e-02
1.026600355140783183e-02
9.097426527085948275e-03
9.966298721616018846e-03
8.308688068984076969e-03
9.499433411233819402e-03
9.048192017299547252e-03
1.042726436374763303e-02
7.085374477847963814e-02
1.692879558139338825e-01
1.043124150816811431e-02
3.620517474900440680e-02
1.939779229198088095e-02
1.004947311317794072e-02
1.250955123440926527e-02
1.313395324765757530e-02
9.899491526501064814e-03
9.964181744840639593e-03
9.820001854276201939e-03
1.014211161323400404e-02
1.097424764070492435e-02
1.019661641635109806e-02
9.849974884512311540e-03
2.017182791483329574e-02
7.363671077145578225e-02
1.046393774615590397e-02
1.627897928803549374e-02
1.092658403243092213e-02
1.170587283080240688e-02
1.073138663251517813e-02
1.036985615075845801e-02
1.036227933231127600e-02
1.087020209099911518e-02
1.056788895088876801e-02
1.052927081013134772e-02
9.273067909399961006e-03
1.048023295875062828e-02
9.837389321715399315e-03
1.183830349183147973e-02
1.207073236002079511e-02
1.019696622159362367e-02
9.547334204463010093e-03
1.994874433388997004e-01
1.869962326775566341e-01
1.004459918123343579e-02
1.383991640303868786e-01
3.189159905967406394e-01
1.187293340677305770e-01
3.489239688139169487e-02
1.104259487027428946e-02
9.744708082250115935e-03
1.084765573760345173e-02
1.140908594938395103e-02
1.068550402047674895e-02
1.032265876608293512e-02
9.962354937251467063e-03
9.736193370973415806e-03
1.065134629326499119e-02
1.045019718009027564e-02
1.092146644275602922e-02
9.555656073135087442e-03
8.124442284973040773e-02
1.655126087658297940e-01
1.055222565816039612e-02
3.233974291033723386e-02
2.076570126854431278e-02
1.082527238429465202e-02
1.097702893380207365e-02
1.288670421866653509e-02
1.409355079258422377e-02
1.013892486681383827e-02
1.262587110075949655e-02
1.332655549334927671e-02
1.414447283557273422e-02
1.138354659410711726e-02
1.107946728274130863e-02
1.053523641780201685e-02
1.302538685300802870e-02
8.911080225180221734e-03
1.205553685731130913e-02
1.146349625658141420e-02
1.213966363339161192e-02
1.037885133098511749e-02
2.044959684619116758e-01
1.790681029926885215e-01
1.249975779502848425e-02
1.381235260296608813e-01
3.016641441321966099e-01
1.186405850159514969e-01
3.588784472357305078e-02
1.441531997009051942e-02
1.185481098897930505e-02
2.952325449230572621e-02
1.656145278987872921e-02
1.143376367456062220e-02
1.328091794320460442e-02
1.041501555285151599e-02
1.299898067570043857e-02
1.615156134209380298e-02
1.523767153543492854e-02
1.311398252032224682e-02
1.128786309758923571e-02
1.059260498177324109e-02
1.729018995181661952e-02
8.070412544587134140e-02
1.667182995583206540e-01
1.110950290982281458e-02
3.293663959872945857e-02
2.349872025571511994e-02
1.126717912222895135e-02
1.189262462632309676e-02
1.279794859974277103e-02
1.155566485629616960e-02
1.136688994731501270e-02
1.178108492374401774e-02
1.098433631613017665e-02
1.109148127641997224e-02
1.082710319832825077e-02
1.253788044504065141e-02
1.184760356176207952e-02
1.165018783746835616e-02
1.283603015547416133e-02
1.243951490708044942e-02
1.092948899998559889e-02
1.120464334606070984e-02
1.082629642461815922e-02
1.193208236583840655e-02
4.455817317577671910e-02
4.960763407672041242e-02
1.175944734991463993e-02
1.267209254950591064e-02
1.368872818892230558e-02
1.072110325301550704e-02
1.127321190880806873e-02
1.092551093652569145e-02
1.104961159094031316e-02
1.128729403376134248e-02
1.013869400275722865e-02
1.038324502914829937e-02
1.089994809303618598e-02
1.062315544226529081e-02
1.218026572640927042e-02
1.978400791543316051e-01
1.898931816375308834e-01
1.075661816123120451e-02
1.351928958784140156e-01
3.045819407149978897e-01
1.408036158892115031e-01
2.459357362368732453e-02
2.090626362873862151e-02
1.048353414038646556e-02
9.740953129044464462e-03
1.019431875952058961e-02
9.641357680880553033e-03
9.177995710927167386e-03
1.000580764234147886e-02
9.652949099489081114e-03
9.349316091959431266e-03
1.028536059340672167e-02
1.029115314092218271e-02
8.082226109278201065e-02
1.647650537688351846e-01
1.064499722716781040e-02
3.315863715340888751e-02
2.013359394012947251e-02
1.029013739118703197e-02
1.173171035216998177e-02
9.604123315753259477e-03
1.044158460507291220e-02
9.982078736851055997e-03
1.022562293628820861e-02
1.076129543719307226e-02
1.108090295024316725e-02
1.054786508639961144e-02
1.017825215292416340e-02
9.780874350392857255e-03
9.859935391367268681e-03
1.049144068279949174e-02
1.961814973552721691e-02
6.687768640415243937e-02
1.076954849033575842e-02
1.400468416376951346e-02
1.266610284657276181e-02
1.128415249747200498e-02
1.200961627875251486e-02
9.301674384404223089e-03
1.155790272879464974e-02
9.860529342688216167e-03
1.008016426176673065e-02
1.091795255528867255e-02
9.750243601624379239e-03
1.121979049051165765e-02
1.076824594869623536e-02
1.046687069806088652e-02
1.146897984909297369e-02
1.044814162940415486e-02
1.198761839087214218e-02
1.086997893526623661e-02
1.965230378733873740e-01
1.877770222962551472e-01
1.037582965808639401e-02
1.378491391744506855e-01
3.215524942121231744e-01
1.250910744521761264e-01
3.395747282429920771e-02
1.527817743746810730e-02
2.986863024894063218e-02
1.010247022172432695e-02
1.130817296756798582e-02
1.035586530850444303e-02
1.078488502271667676e-02
1.156791754982413115e-02
1.037622320920215772e-02
1.038409301898087812e-02
1.163425528012305976e-02
2.723266899658205453e-02
1.492849018168154393e-02
1.293306555407934891e-02
9.707510541680292038e-02
1.608317467035313142e-01
2.155484915784890848e-02
5.135523945051204825e-02
2.099774927985992995e-02
1.296921001230805399e-02
1.410842005425409253e-02
1.191439772719313749e-02
1.394500042996319432e-02
1.740151475662644193e-02
1.199807457206100714e-02
2.085180593552886721e-02
