1.222800356709784070e-01
1.385825497451817212e-01
6.173323047649997147e-02
1.607032042376020931e-01
6.481629927441860672e-02
2.223579881922410351e-01
1.832357380624068111e-01
8.800494797578166384e-02
6.681676578898658458e-02
6.604989155978206739e-02
6.821775772705547525e-02
7.026451791827958981e-02
5.869978329102058801e-02
6.464594188160448229e-02
1.572718055303838069e-01
7.635814859707333591e-02
6.244135148490310983e-02
3.501876141911624413e-02
3.397190790060763271e-02
3.253654797927087866e-02
3.376002127137550657e-02
3.726859534619608033e-02
3.263574916906126361e-02
3.541178441714047664e-02
3.427825134655822226e-02
1.356551879581231919e-02
6.891799213917855493e-02
1.584217741325803092e-02
1.802371291956279473e-02
1.665261895433139266e-02
1.362952829163692481e-02
1.499132017222591477e-02
1.437351252900176402e-02
1.593381667094458110e-02
1.332815743447652440e-02
1.560195622220044917e-02
1.742517059578448935e-01
2.005277180730982711e-01
1.365842748903823081e-02
2.699603303885398931e-01
1.826881474046042342e-01
2.728339766221819784e-02
1.600127013881058255e-02
1.485331616853664653e-02
1.571304492321278987e-02
1.438787774322698026e-02
1.380666804399975113e-02
1.371858244036493896e-02
1.404649129870359781e-02
1.481948135267248216e-02
1.468875199813773902e-02
1.614082497104978378e-02
1.524636222303048412e-02
1.590672898573778152e-02
1.518543731113111174e-02
1.370156912233217415e-02
1.350048272473936516e-02
1.453747623169078518e-02
1.582350737573652577e-02
1.871594372710421589e-02
1.336117172570786861e-02
1.429930744190363243e-02
1.373501550945835543e-02
1.480350276877258169e-02
1.491586714204151155e-02
1.285458125016718245e-02
1.433731000025746834e-02
1.367363945147301134e-02
1.021171396545472315e-01
1.572186356896981274e-01
1.477363995696893452e-02
2.331360702027600665e-02
2.789564330239328871e-02
1.377662358159357017e-02
1.377448573285558996e-02
1.107038638281286624e-02
1.230168051089249211e-02
1.244802689777281188e-02
1.182810728284312655e-02
1.294535130310403050e-02
1.072152416313471718e-01
1.291792938792255332e-02
2.507284623832863740e-02
1.179228511844770781e-02
1.139827341894777274e-02
1.224854289527238342e-02
1.173019829371076302e-02
1.232585765307323868e-02
1.158919647693615676e-02
1.094111605300741516e-02
1.242968898322459326e-02
1.128746918681115818e-02
1.149512840284598950e-02
2.007808390017753741e-01
2.076400450006427312e-01
1.199274067325407922e-02
2.826376634327720239e-01
1.949603242497525701e-01
1.877363194030700136e-02
1.101204485911005254e-02
5.167834929441249281e-02
1.407292015049158539e-02
1.134970177311092100e-02
9.888176532355153273e-03
1.118195454013681811e-02
1.119033411689639330e-02
1.073959223154272169e-02
1.070128594389540416e-02
1.292587162818301279e-02
1.080289383762067859e-02
8.105661631152029367e-02
1.854975943813063632e-01
1.048797459765240907e-02
3.485818797012869147e-02
2.043968322254045844e-02
1.139104962268346066e-02
1.202400557084706487e-02
1.113245174325996900e-02
1.064322747162151431e-02
1.131653652079352493e-02
1.187209021524253914e-02
1.179362172432557067e-02
1.109909617845351512e-02
1.075415478105021250e-02
1.019538840331005863e-02
1.251904745399236643e-02
1.099582938188476376e-02
1.178820811973124195e-02
1.099661929527887862e-02
1.033154645232363389e-02
1.025732514160431624e-02
1.058439193607307698e-02
1.071036260649316230e-02
1.882916486628473107e-01
1.166684415342816687e-02
2.191945370809446347e-01
1.982913708703645528e-01
1.117781047350871471e-02
1.460994750722262869e-01
3.507759577375973437e-01
1.206065721686431225e-01
3.732926842460395495e-02
1.157983479661542185e-02
1.080248659418664783e-02
1.104348729809921659e-02
1.149891071922275014e-02
1.167478110620242572e-02
1.035073776714602427e-02
1.010409795014704029e-02
1.177997206878194508e-02
1.069416768881279421e-02
1.113361717541933547e-02
1.068008662860990034e-02
1.135058438668967024e-02
8.785445325208404710e-02
1.837640558156249659e-01
1.342266907655254027e-02
3.845785526058973641e-02
1.995719084241128621e-02
9.166511612193853353e-03
1.101763707899125477e-02
1.347936982947838674e-02
1.117150973235151584e-02
1.034548351304395188e-02
1.248483603691357031e-02
1.054372474691849838e-02
1.229751445934400972e-02
1.077258901484962582e-02
1.032978643448567192e-02
1.104067611418869249e-02
1.062222245651718577e-02
1.015879607093956791e-02
1.069441214849079988e-02
1.962978951091029489e-02
6.955760405875478780e-02
1.081824281572471569e-02
1.577463589734473537e-02
1.228810492566975894e-02
1.176182546760317325e-02
1.197337548502337180e-02
1.142613388803231066e-02
1.174923520214180873e-02
1.177395818526356594e-02
1.165485223630603751e-02
1.112840429020725205e-02
1.132308902752437313e-02
1.311221236450561996e-02
1.149644552999454922e-02
1.160392253008626223e-02
1.089155579910265799e-02
1.127468487617852046e-02
1.039257689050514244e-02
1.104708567561568482e-02
1.119660029671644061e-02
1.106367345260727240e-02
1.175452914871780337e-02
1.401829967251690644e-02
1.048265893485656429e-02
1.954011986556717650e-01
2.021995350160999960e-01
1.056405889083408649e-02
2.782739982979322568e-01
1.765506415011715013e-01
1.622367607101047118e-02
1.108530374649104380e-02
1.257877599463721671e-02
1.257586174719989465e-02
1.161257863151276583e-02
1.132279350247253000e-02
1.061310134338086346e-02
1.073804272688109671e-02
1.085181907820656835e-02
1.210256486913182175e-02
1.045187084159440727e-02
1.023728791169246054e-02
1.083912534892447418e-02
1.381755226463305536e-02
1.062765727616476683e-02
1.017170459841991448e-02
1.141552234621162100e-02
1.032772218426736104e-02
1.203706917485427783e-02
1.340115975643178282e-02
1.153131888724022273e-02
7.589912558662184616e-02
1.901832599026648252e-01
1.337481326280957894e-02
3.768450466417974654e-02
2.052970329530812502e-02
1.147225465110220284e-02
1.226767212681113307e-02
1.165385334115819072e-02
1.270671344430855838e-02
1.187333584018865525e-02
1.299529115889185016e-02
1.262071467695724536e-02
1.105673061093597614e-02
1.128720685627346808e-02
1.150871290991812082e-02
1.283484459230298073e-02
1.295651817794085496e-02
1.557203781064160804e-02
8.052538998307542939e-02
1.046468246655160063e-02
1.747273998593818281e-02
1.220318850612259372e-02
1.147081533509226522e-02
1.383537747795644639e-02
1.140768556867039450e-02
1.159078914741352648e-02
1.079489056963705944e-02
2.105650796584567636e-02
1.596467704382225836e-02
1.094584010316712597e-02
1.133745665290035280e-02
1.199846821768363672e-02
1.075168626037699068e-02
1.205210753492778029e-02
1.075149613189672199e-02
1.124161640687216558e-02
1.276243486111406852e-02
1.145032137158391757e-02
1.505629045317349868e-02
1.256833014795868432e-02
1.285977649998958430e-02
1.108424766202430016e-02
1.214205068730879813e-02
1.112342711944104903e-02
1.154657295076556844e-02
1.194488947161495215e-02
1.110259319966328505e-02
1.125061990754486901e-02
1.305656598662327354e-02
1.226611824901989445e-02
1.110237767996037628e-02
1.256149403408455059e-02
1.206622015370078377e-02
1.176976401082763246e-02
1.090546983771292257e-02
1.218811888553773468e-02
1.106134444812589129e-02
1.191052398997356418e-02
1.197240533681341937e-02
1.161404887277098404e-02
1.170418699060043165e-02
1.187951681072385753e-02
1.179760671597369741e-02
1.121026587818025298e-02
1.020317557838895835e-02
1.300870526035166792e-02
1.411320546563564829e-02
1.868791259576832800e-02
1.215961001974787993e-02
1.356700390226167272e-02
1.283042091511242370e-02
1.216616653079586295e-02
2.004585401203253237e-01
2.057351901182706833e-01
1.724862914827890795e-02
2.767723482040762017e-01
1.867912951952246936e-01
1.831852398423093956e-02
1.256994821838516505e-02
1.710432774515157836e-02
1.291683813323974209e-02
1.229613629082536991e-02
1.510486997696339380e-02
1.429850902762243650e-02
1.428693071592585656e-02
8.115132972073470230e-02
1.831098425258419204e-01
1.443785921965698611e-02
3.589611816740374828e-02
2.074468126868022136e-02
1.584324817382583989e-02
1.940050243281713285e-02
1.832264612473209417e-02
1.710870012185908978e-02
2.021875338764735769e-02
1.933351962108040972e-02
1.353042903614794581e-02
1.321560977558241916e-02
1.200348804298553493e-02
1.234461925070882288e-02
1.213611743183064945e-02
1.234005891316441658e-02
1.228206456965485853e-02
1.202739379694411047e-02
