1.237992712368590348e-01
1.245760912001771803e-01
8.169959295439849223e-02
7.155511829959194936e-02
5.301532736131839979e-02
5.196798009492296228e-02
5.321660963733209487e-02
5.959806196593416677e-02
5.421773203555674270e-02
5.651882366615988001e-02
5.210261892827222630e-02
5.415416505688167709e-02
5.287098118671331587e-02
4.916946093944836449e-02
1.192208575173835799e-02
1.575411836804863908e-01
9.823802057696312540e-03
4.884679955751256020e-02
8.122720846862661534e-03
6.238480052848992784e-03
6.172453157096538523e-03
7.125833589479603838e-03
6.444363162119859031e-03
5.479176240131842027e-03
6.651544133880282414e-03
7.747380322338523820e-03
4.957659142481865393e-03
5.179475744572655492e-03
8.457687422532216004e-03
6.980648870300434905e-03
7.172045671724656957e-03
5.197346252998724658e-03
5.112335864743228382e-03
6.001956665950212641e-03
6.097293354542167483e-03
6.173425631456347026e-03
5.681064091238241347e-03
6.071429822156529203e-03
6.535112866871105319e-03
7.882797464361440340e-03
7.050639657204997579e-02
6.787692753947385110e-03
2.418295684575934995e-02
2.242885433286429756e-03
2.321785225785995190e-03
2.517543995408266354e-03
3.639493120980551253e-03
2.514543285734084123e-03
2.986283046206234318e-03
3.265766280084255076e-03
2.780043454845812327e-03
2.200631770884255503e-03
2.237785400109840173e-03
2.147325169637799309e-03
2.883623677369352104e-03
5.670286327423569583e-02
1.218825657117556943e-01
2.848035773849098146e-03
2.316178762041279718e-02
9.724498198343468208e-03
2.503655264450470232e-03
3.670949166147665244e-03
2.860145530391920623e-03
2.638983061569595470e-03
2.669311555820532561e-03
2.735754156440949134e-03
2.381161103225168992e-03
2.756263527420471128e-03
2.882832231618189141e-03
2.664205303335802008e-03
2.227058795374750946e-03
2.302470935094778556e-03
2.329566059984240160e-03
2.846131053395175008e-03
2.002721909927070165e-03
3.145124844036775377e-03
2.453235937186676145e-03
2.484382597062054134e-03
2.364143291577147383e-03
2.105857040732870677e-03
2.184543066607130997e-03
2.441548003400100062e-03
2.580424569841312590e-03
2.524087708918615162e-03
2.882853513214269584e-03
1.252598919796999929e-02
2.376975332475254887e-02
2.517104678597003719e-03
4.787301085522779713e-03
3.328266485382195671e-03
2.375482600472365782e-03
2.557985713590595501e-03
2.631856958648219093e-03
3.031581058809271027e-03
2.491251456509406981e-03
2.244659174860713560e-03
2.905597251274831452e-03
2.671004902424740229e-03
2.426959143850807368e-03
2.769829722388155065e-03
2.668773834534102999e-03
2.205556205063134018e-03
2.302834667437806109e-03
2.576544350138582681e-03
2.816652147369050688e-02
1.059505181247054756e-01
2.392481501162997074e-03
7.808846011445502895e-03
4.916195787566812921e-03
2.389416915323066149e-03
2.688926711679246254e-03
3.576815587321474990e-03
2.864349212829806271e-03
2.204862502704506635e-03
2.108306957240925743e-03
2.855538774971061629e-03
2.174037344482532535e-03
2.433451880691243126e-03
2.405949619197210974e-03
2.319531019123856255e-03
2.297175131465674109e-03
2.223815256646248170e-03
2.548755801156046656e-03
2.604931851003793909e-03
2.511504738264660249e-03
2.539794622606960078e-03
2.873223656243206314e-03
2.640816408679747419e-03
2.618072432798423770e-03
2.283407349226858254e-03
2.901656625629233169e-03
2.352323112128885518e-03
2.573514210509140338e-03
2.351195586239355605e-03
2.808829687505893027e-03
2.140478829945774777e-03
2.488175754318745509e-03
1.710625612002940679e-02
4.628127514382157637e-02
3.010610314389856965e-03
1.071643615434347135e-02
3.105225739561794703e-03
2.370658483361681289e-03
1.963143012843573520e-03
2.586573689425534887e-03
2.505666190598048338e-03
2.118814958929328852e-03
1.860617304830694714e-03
2.768920644527894832e-03
2.732607396102648689e-03
2.502302695372260726e-03
5.288685012189715817e-02
1.456258395863704591e-01
2.134401155572620504e-03
2.407937780933535471e-02
9.831521726130434610e-03
2.512040600707209775e-03
3.721356857648994675e-03
2.024672996112282866e-03
1.960348298361641595e-03
2.079134529045137837e-03
1.788926786889613509e-03
1.829190784618023183e-03
1.956980406275036274e-03
2.259213233979623370e-03
2.354142621015249681e-03
4.887289540194164096e-03
1.938483457406803582e-03
1.992555631285670027e-03
3.626171869223327945e-03
1.334720620493493881e-01
2.280675919781426607e-03
2.579365179469242375e-02
6.601229462758907707e-02
3.252171766358080175e-03
1.140034078907563656e-02
5.522983824141521059e-03
3.066613900844789541e-03
2.487037615463667545e-03
2.722804532820899057e-03
3.001500109872525402e-03
2.273571967056279078e-03
1.916135737346634504e-03
2.268458981716804743e-03
2.881420751341471666e-03
2.092928519946671197e-03
1.918238404834138062e-03
2.511960979511114293e-03
1.676251777962971734e-03
1.936787852242908116e-03
6.496701967996057481e-02
1.713271654074345896e-01
2.030936002238057942e-03
2.918935605387900506e-02
1.350881998711460710e-02
1.875060904170624231e-03
3.658439261768163444e-03
2.188622878180879021e-03
1.996181546530013170e-03
1.687692868377070306e-03
1.963836614941461521e-03
2.150726446221214432e-03
2.050929366664168592e-03
2.215326725407587398e-03
9.291366643761730243e-03
3.934224395215897389e-03
2.169236532022484829e-03
2.334568258114890979e-03
3.135773736613185932e-03
1.980748389739813396e-03
2.486188302213200932e-03
2.291506581911637377e-03
2.251088597173280925e-03
2.685723619316297481e-02
4.785506928591058695e-02
2.643873993075643563e-03
8.574808913720354323e-03
5.654135245969593021e-03
2.031861928057042931e-03
3.292573228685917886e-03
2.451488165799744958e-03
2.142378353731116784e-03
2.562758953353005530e-03
2.110873866134166214e-03
3.696265831709942898e-03
2.225938774635737721e-03
2.094350830266340953e-03
2.051078899664686948e-03
2.240030231581514441e-03
2.075081320786856167e-03
2.385922351767276288e-03
6.271290520697403448e-02
1.528399725207172100e-01
2.269953892015552470e-03
3.096179738326893666e-02
8.973767910012331664e-03
1.751656802157029692e-03
2.011342359537550070e-03
2.163890235024784701e-03
2.226616697274667531e-03
2.476520194132851571e-03
2.097380238602834790e-03
2.353047344784668302e-03
2.161602621924140107e-03
2.261881373433451570e-03
2.461694558805208218e-03
3.545578253963838425e-03
2.581418582989596089e-03
2.011895310948452840e-03
1.803402573872884282e-03
2.093716292103714720e-03
1.922584350194284780e-03
2.709949978980866116e-03
2.305069262468325154e-03
2.265765808894501607e-03
2.668946725947858849e-03
2.174901880253456415e-03
2.378612820319041862e-03
2.776859194869053631e-03
1.676718586241168676e-03
2.708314896284868059e-02
5.507442644050767472e-02
2.851134730332955097e-03
1.069854216034813073e-02
4.923170845133362748e-03
2.036040208496284285e-03
2.535918054933131681e-03
2.387133999707265371e-03
2.350794923274893838e-03
1.868603966017593756e-03
1.562983700249520906e-03
1.625510169178976533e-03
2.511975323453799393e-03
2.364702701578097043e-03
2.439028465697124295e-03
1.892846843077616512e-03
1.981934358113743386e-03
2.196209616036471149e-03
2.870145510409126150e-03
7.043248679788227662e-02
1.383591829956199726e-01
1.826917322766142540e-03
2.534671577492867214e-02
1.153801800676391119e-02
2.216625881055885212e-03
3.474059128592611213e-03
1.992528913284573756e-03
2.335252292823430768e-03
2.194109834284850048e-03
2.324402168816244989e-03
1.989712211186054572e-03
2.434691525654035169e-03
1.763060029910128298e-03
2.582110758411531367e-03
1.838215675494296814e-03
2.602103159003445101e-03
2.521189436242150545e-03
2.029311164807983021e-03
2.375432891203154914e-03
3.171503882460937219e-03
2.294307710205057294e-03
1.421766033250070104e-03
2.078619988889099813e-03
2.056531813546907689e-03
5.285852472714744690e-03
3.594786637079506759e-03
4.486402982734396042e-03
2.536727053640891547e-03
2.181132641666601486e-03
2.440132905995161944e-03
2.186618904662536271e-03
1.318403098354320284e-02
3.524677273112280379e-02
2.445916874881789646e-03
7.150151799413679773e-03
3.983851174867356765e-03
2.145918873251679865e-03
2.819183032974928189e-03
2.949495666091038557e-03
2.364701331997164004e-03
1.129511231366636930e-03
2.013170581462702963e-03
2.105419632932237304e-03
2.759346041607086894e-03
1.943557848981628542e-03
2.205914715616961747e-03
2.896595979614814687e-02
1.281932075346433331e-01
4.343038448829367355e-03
1.489441536319412868e-02
6.388363689922843883e-03
2.657631296404943701e-03
2.889618813298433855e-03
2.762230628674356564e-03
3.878617353935587004e-03
1.928122977888106857e-03
2.256277704887413305e-03
2.305779233083303081e-03
2.331117269088530276e-03
2.331110812871180476e-03
