2.170120059749271746e-01
2.570021444562863855e-01
1.816425538435496589e-01
1.791067953852817640e-01
1.648697964297328733e-01
1.792620037141552658e-01
1.736801610411483343e-01
1.791312114962230473e-01
1.767851054918964382e-01
1.736037519649754890e-01
1.748746373581851477e-01
1.793479526664813195e-01
1.724429299745159072e-01
1.522226786629471140e-01
1.610343822651177648e-01
1.635640903880755670e-01
1.539346478708749077e-01
1.584221220701926003e-01
1.529592484784596251e-01
1.580431126812898712e-01
1.589833197540856669e-01
1.479720750710284971e-01
1.510414972685919233e-01
1.557870694491032548e-01
1.583674235131520003e-01
1.500776550364988915e-01
1.566412939895915069e-01
1.521190647125311435e-01
1.617310900063599344e-01
1.623363737406117169e-01
1.519689691883960025e-01
1.550489597420696419e-01
1.396692004406643595e-01
1.523522177572631531e-01
1.583338328945793905e-01
1.586065235564195486e-01
1.584042803590240411e-01
1.584428863616205718e-01
1.568876093312932818e-01
1.558198775252050139e-01
1.206268676654884686e-01
1.484976982610807239e-01
1.223049685994832131e-01
2.507411772279307116e-01
1.139175713772031945e-01
1.389295025368139647e-01
1.517488842400203097e-01
1.174025001056458184e-01
1.353038516681463743e-01
1.172222282885071742e-01
1.127858310538481096e-01
1.068703370612132941e-01
1.149051746770511501e-01
1.006672379898052583e-01
1.057480743151591740e-01
1.141691458468711701e-01
1.325514390541626952e-01
1.580970358382988994e-01
1.099660390592384351e-01
1.236120005928690868e-01
1.143614669721048360e-01
1.039613105357310163e-01
1.081421206075427327e-01
1.084818024065015152e-01
1.081735531385992349e-01
1.108965529195215377e-01
1.125638329295194640e-01
1.097764649112014934e-01
1.063567448169591423e-01
1.078121248417392708e-01
1.107976494383835220e-01
1.071261262303929013e-01
1.111723595858178232e-01
1.089368302894129364e-01
1.072208456044709407e-01
1.060239909105173683e-01
1.138666881172040873e-01
9.925601234161371411e-02
1.155212085530557126e-01
1.077770294602737322e-01
1.079610013219752529e-01
1.073523057188752738e-01
1.075741681020628560e-01
1.074888466530689451e-01
1.092714302043865243e-01
1.098422432172769803e-01
1.108814474941531847e-01
2.320950468095965280e-01
2.020303562177482026e-01
1.092574654138622897e-01
1.104892904402700188e-01
1.514532203779130337e-01
1.705362793749450601e-01
1.276489934906589463e-01
1.330233596479388769e-01
1.136664222659291429e-01
1.134584538023285377e-01
1.070588391292768699e-01
1.104158507043025983e-01
1.110539649364735149e-01
1.117683446070724951e-01
1.106359404619775694e-01
1.101596065191820795e-01
1.114855061936070452e-01
1.107060559980086178e-01
1.379613390003727180e-01
1.593792654354387606e-01
1.080327081727321947e-01
1.195775049406407331e-01
1.149188094469373311e-01
1.104331701313314568e-01
1.100835347091467104e-01
1.089620583706694540e-01
1.092970774887343233e-01
1.101916257366619550e-01
1.109115544604415138e-01
1.097109791862500988e-01
1.108487911546190141e-01
1.099046117197276934e-01
1.068999130413322146e-01
1.022312371761550376e-01
1.053314237036833551e-01
1.083245389078175136e-01
1.101414651207834883e-01
1.106240444383536220e-01
1.103355699165917830e-01
1.087559463301976531e-01
9.810916810642968111e-02
1.084697724896683813e-01
1.105133631016387979e-01
1.149395434188567461e-01
1.095319329276693565e-01
1.012211217882092729e-01
1.084940534425433284e-01
1.090975559303434539e-01
1.101085016355847490e-01
1.078068222946882843e-01
1.114658046564782484e-01
1.127667881136255323e-01
1.091946847470219029e-01
1.532862574362057750e-01
1.594504221768345553e-01
1.047042956860040064e-01
3.686632351419944637e-02
2.416447791898607700e-01
1.351859486130448096e-01
5.224869284490534643e-02
7.523652350390892807e-02
3.477497786894412357e-02
3.380397998127785547e-02
3.436369381950220986e-02
3.268653752196347406e-02
8.193887621095136131e-02
1.489826727474114210e-01
3.272069833600650679e-02
4.962034961058259946e-02
4.359981181045090998e-02
3.312391796165168462e-02
3.297668228248653438e-02
3.331832813115650355e-02
3.271494704363926698e-02
3.431017467868298365e-02
3.510865410652026786e-02
3.567878559492628637e-02
3.582128925899072391e-02
3.850817748894651976e-02
3.213206041291337411e-02
3.289356705902057865e-02
3.043803577025581963e-02
3.409577208888541627e-02
3.279067614638465911e-02
1.499829380512158195e-01
3.295880759076432603e-02
1.560250444350896049e-01
1.677139391220047460e-01
3.247653442061045059e-02
2.033387672494768594e-01
1.555150568092353580e-01
4.487099955135501889e-02
3.362737738152681705e-02
3.442398381196499352e-02
3.638144422173360953e-02
3.231355974988004559e-02
3.494806633708895383e-02
3.128226949163432496e-02
3.106879787384198705e-02
3.338393933247030959e-02
3.434736704525918199e-02
3.416631416791938297e-02
3.584106050100443336e-02
3.356910417787380835e-02
3.469216819057261564e-02
8.227126689121083691e-02
1.472441290225046107e-01
3.385418331505567202e-02
5.166645614175006257e-02
4.258620142869078140e-02
3.629766915658496490e-02
3.415914014681680627e-02
3.298324316433742798e-02
3.350454469124884010e-02
3.368027703487172508e-02
3.618697096612401298e-02
3.430188710962408377e-02
3.400154602679301974e-02
3.594181047266889473e-02
1.051052140951339725e-01
2.215522595437714390e-02
1.847044695426084890e-02
2.008841552703252015e-02
2.295121025241518564e-02
1.892615998535046237e-02
1.762632192521100538e-02
1.972549437926712432e-02
1.985830052876097832e-02
1.845215726161839043e-02
1.746205266957763513e-02
1.797783913923720056e-02
2.052097270052616051e-01
1.826351611695970767e-01
1.914360059808719455e-02
1.201046531342656598e-01
3.398004046224480934e-01
1.001966190209724189e-01
6.254044965515098697e-02
1.595711065806173709e-02
2.298773000170853745e-02
1.645532796119868538e-02
1.615827487808033786e-02
1.637560876082604089e-02
1.566341906396069225e-02
1.709774032931598783e-02
1.826636258818922429e-02
1.761453521894094931e-02
1.794798830796598410e-02
1.986743725172479200e-02
1.760908292669248476e-02
1.818674514272231035e-02
1.747678075170437662e-02
1.888528903965288122e-02
1.791489928303080861e-02
6.949203386162917939e-02
1.669868778631854178e-01
1.815835374381044240e-02
4.830999902536410595e-02
2.309230687651972480e-02
1.560275207579669109e-02
1.693221069633110351e-02
1.645465359196209010e-02
1.609950325844591162e-02
1.696970564677049292e-02
1.522117258233580094e-02
1.615267686075549589e-02
1.653184048573818482e-02
1.909555073326714078e-02
1.892157276952978473e-02
2.726412063548552464e-02
6.561299013690199966e-02
1.691198282133221306e-02
2.435826717633092497e-02
1.597188982931194157e-02
1.553829681674191200e-02
1.608191223367709879e-02
1.476600061385131488e-02
1.777803569275551027e-02
1.496081480034953080e-02
1.652647383077166313e-02
1.634168413660143718e-02
1.609498969730933926e-02
1.138684715964039251e-01
1.192019705297068244e-01
1.741436976381129445e-02
8.960053134809897735e-02
1.413794504209780201e-01
3.712713264202047864e-02
4.666870919751556213e-02
1.754005177992334560e-02
1.753751927267132790e-02
2.104693840889059267e-02
2.019703549858422112e-02
1.883232764548856131e-02
1.646485072084026210e-02
1.603905832784430913e-02
1.668168744380960425e-02
1.411276970670233451e-02
1.427235901201853729e-02
1.439096893522204441e-02
1.596189300375723888e-02
1.580818273925270814e-02
1.591681566666950515e-02
1.613605112352536550e-02
1.509519660233389453e-02
3.807017323207510101e-02
8.479214711113985947e-02
1.673067961819563187e-02
2.607473278743771203e-02
2.040928273448028643e-02
1.797593019148605725e-02
1.783565218625269080e-02
1.746905441367374578e-02
1.689525774232808128e-02
1.525721409786741888e-02
1.517923705741908678e-02
1.599310303669836467e-02
1.696995303232282440e-02
1.490581065005598844e-02
1.563507972403874874e-02
1.536996333094360970e-02
1.527480410322932039e-02
1.584401589005028990e-02
3.663239640197167579e-02
4.433128954743631445e-02
1.565917035162185666e-02
1.769997398473196343e-02
1.810588781879847800e-02
1.549460819845899749e-02
1.543938579755341906e-02
1.459174143749655816e-02
1.528357680102073943e-02
1.608842418578258077e-02
1.634639364212642568e-02
1.574923324454427509e-02
1.542473672567927154e-02
1.531627661615982475e-02
1.530258317464957066e-02
1.803946220417611823e-01
1.775149125046456000e-01
1.712491663161910815e-02
2.430523309467855775e-01
1.701729714045829012e-01
2.702576418947990472e-02
1.504347023946457987e-02
6.723931064751502429e-02
2.630703914041957261e-02
1.832235396114383422e-02
1.459765761133993700e-02
1.528972812538738520e-02
1.523401207006299177e-02
1.585778155755161734e-02
1.419926406204043146e-02
1.487651208018391305e-02
1.410433711076930323e-02
1.462581517049062543e-02
1.633629719136651601e-02
1.393937592159932154e-02
7.337653598083541950e-02
1.799259436915611188e-01
1.424388462998003868e-02
4.209593650019753663e-02
2.203601969315142906e-02
1.419230508545792253e-02
1.442271903653369151e-02
1.901548593241499802e-02
1.736207432107120946e-02
2.104723187254727360e-02
1.424836518751780405e-02
1.489184327486372562e-02
1.452974498664208469e-02
1.474071758374849439e-02
1.448768850052769425e-02
1.395872217740562124e-02
6.239324352238867499e-02
1.370117819937702840e-02
1.726121817902279976e-01
1.817037169626471993e-01
1.411668287940866413e-02
2.669487411189465087e-01
1.689288897049392169e-01
2.374987323853015517e-02
1.797299800103062395e-02
1.628249431543041595e-02
1.676606755055741818e-02
1.728449031655724874e-02
1.413225760477890801e-02
1.464167864567141736e-02
1.409324915690787078e-02
1.441502019877644210e-02
1.834903997191941055e-02
1.449328754663580313e-02
1.453420875226641221e-02
1.573385021894253138e-02
1.483712424051491369e-02
1.547524689252578571e-02
1.409707697494567112e-02
1.650112395440795493e-02
1.762435228713584920e-02
1.529096055400662631e-02
7.557651609079119037e-02
1.759042835504736058e-01
1.421575311202601805e-02
4.133172536604676206e-02
2.390387033815313117e-02
1.364805534118612891e-02
1.577548415121163283e-02
1.567162132845822953e-02
1.446066877319109045e-02
1.418276399651041686e-02
1.456533863014894577e-02
1.312102165518202329e-02
1.724662226538340587e-02
1.428958088785741570e-02
1.434392645652236148e-02
2.408627398222214916e-02
8.343505840790198247e-02
1.421473426308941801e-02
2.189276684245925961e-02
1.499891978636076935e-02
1.529602429938842906e-02
1.711558468062070876e-02
1.546761215057586986e-02
1.497794540300977431e-02
1.467611555450359928e-02
1.772306385617319555e-02
1.417478654320410841e-02
1.508875604485395913e-02
1.496806116895635363e-02
1.550928051332925092e-02
1.535771621902473280e-02
1.762887566218326527e-02
1.454002014200770666e-02
1.469146196079385881e-02
1.514295607574956716e-02
1.405569542950250127e-02
1.524166602000263937e-02
1.713109982136616985e-02
1.957078392043376247e-01
1.758367133325660636e-01
1.471642501712899613e-02
1.161133875036064467e-01
2.933432850629689725e-01
1.165713182975930962e-01
4.443899814136757775e-02
5.984975239396780888e-02
1.631921742992889848e-02
1.756220171939540040e-02
1.512191749973300706e-02
1.629511854151499683e-02
1.530411175036336044e-02
1.490645942698768864e-02
1.505432187545917115e-02
1.357224437380162921e-02
1.410382533313002396e-02
1.486755936950896403e-02
1.387902800669345987e-02
1.407720468136615735e-02
1.479393206043659766e-02
1.451972508351638894e-02
1.387250809096076884e-02
1.413321958545008840e-02
1.386300701400509927e-02
7.873593340266032969e-02
1.619644821459945427e-01
1.326488269608998988e-02
4.050724694044127022e-02
2.355112037541565867e-02
1.424447757634824188e-02
1.952122328158575892e-02
1.639548180041563996e-02
1.754010516791856822e-02
1.397744941616476701e-02
1.448900827609397174e-02
1.403846317195112450e-02
1.484861071983111305e-02
1.372404948259843549e-02
1.425948665394389213e-02
1.479162537257411834e-02
1.464191589821703214e-02
1.421749138460885742e-02
1.369014777938939477e-02
1.389600452709116064e-02
1.435572635787862872e-02
1.453194125738504171e-02
1.336749089434525681e-02
1.386537195953502742e-02
1.351625422614772393e-02
1.586959710371976112e-02
1.511203972403073019e-02
1.545221285901643253e-02
1.429859911370005496e-02
1.453527868583120129e-02
1.485605623438838487e-02
1.906404775811527605e-02
1.898563909710940939e-02
1.543304178069038017e-02
1.616162859229282323e-02
1.650015508500493611e-02
1.481698000746974400e-02
1.426701628383553536e-02
1.682011574312453420e-02
1.320007607215565454e-02
1.493187653107388643e-02
1.574518519057014482e-02
1.504474509354739899e-02
1.426529779978871933e-02
1.641666066832200843e-02
1.604939618306490401e-02
1.449516478153969369e-02
1.509500217469960520e-02
1.605119661853040419e-02
1.682119896439569079e-02
3.548469624637706765e-02
5.113439260002738962e-02
1.794892858092554319e-02
1.889939242981735976e-02
1.676481350680901483e-02
2.029430158764649814e-02
1.797788782628843493e-02
1.735852313462403484e-02
1.550185701075551536e-02
1.858500417632141105e-02
1.707650122465342174e-02
1.763429885960507426e-02
1.620137330691486660e-02
1.448772423827487076e-02
1.520242630897742850e-02
1.327541247193428017e-02
1.086645516218315011e-01
1.257604842756114283e-01
1.630046586557149652e-02
9.524785025906061520e-02
1.174226892855753934e-01
3.005588119892351959e-02
4.716726555685540889e-02
1.596796528399076556e-02
1.600746166827922076e-02
1.660957549766150024e-02
1.535763687747111576e-02
1.624128396224378684e-02
1.578388225743813933e-02
1.507366832627483021e-02
1.517515525634216891e-02
1.543751394824488359e-02
4.047511773008431041e-02
8.285895335279316876e-02
1.532685587421242154e-02
2.122869469852177796e-02
1.772048999095556313e-02
1.575996933175635717e-02
1.654019954636522238e-02
1.493183336568202658e-02
1.583459043738246613e-02
2.074883783905712153e-02
1.487083061446970757e-02
1.649661434350559869e-02
1.480296870059840883e-02
1.831617770528551001e-02
1.639265248357500357e-02
1.553477170422723312e-02
4.619928322067892723e-02
3.499979113827298566e-02
1.563287908493660866e-02
1.549040579432657896e-02
1.896480417946439304e-02
1.443133894965425990e-02
1.563784815113437171e-02
1.410188374202592763e-02
1.451146073032395789e-02
1.441312869427241461e-02
1.465283270562501086e-02
1.463797981660533605e-02
1.395204015765221482e-02
1.568749933792944196e-02
1.827938163900941215e-01
1.791692910429673047e-01
1.522411513463518655e-02
2.699029072910213989e-01
1.712681259970074144e-01
2.191989070033269205e-02
1.427587937161714504e-02
1.573268022776858413e-02
1.564994227013002948e-02
1.622048949042373053e-02
1.559026211753604570e-02
1.569566393755797429e-02
1.655021605925751510e-02
1.495006828994419924e-02
1.733916563476112227e-02
1.577861502684562919e-02
7.730239472242123044e-02
1.676397513167139919e-01
1.590346171622430971e-02
4.477411913339823801e-02
2.946069678131678360e-02
1.588053453076996094e-02
1.653676977564146749e-02
2.147299743744921635e-02
1.946402143445388755e-02
1.918721299015141782e-02
1.381945317485951293e-02
1.745175249713085130e-02
1.382796159562601872e-02
1.610258091649896181e-02
1.400830147017114065e-02
1.566019330583739641e-02
1.869043079696504350e-02
1.815437615044949299e-02
1.581649542303387515e-02
1.655940454762139524e-01
1.795454487023960821e-01
1.645283110380631880e-02
2.864175635557543731e-01
1.686538126396239234e-01
1.618314862697804030e-02
1.475262922295681595e-02
1.347397525866312132e-02
1.537765318155681453e-02
1.416929367411307733e-02
1.497488414430075965e-02
1.465845233129906174e-02
1.678991687735396574e-02
1.511261725894809220e-02
7.425488069317058570e-02
1.830021693260222293e-01
1.518833472925460587e-02
4.326261957486277759e-02
2.223671496728512123e-02
1.527809098739858935e-02
1.465298557977652398e-02
1.405858099730142308e-02
1.406384364066382876e-02
1.540807324382957762e-02
1.482977889060535688e-02
1.439148725332985157e-02
1.502321704801569922e-02
1.364924910958111026e-02
1.486747791139364332e-02
1.385308260057213463e-02
1.777358320175322776e-02
1.862544118317046790e-02
2.356703865316631119e-02
7.986958453616646580e-02
1.547363758866908412e-02
2.322461182054381609e-02
1.651106194012231382e-02
1.490777727278031622e-02
1.564730055704545084e-02
1.654666982869502923e-02
1.374533588830121299e-02
1.558858723174411272e-02
1.496870528129521510e-02
1.394538397690539035e-02
1.500876757338171635e-02
1.531215396519114251e-02
1.482605129314869437e-02
1.955642450794141118e-01
1.844132489152974508e-01
1.386553514264534173e-02
1.216599874667222136e-01
3.266298336323359419e-01
1.175642675461701231e-01
4.720489915298759637e-02
1.540038244584534741e-02
2.082373700059167790e-02
1.366704714417821612e-02
1.368551781586628199e-02
1.464882608532730446e-02
1.369119027837532865e-02
1.336412674307852280e-02
1.431729760719665026e-02
1.331915685847094404e-02
1.391212123256492517e-02
1.453362992637338875e-02
1.383399467661881183e-02
7.924657801271631219e-02
1.601081182567730687e-01
1.454677584086335948e-02
4.272088262429826755e-02
2.558042767846043647e-02
1.722315151859734814e-02
1.763988547777702726e-02
1.674462621768936163e-02
1.552306577562148800e-02
1.716750944450102720e-02
1.663478761103400622e-02
1.615643131680758599e-02
1.459699711755703226e-02
1.416827590984890556e-02
1.741634379035633673e-02
1.744360685700163324e-02
1.706390216897360132e-02
1.613360908824606338e-02
1.469124736402830679e-02
1.445441492319323243e-02
1.390843924007447233e-02
1.403952257187888845e-02
1.503647451153939003e-02
1.391942277554687399e-02
1.577119349226750039e-02
3.307421814983374508e-02
5.334772698728684065e-02
1.729424725398562984e-02
2.022298352694270815e-02
1.801659163323961199e-02
1.469476082610962457e-02
1.403539790851495404e-02
1.496766010015776645e-02
1.588406487801049399e-02
1.687813361188723535e-02
1.585925026229740784e-02
1.436962589154505872e-02
1.479473294107416445e-02
1.902198393188308037e-02
1.661956298990303199e-02
1.497365867786521441e-02
1.666153200362717121e-02
1.084303821885032604e-01
1.515825536309229338e-01
1.396182639506323223e-02
1.037139338022373680e-01
1.093419733647797570e-01
2.745045682604657644e-02
3.724802960288364773e-02
1.486380758251817577e-02
1.670947801262615690e-02
1.694099420822402918e-02
1.473410806662476917e-02
1.385071462802697946e-02
1.560824918958513691e-02
1.523940183320823469e-02
1.512532355688020816e-02
1.427115670624014808e-02
1.613843725186586350e-02
1.466128676109988531e-02
1.614718361996536275e-02
1.565515240788123083e-02
1.418891601823485567e-02
1.437915714867919227e-02
1.631243277000209504e-02
1.452311899454951892e-02
1.449771791902820621e-02
4.420664404044852280e-02
7.496382142217676570e-02
1.837284034286203530e-02
2.723104163659698790e-02
1.888104185507890817e-02
1.604989092534346573e-02
1.868764652750100688e-02
1.764243952122639819e-02
1.661191298962170354e-02
1.591623098996618885e-02
1.682572915150598591e-02
1.604014835800034872e-02
2.134226102484012080e-02
1.530801377033586333e-02
1.707752458158092249e-02
4.348122238676027651e-02
4.494222148343250678e-02
1.612663811605188208e-02
2.100261446441502658e-02
1.937322635692560746e-02
1.566456286164616407e-02
1.543361946040413060e-02
1.608799910583698020e-02
1.656012789286472400e-02
1.582102977211535463e-02
1.799566685343421957e-02
1.875802546104354124e-02
1.538275881741035800e-02
1.573773492290222314e-02
1.649302419238736495e-02
1.546446927831867171e-02
1.586675403617078192e-02
1.802668090152743652e-01
1.817518512713540424e-01
1.517514382616809258e-02
2.840651968866332866e-01
1.691948241055874769e-01
1.810104388125629432e-02
1.905373826183520691e-02
1.679105096895748550e-02
1.744761443249177868e-02
1.550198219125021280e-02
1.596418577772496308e-02
1.659211179857406418e-02
1.635629418860210307e-02
1.579735693942521668e-02
1.573855995601960989e-02
1.601105482240369748e-02
1.549303212251483715e-02
1.526963848210083873e-02
2.138565717715126824e-02
1.529534259395695130e-02
1.499735923907231060e-02
1.506799655058808224e-02
1.509174509637113172e-02
1.514990552163160246e-02
1.518687625601261582e-02
1.511971127141037950e-02
1.516406419832212402e-02
1.546053391374047591e-02
8.613345106647353477e-02
1.516193180948505748e-01
1.801047377330517937e-02
3.988474679649131605e-02
3.293714875413580184e-02
1.634438049135798418e-02
1.863166256467227791e-02
1.652865735114096915e-02
1.491450846359768274e-02
1.504970395200366622e-02
2.123410259511141623e-02
1.586616402329009759e-02
